1.203554431133555624e+01
1.210451400646980780e+01
1.139971121176603042e+01
1.227460167053138207e+01
1.216453231840372595e+01
1.222831356100113176e+01
1.225611510531942372e+01
1.204452475469814843e+01
1.226052151377469990e+01
1.210083245498544535e+01
1.222989882708913711e+01
1.216128769495275286e+01
1.212477795316047491e+01
1.214654535592868179e+01
1.217199016768019071e+01
1.199887930685387794e+01
1.210658685767175236e+01
1.224657945117377622e+01
1.208279533657480265e+01
1.237769585014772744e+01
1.226182854355749363e+01
1.214178211836905952e+01
1.221894581854841633e+01
1.216208518252242499e+01
1.213441116009854426e+01
1.223068326335500977e+01
1.202668601189963304e+01
1.228476824027625014e+01
1.238437659895810938e+01
1.193682396634872056e+01
1.223283883759563473e+01
1.228045940362890143e+01
1.208115802254276083e+01
1.222087934910525142e+01
1.216739542873664348e+01
1.234886110903172529e+01
1.189927632810335290e+01
1.229150448603044943e+01
1.162296588457431312e+01
1.216783270026506791e+01
1.207040145542962861e+01
1.191959317231771465e+01
1.221392524928761603e+01
1.218392506574748069e+01
1.230309887682912517e+01
1.229729612850395526e+01
1.236307009450195338e+01
1.176062450317032848e+01
1.210879081282039493e+01
1.191064737499921655e+01
1.224111312635050552e+01
1.223045080808501694e+01
1.215327733569031565e+01
1.213369577827540091e+01
1.222777385347790968e+01
1.198307544323897744e+01
1.202739000720469420e+01
1.218067557541938051e+01
1.226051502899608536e+01
1.211714532132288902e+01
1.215370872576388450e+01
1.227573409105447588e+01
1.215256091492140200e+01
1.184138712377879976e+01
1.160867467404693443e+01
1.231257447262988691e+01
1.220535711037463322e+01
1.233119924985935434e+01
1.224585114484121995e+01
1.219233566269724456e+01
1.218854561941607528e+01
1.237330492975679341e+01
1.208092903059581324e+01
1.215554051788129541e+01
1.216334919491662170e+01
1.230742638952328782e+01
1.218102607113942604e+01
1.217149210110381929e+01
1.195302998290595831e+01
1.213786267774738192e+01
1.220968518462053076e+01
1.232628039862410674e+01
1.220940773035911953e+01
1.218532789046657427e+01
1.191929928903050140e+01
1.203299059882321487e+01
1.209520688276441547e+01
1.236268052317724475e+01
1.220682232622562857e+01
1.188039488415339306e+01
1.201957933463348915e+01
1.220397358222427542e+01
1.226041143056770899e+01
1.211049653329424203e+01
1.210533209045189373e+01
1.193928921130807375e+01
1.233310097649945725e+01
1.211147917122548634e+01
1.205549005222596470e+01
1.223960883659077048e+01
