1.699548637429773024e+01
1.729909674146818688e+01
1.641641467735003701e+01
1.634985232555974477e+01
1.656727442414275586e+01
1.662999930978551077e+01
1.690290489136283369e+01
1.700142304965714146e+01
1.632652873431291951e+01
1.660504940200491575e+01
1.683263314519330578e+01
1.707992796945834613e+01
1.647100934793377647e+01
1.663931229426875902e+01
1.658525514932338041e+01
1.689185213011356623e+01
1.645134234727768430e+01
1.679597422626222780e+01
1.614403738884959694e+01
1.656718389930475510e+01
1.595913649775212306e+01
1.643239003539214238e+01
1.714513590339167948e+01
1.631385561377929960e+01
1.646730706021486768e+01
1.682706190058886619e+01
1.653767940553424154e+01
1.625699165684806502e+01
1.679625851372518142e+01
1.615850512823057983e+01
1.619298894533678634e+01
1.606242947546647315e+01
1.639836718693484841e+01
1.664156883229235717e+01
1.639909720328238762e+01
1.645916740796339184e+01
1.627589621876261816e+01
1.633766188976225209e+01
1.689550359770082721e+01
1.678071254047316074e+01
1.624259494444554619e+01
1.673704727321469932e+01
1.635583193966480309e+01
1.641454626520498650e+01
1.669458650292935786e+01
1.695646053199413572e+01
1.689704999640630589e+01
1.637082920343203085e+01
1.705128824596908643e+01
1.633987179875804685e+01
1.691808171655799953e+01
1.658390859528510930e+01
1.696125220831022418e+01
1.654041431789810446e+01
1.686602363053735232e+01
1.625454505073188116e+01
1.654975790099482325e+01
1.669494565478220593e+01
1.617991049466756692e+01
1.622854923847706488e+01
1.656957403269574058e+01
1.657226739407044391e+01
1.680408941610616935e+01
1.653762252988153847e+01
1.671042153915464468e+01
1.636374381050363169e+01
1.614094712841383839e+01
1.658356428817673489e+01
1.680478490483676879e+01
1.690215040333222873e+01
1.655327713162738590e+01
1.670763909214073450e+01
1.678988618699612800e+01
1.712862884067940428e+01
1.654213567050323874e+01
1.671382512403023668e+01
1.625102439369584673e+01
1.676711442724778323e+01
1.669811298640838970e+01
1.646474569103589403e+01
1.693730254457116047e+01
1.625480624031201060e+01
1.659257134755601015e+01
1.623400428907999427e+01
1.695831258827789512e+01
1.653561336868957099e+01
1.661821695918456143e+01
1.685366807695124791e+01
1.671281320995415243e+01
1.651906984675355261e+01
1.657250996679219313e+01
1.625992474761245177e+01
1.682803608799132178e+01
1.643305257187400059e+01
1.673429772900558987e+01
1.670949386685374805e+01
1.701804930137466343e+01
1.690818640352952329e+01
1.667011453329712012e+01
1.651034537391465307e+01
