1.730011195137043956e+01
1.726070089897858395e+01
1.668510776480655977e+01
1.706194313102371041e+01
1.698252534980567674e+01
1.748834981731225824e+01
1.727183865729332268e+01
1.743624153491927231e+01
1.730092756580135926e+01
1.735905702752799229e+01
1.660698569988155882e+01
1.673520060236640461e+01
1.715209825028071222e+01
1.770588305178435817e+01
1.661844114472842904e+01
1.706393903799826717e+01
1.683982707751237839e+01
1.711560748896287265e+01
1.689771344495016692e+01
1.682755634236529119e+01
1.722574693515037936e+01
1.666097800869210488e+01
1.682522223638214598e+01
1.771787088661076481e+01
1.722706895587444365e+01
1.713313226636551434e+01
1.736318141454145447e+01
1.720099509536539628e+01
1.687065258874925888e+01
1.745194722238425200e+01
1.726362099820173768e+01
1.700603644897270783e+01
1.692168797010624104e+01
1.727332798296343697e+01
1.702606553668633538e+01
1.717966467260763253e+01
1.713654887728776899e+01
1.721438957412571469e+01
1.734243145347535631e+01
1.716645295257980308e+01
1.712413856576651838e+01
1.683834138723299034e+01
1.715544092334745585e+01
1.770704067201473464e+01
1.738948650794033668e+01
1.666745751311108492e+01
1.759299210055457152e+01
1.731330422897998034e+01
1.695680347454793235e+01
1.755321224734836960e+01
1.713697778809994432e+01
1.762531045557008014e+01
1.745941546696228031e+01
1.744299419543179397e+01
1.702717600648897189e+01
1.722521313656331898e+01
1.665990194755652354e+01
1.760490237962669369e+01
1.692813934148816202e+01
1.713397561662496926e+01
1.689658225582641649e+01
1.733340372273773511e+01
1.713531433998546660e+01
1.716450154448380516e+01
1.700957951526708101e+01
1.710280129410638139e+01
1.712697517162803607e+01
1.734462285927181213e+01
1.724267054654021081e+01
1.709373895237455088e+01
1.753043069044270652e+01
1.707443148571947944e+01
1.716835241293058445e+01
1.712424151994398969e+01
1.741091426437258249e+01
1.672333575363855118e+01
1.749851165593492297e+01
1.743420567520368536e+01
1.736470788909142371e+01
1.742303383214054335e+01
1.704751668177906865e+01
1.730525990384866120e+01
1.704674475570888248e+01
1.737768115219742882e+01
1.701682909663849230e+01
1.723124815659647169e+01
1.696891780566764396e+01
1.742542308568877729e+01
1.693645408530506202e+01
1.755145961731827953e+01
1.666429954808993585e+01
1.718808704651115704e+01
1.738097368088056882e+01
1.682981326594649829e+01
1.683694476327396927e+01
1.735238257031140563e+01
1.780088431129746240e+01
1.742061202487981930e+01
1.743629481076974486e+01
1.720309806028883770e+01
