1.811074775602023124e+01
1.786671467946769454e+01
1.756710196816252179e+01
1.754154469487919954e+01
1.731362779316086531e+01
1.840114938021001123e+01
1.735565957342616272e+01
1.781074527728391388e+01
1.730938639155831638e+01
1.728997587306096051e+01
1.733084727661391966e+01
1.801763145038051306e+01
1.839492624996390191e+01
1.780618060995700702e+01
1.818429210549934893e+01
1.758219788239864201e+01
1.764509630823441455e+01
1.785438483455764569e+01
1.781881413454987495e+01
1.769736958026033591e+01
1.811457954791190161e+01
1.753227245852640692e+01
1.713922188360695742e+01
1.724350424610614141e+01
1.772134912706814092e+01
1.775458400458921204e+01
1.774176163916921922e+01
1.783035011669289815e+01
1.804000317979680901e+01
1.814422677181957155e+01
1.799098771515348716e+01
1.758403593570055179e+01
1.780382482335455663e+01
1.784587796452019148e+01
1.820807556875563904e+01
1.782267875535120183e+01
1.778384334097152930e+01
1.769143548002481836e+01
1.761786431179100276e+01
1.748487414258784867e+01
1.747901853373190662e+01
1.801793810845255450e+01
1.761141093847237116e+01
1.762733534245596090e+01
1.765655216504342917e+01
1.793556964941426202e+01
1.754120345119395452e+01
1.781655608637590404e+01
1.791150744074438350e+01
1.755792565679828954e+01
1.726167357146441006e+01
1.770527625477368971e+01
1.761510700954114128e+01
1.774798641520223441e+01
1.716109123919670054e+01
1.786008950268528750e+01
1.797948885014505294e+01
1.780197882564221246e+01
1.756237114578160785e+01
1.814348546705515020e+01
1.738994137819829078e+01
1.766649750975588873e+01
1.765300407727149690e+01
1.776558990509881752e+01
1.775341488258706590e+01
1.786393891882894280e+01
1.736519498069394274e+01
1.763083122269269154e+01
1.764883069400156046e+01
1.736630392337943718e+01
1.784555646750758129e+01
1.794825506381570790e+01
1.793730408117334107e+01
1.708816082883411980e+01
1.816810891840160025e+01
1.847258631229103898e+01
1.773829875285136737e+01
1.783513219506089342e+01
1.778940202759687494e+01
1.752203820394152700e+01
1.795665302561481269e+01
1.779044668922179184e+01
1.717761303718705435e+01
1.789981936866868395e+01
1.783883346665206204e+01
1.752957648787889511e+01
1.818460512448937649e+01
1.761582342024007630e+01
1.759016566853119912e+01
1.805255615188804796e+01
1.756718816371355274e+01
1.722996885751748408e+01
1.817364914424963729e+01
1.779682973085954245e+01
1.789037436183993890e+01
1.801612123048651526e+01
1.719919859552541297e+01
1.784056921282487451e+01
1.778172573110276034e+01
1.799671137936674015e+01
