1.636673835660160137e+01
1.627200064846744709e+01
1.632120611322504899e+01
1.627374445749626375e+01
1.622199584317517562e+01
1.601397020658081516e+01
1.592684822626623031e+01
1.620041823577474815e+01
1.578722383041224120e+01
1.628512339451896551e+01
1.643430080927553050e+01
1.635863195616912336e+01
1.614259220997393030e+01
1.639691920914495071e+01
1.628757581060885684e+01
1.617066334104444181e+01
1.637219505894177729e+01
1.636278137404341848e+01
1.663462749242959404e+01
1.607130450607758831e+01
1.621575104223534325e+01
1.635032168681362563e+01
1.622612259296194281e+01
1.622091315367084263e+01
1.611358639473543519e+01
1.611105152520369899e+01
1.654261830267470046e+01
1.585887996843496239e+01
1.643472377411795549e+01
1.633175714011113655e+01
1.586598975250559640e+01
1.662047986910397057e+01
1.643964210007917259e+01
1.622545172173235883e+01
1.625077285539095584e+01
1.597793288245550336e+01
1.628178052393136355e+01
1.686823494840101745e+01
1.652323651448011432e+01
1.607483014142059119e+01
1.610992365103211554e+01
1.650523749126419659e+01
1.676875150444842077e+01
1.655251922678042575e+01
1.621306566680952699e+01
1.645066062578046129e+01
1.631221752301252437e+01
1.619881883791029153e+01
1.601887617503014738e+01
1.660856159420833578e+01
1.675036759672842734e+01
1.594783998476799347e+01
1.624463038505632539e+01
1.607464119258138169e+01
1.658872355948847499e+01
1.612304022391071001e+01
1.614667192017834552e+01
1.650816789398983175e+01
1.603152475533116927e+01
1.655153135135304510e+01
1.624406225041481378e+01
1.610872077230153820e+01
1.640217147418023202e+01
1.609828708578714185e+01
1.629049210882810428e+01
1.603940823050185216e+01
1.605227822701581886e+01
1.642409458900376507e+01
1.617223026846829015e+01
1.608880346522675708e+01
1.596401060910398328e+01
1.646577814150956343e+01
1.625125284255010172e+01
1.640635729075909310e+01
1.571545817679151469e+01
1.613821410309974169e+01
1.614883101530513443e+01
1.579094091435885261e+01
1.618134637192747505e+01
1.618133421860443377e+01
1.600757135615823046e+01
1.623374114709846339e+01
1.622457631749145079e+01
1.648554000621141213e+01
1.631692024140238573e+01
1.618069937006665171e+01
1.629698238336092331e+01
1.632596486190612595e+01
1.617328118365359302e+01
1.607054908143327410e+01
1.628609836369150443e+01
1.662213920895289476e+01
1.639364855435380264e+01
1.594995884216782045e+01
1.629675729394226025e+01
1.625101601674790430e+01
1.627171201561500169e+01
1.626136088672442526e+01
1.677078803902189108e+01
1.583229538864697616e+01
