1.607089018367860689e+01
1.583268716628557193e+01
1.576410230855523409e+01
1.585064695752283193e+01
1.588655464664224048e+01
1.604216285558579713e+01
1.612354290742144869e+01
1.582585979085026118e+01
1.607311498765421831e+01
1.591317075457786245e+01
1.545088394897318196e+01
1.618381038821958384e+01
1.584694450904355989e+01
1.604682027450249038e+01
1.565015932674910992e+01
1.570117560947929825e+01
1.589629142167285103e+01
1.593653256680626917e+01
1.588753671192388417e+01
1.585853090507668739e+01
1.592657925440069455e+01
1.574317393567491941e+01
1.567176018424782136e+01
1.588994816551396383e+01
1.530280052357996645e+01
1.589990131867192602e+01
1.584528583940106827e+01
1.591399454031185634e+01
1.580795178023146264e+01
1.574474852968445582e+01
1.615062487415898573e+01
1.601728300316752041e+01
1.611857528150186170e+01
1.591703717556714892e+01
1.576752810445021069e+01
1.603961524575681707e+01
1.605072841103836723e+01
1.583582814823210505e+01
1.611029757738208801e+01
1.583142434048885328e+01
1.610142688145828416e+01
1.577831852664058765e+01
1.572589611770751716e+01
1.616097979029282072e+01
1.580063013220985368e+01
1.602493629526258445e+01
1.596473459196701938e+01
1.606978772019058610e+01
1.595771387293016730e+01
1.597616015897760988e+01
1.601793468292200373e+01
1.599105375245996719e+01
1.609124286369473111e+01
1.593576611593343273e+01
1.605950908968739910e+01
1.570133148524824307e+01
1.568175520813529111e+01
1.629318934875199076e+01
1.579685459532565339e+01
1.572365757751014748e+01
1.624204030246743358e+01
1.614219632664577375e+01
1.589636340650045021e+01
1.603487190486514535e+01
1.569228401965078135e+01
1.583106637463293076e+01
1.594003376367565927e+01
1.578196360063431136e+01
1.521061963550201490e+01
1.566969398156546589e+01
1.591166929194875834e+01
1.583726166687815073e+01
1.549774921946932160e+01
1.575926262302448144e+01
1.544974613814597930e+01
1.594740969531640928e+01
1.574965813186922503e+01
1.591433459546068185e+01
1.559985655747860278e+01
1.570737411357078095e+01
1.600304856887622051e+01
1.574252704865609864e+01
1.577556567025874301e+01
1.574493617490494657e+01
1.572409965866314607e+01
1.550693142385399348e+01
1.581412123750690135e+01
1.594966625397776561e+01
1.610591870497519906e+01
1.559245746971942026e+01
1.554792781279643599e+01
1.562086632755476323e+01
1.591349417771515284e+01
1.569195714285385357e+01
1.627638969637841981e+01
1.582377558274461293e+01
1.598806625575584661e+01
1.574509380312475670e+01
1.565268547072318306e+01
1.605271339896371785e+01
