1.225861073863109141e+01
1.231473560178075743e+01
1.209497341020119698e+01
1.219956998799959358e+01
1.225453372835627697e+01
1.227520738669276668e+01
1.194841233571273165e+01
1.208144335488803200e+01
1.229539742877886965e+01
1.236735594056269782e+01
1.221294543424689572e+01
1.232019959359716488e+01
1.235832064388899454e+01
1.228742493350904041e+01
1.245635290684901442e+01
1.232874962076385472e+01
1.230741120607351924e+01
1.220280060902089225e+01
1.234128173534611683e+01
1.237686168740330395e+01
1.221513577181690380e+01
1.231250313586605216e+01
1.232701073571766415e+01
1.232531597895142106e+01
1.222371405976743652e+01
1.217097531038793790e+01
1.231516893707200921e+01
1.233160691017468125e+01
1.244804976177701228e+01
1.226957544348785767e+01
1.233821401276229146e+01
1.222291542638387796e+01
1.218228005880706988e+01
1.229067355484714774e+01
1.230483966802034779e+01
1.236647791025042409e+01
1.240342148547083667e+01
1.247092905905013360e+01
1.235151184901388710e+01
1.204135444998941651e+01
1.217703825486822033e+01
1.226964532414414144e+01
1.222924044921618858e+01
1.237990042621267328e+01
1.232467608759876221e+01
1.224612636523618825e+01
1.236783423230844825e+01
1.226009500134025920e+01
1.223371193980595173e+01
1.216587686755271669e+01
1.227644857464556694e+01
1.238355360165950003e+01
1.236057910787561731e+01
1.228480931391946385e+01
1.229608644947807150e+01
1.225844904812132263e+01
1.231505977654937745e+01
1.243158297776907339e+01
1.245333243277083390e+01
1.240299966572131218e+01
1.223481149478067387e+01
1.234947738319811350e+01
1.233095265867818568e+01
1.201607298447893335e+01
1.232014863150632422e+01
1.240271218662925001e+01
1.210224546176402427e+01
1.243905260636363685e+01
1.242360343104264153e+01
1.232923194412589574e+01
1.242076869104797865e+01
1.234476828042645913e+01
1.227843563686155548e+01
1.242399814738238994e+01
1.236608044167309828e+01
1.207692653814020467e+01
1.238031987608805551e+01
1.235278954948211627e+01
1.212886500947718638e+01
1.226452777368218428e+01
1.238640398710147927e+01
1.211902523884318761e+01
1.229970357654448598e+01
1.220869892246314592e+01
1.226022364137361897e+01
1.245985893265264899e+01
1.231297235957371683e+01
1.221717676459019586e+01
1.241078100676143947e+01
1.222138075232173371e+01
1.238853725267874317e+01
1.231861342599480125e+01
1.236334951661897286e+01
1.231317637435456902e+01
1.235563383825826200e+01
1.232358235072260477e+01
1.194729891872515459e+01
1.227244769629221643e+01
1.232017745596117919e+01
1.217908303243635082e+01
