1.230840737190895240e+01
1.231220717788154850e+01
1.234714429241822664e+01
1.237041211082473779e+01
1.251978291762593010e+01
1.233271525449000983e+01
1.227562954140998741e+01
1.237769853359076677e+01
1.234909306809087859e+01
1.230784318504542441e+01
1.232293210707073250e+01
1.247506397963463876e+01
1.251548623949332217e+01
1.254578566799659889e+01
1.240291239825927505e+01
1.252459752431571616e+01
1.255456972420159012e+01
1.245076867780302621e+01
1.230517501587278240e+01
1.239505626331864008e+01
1.279167153096815213e+01
1.243585230001754205e+01
1.263129064687267267e+01
1.236334449792262902e+01
1.251408185513658466e+01
1.240841644959095724e+01
1.249156659069980968e+01
1.255449142925635719e+01
1.240455670422302070e+01
1.235221922800832672e+01
1.239063169338284354e+01
1.266627308671668217e+01
1.240526183611774691e+01
1.249418611606789753e+01
1.240923649722234856e+01
1.251036412851536461e+01
1.244096990464826114e+01
1.248686146947851583e+01
1.241476625928324751e+01
1.244093065960985101e+01
1.237031035252602607e+01
1.248309930159648395e+01
1.229851179695166863e+01
1.232993584819145028e+01
1.229431329705455056e+01
1.246042007772616245e+01
1.251418590035352807e+01
1.252514881434977845e+01
1.253898617431922702e+01
1.233845471806773020e+01
1.252289043767381216e+01
1.230914901728133692e+01
1.247374403739193127e+01
1.261571463430665574e+01
1.246024142967388570e+01
1.227277499677928674e+01
1.236650807927011186e+01
1.223512154161317333e+01
1.245483410230064969e+01
1.241106379617491129e+01
1.236078219088006769e+01
1.230902190968378740e+01
1.239362619939677401e+01
1.224971383203473607e+01
1.269426664455011888e+01
1.241951487073651172e+01
1.243943733842270483e+01
1.235055802948914483e+01
1.238865974520164137e+01
1.244965754251786549e+01
1.227939159236232314e+01
1.236737518104482270e+01
1.246231557974562243e+01
1.229437927065828795e+01
1.237176016447589610e+01
1.243616438521237200e+01
1.274035631870622964e+01
1.234377089186893883e+01
1.242413227568528100e+01
1.240481422511228971e+01
1.241920585856887271e+01
1.245786239144146457e+01
1.245689008338529469e+01
1.247077163034157188e+01
1.226205911630078482e+01
1.229015101656090003e+01
1.251328206879887084e+01
1.241296385510062095e+01
1.249647469060858462e+01
1.254432713560941970e+01
1.229790590080439294e+01
1.243898485546374211e+01
1.251992682891264330e+01
1.240822365826784512e+01
1.272420845486071883e+01
1.236326007837271845e+01
1.236089765692094211e+01
1.250433525747770425e+01
1.230621930871802761e+01
1.256004857719640810e+01
