1.943728284852173971e+01
1.950417507151358265e+01
1.898270046737425432e+01
1.986657448180777408e+01
1.884721476695533937e+01
1.874061247635922456e+01
1.929042558001570740e+01
1.968086281768202639e+01
1.926647663772849484e+01
1.943803481316689030e+01
1.966480398373116856e+01
1.883795770766794320e+01
1.858205210348815584e+01
1.880423755093853444e+01
1.898971539485129512e+01
1.879080734590570145e+01
1.901763547072728144e+01
1.942843656045753065e+01
1.848452189259136702e+01
1.861979053626768987e+01
1.915666947041868795e+01
1.946616140030700493e+01
1.864810786103923945e+01
2.023193644178607542e+01
1.890555428077868783e+01
1.849196531808510713e+01
1.947374882395252271e+01
1.875380218710200708e+01
2.002764427348759924e+01
1.877149072564040466e+01
1.838467968562801502e+01
1.947428757146380107e+01
1.893091035161640079e+01
1.989131454942491217e+01
1.812758650529923088e+01
1.921899794428637875e+01
1.936259197431273904e+01
1.906348605057632639e+01
1.897125126392915817e+01
1.856160506161286605e+01
1.963619739655212371e+01
1.846854516536391699e+01
1.945917757194941444e+01
1.875735210335765757e+01
1.856774355186480818e+01
1.905370828374816483e+01
1.944479243497593401e+01
1.955660435204702807e+01
1.888319414261312446e+01
1.879841375482017796e+01
1.903520197950624393e+01
1.929407838844285550e+01
1.959192877137114053e+01
1.848631143416837119e+01
1.860707381295816631e+01
1.805876612658002855e+01
1.909848665505468901e+01
1.924860785333268964e+01
1.940506009872574467e+01
1.922008654694953123e+01
1.926060872990501949e+01
1.977458255926297070e+01
1.931660243734220472e+01
1.975182367769185632e+01
1.876325511899867138e+01
1.904940103354186220e+01
1.873686916887103493e+01
1.877146091897364144e+01
1.913802348312000845e+01
1.897803695256960310e+01
1.907209929134618420e+01
1.981465306190238351e+01
1.909636102332696339e+01
1.919400683374427530e+01
1.928662810384496495e+01
1.894481939636905210e+01
1.946773109396793089e+01
1.894609332216151643e+01
1.949109767851430419e+01
1.923668974255942032e+01
1.909403392089555140e+01
1.926932729375934272e+01
1.824465362858335737e+01
1.977762571046087103e+01
1.935370217058104814e+01
1.895970813846420455e+01
1.914055823420601854e+01
1.956729425975670367e+01
1.913342577680364087e+01
1.948307702413149656e+01
1.914050105432206195e+01
1.868969586741061661e+01
1.889972393164593356e+01
1.921121261208542919e+01
1.992558485985769323e+01
1.881598722616713459e+01
1.871271049534265174e+01
1.853773383898846916e+01
1.928777099496394243e+01
1.896914119781653341e+01
