5.888275662321045267e-01
5.158089893501168754e-01
5.728867497374708906e-01
5.515115094296370035e-01
5.188421164944333475e-01
4.984582167318991064e-01
5.333713839779929966e-01
4.768044087800190622e-01
4.323582421377104024e-01
5.615024474918838271e-01
6.159400810808109972e-01
7.197305183402932238e-01
9.183293651107335975e-01
5.481971069293600785e-01
5.584191004952639981e-01
5.302405182521346960e-01
5.514246800846338559e-01
4.345111894961212196e-01
5.180872933956132131e-01
4.907634168336764691e-01
4.155612219822130138e-01
5.726286404886922199e-01
4.796588804361944236e-01
1.172543481456007397e+00
5.374478768284249863e-01
5.029147709306203140e-01
5.295849877225253799e-01
4.308092734632698040e-01
5.878425079898131900e-01
5.551870396401324959e-01
6.158367719772022131e-01
4.845571469108848617e-01
6.284153303586741401e-01
4.828446131154980336e-01
4.440575826807280913e-01
4.883122678063647193e-01
4.594942333057009387e-01
5.502306042982889611e-01
5.354898973744625090e-01
4.612127468817541764e-01
4.706582672449112770e-01
5.642126471440352953e-01
5.046721695116982431e-01
5.748616551270712138e-01
5.288294934080424170e-01
4.663619000770651835e-01
5.536392560223595272e-01
4.712583263777537224e-01
5.888097013252397982e-01
4.685413607740767095e-01
4.600501667514116932e-01
4.892310085052526403e-01
4.405848483430904183e-01
4.992051446994298924e-01
4.188594635164530899e-01
5.466452986582933660e-01
5.057373391528162676e-01
4.792927172827792792e-01
4.696027482375048079e-01
4.560871756437280822e-01
4.833476195888113947e-01
4.838579929260897750e-01
6.357302108877938007e-01
5.858106666583567934e-01
6.465070421849629101e-01
6.485846411195382188e+00
5.193197653272767500e-01
5.376172005748757199e-01
4.554351055509028856e-01
5.337384867422473311e-01
4.644949477353024769e-01
5.628707288559529065e-01
5.098233256067046248e-01
4.424411508055722808e-01
5.252369090946348296e-01
4.372553232200986906e-01
5.451280349639028300e-01
4.639655936460501118e-01
4.799678646733334664e-01
4.962490621633408039e-01
4.925913780555369326e-01
5.167938017018424146e-01
4.910925021208112917e-01
3.917937222906635042e-01
5.560155514431210921e-01
6.256568837804906691e-01
5.781371968958869401e-01
5.454096364317138068e-01
5.215632271698759093e-01
6.714644486021640324e-01
4.765813944977472238e-01
4.889699490145478777e-01
5.246925036752794202e-01
9.226583686766895998e-01
4.376828948851020917e-01
4.174390747956270298e-01
5.038490571334424128e-01
4.999281608577599290e-01
5.051846224858168588e-01
4.545085705219984451e-01
