1.279458662782105094e+01
1.016415091229436207e+01
6.116518076398389958e+00
5.772238579148175397e+00
1.958169536955101719e+01
1.618477027411997282e+00
1.126458099054701734e+00
1.297469553293145239e+01
3.346449987705553575e+00
5.816355287378206285e+00
2.089071563049679892e+00
5.870038968533078938e-01
4.049564121229512814e+00
2.727247201414878752e+00
7.561081784459543265e+00
3.492397907487784892e+00
2.659679533474447410e+00
3.453081660957428856e+00
4.810833631726480597e+00
6.111035640706179883e+00
9.907079731504577325e+00
4.059868058185333695e+00
7.952388744992094693e+00
1.462185523708725121e+01
3.069383715572826965e+00
2.503560740150199582e+00
8.464862290563331726e+00
3.241019921922786651e+00
1.623468316971244008e+01
9.803229343307362953e+00
3.827130239757974284e+00
1.169734884505506889e+00
2.494910553832147926e+01
2.714743915978738098e+00
1.630583161588321728e+00
7.330641430485959731e+00
3.892522396075995594e+00
6.330479042102166609e+00
1.434482930647397625e+00
5.948887674116517310e+00
1.172989468304361615e+01
6.971058794373379719e+00
2.155260788853477827e+00
2.001206540098893427e+00
5.954697873657482710e+00
3.869637639316559241e+00
5.545012007142662291e+00
7.707330153409815310e+00
1.979864626406442341e+00
1.916824943279713978e+00
1.619244836168918011e+00
1.103005353676662992e+01
9.706329070786932078e+00
3.850749726420079622e+00
9.979709737697888272e+00
6.500665646528234198e+00
7.640845389784532316e+00
1.732780576873343081e+00
1.983563209699686025e+00
1.905867457214757366e+00
9.976603878267999548e+00
2.147018532776139743e+00
7.832825160044738944e+00
2.139837784087503358e+00
2.504721867614425612e+00
8.727222035613456441e+00
9.377107036905577564e-01
6.491252563822054178e+00
2.951748227680149661e+00
5.631085508659668726e+00
6.145933206801215576e+00
6.759973659089451026e+00
6.306002616506682479e+00
9.853014479934266490e+00
6.134779779109339692e+00
2.340947676511441866e+00
3.359429216585309241e+00
6.824110995209140107e+00
1.225166663521875066e+01
1.320779612753251619e+01
5.768504620176212683e+00
2.810169556324967566e+00
1.173048640634435813e+00
8.015171323777789070e+00
2.460839288901635946e+00
2.048508545457238927e+00
1.101176843751474621e+00
1.143255927300335983e+00
2.935189768926723008e+00
1.027324691163325143e+00
5.489778350014716146e+00
3.991636172372346802e+00
4.949691285472606062e+00
2.971443175968736750e+00
7.567011069450978233e+00
3.748890752927007686e+00
9.238089330445880876e+00
5.257044599590452449e+00
3.219729416623371865e+00
5.293540069088808586e+00
