6.192771984098684790e+00
6.633911173226896274e+00
1.400586503690588280e+01
2.191138882644583674e+00
3.956386601662479574e+00
1.574415907033165674e+01
1.001989218778877477e+00
4.714679993033872307e+00
8.518633822169052738e-01
1.605435841939483188e+00
2.115178115368578027e+00
3.187592866415680071e+00
8.541095408515807508e-01
1.036906581112449599e+00
6.712849956191466738e+00
4.179531610674762199e+00
1.638193526361493069e+00
1.277746390805853283e+00
1.031410984698466704e+00
1.049085454759422609e+00
1.145370265126972775e+01
1.510479082608179535e+00
1.232751140928828537e+00
1.794634462227855831e+00
1.128493150189213257e+00
6.657382772835973572e-01
2.415151175795791971e+00
7.647763237749163778e+00
3.773879848151100003e+00
3.207839871918271246e+00
1.680025960305264965e+00
1.404678502533456053e+00
3.366762432087485379e+00
1.210881095459498180e+00
1.088607314061135201e+00
2.255956242569220560e+00
3.140225276971925883e+00
4.197427862987164637e+00
9.174835686535702806e-01
8.947088264563933802e-01
1.155418740595292704e+01
1.006774001232174598e+01
6.444906974366387153e+00
8.117233025233920429e+00
1.459215038198196979e+00
7.689835860250194166e+00
3.590609471193589641e+00
5.129122379138801868e+00
4.102160668525034026e+00
1.238988415621924588e+01
1.894013326352941462e+01
1.486423880947586706e+00
1.176040294390220398e+00
3.255807474437377724e+00
5.578589054217659715e-01
8.442760217726797967e-01
1.247006038684794094e+00
8.991489467547986170e-01
8.817281504499429046e-01
1.319244051344110380e+00
1.426598647353103599e+00
1.024630633232293242e+01
3.056763396057994076e+00
8.527903075564951862e+00
9.139382561773736757e-01
2.742387128141637209e+00
2.157276349649427161e+00
1.197322405220670349e+00
1.506431809776049624e+00
1.238495705851021533e+00
5.419044450878367059e+00
1.493830481492729900e+00
2.759231306862861555e+00
2.914745055980380251e+00
3.260589198845971648e+00
1.383147480261909834e+01
1.661660853561869322e+00
1.664618365457369409e+00
3.739384435394076167e+00
1.727735926355313367e+01
2.035715930263554796e+00
2.144766977519807494e+00
1.311483405813843151e+00
1.045096974373158183e+00
4.856887184571895943e+00
1.068714919597174351e+00
1.400662626145351641e+00
8.256092357590579800e-01
1.554849338749066945e+00
1.219992784175224187e+01
1.589760360044112142e+00
6.150657507982875138e+00
4.984091222421181300e+00
3.245795932688144259e+00
7.484307469928479506e-01
8.476727105651571392e+00
6.678534059661788369e+00
9.790313063179630904e-01
1.160827653057035391e+00
3.830448657607072871e+00
