4.174567830070528629e+01
1.107805746445087536e+01
4.393593902383342709e+01
1.006838212380872832e+01
1.193855067611683651e+01
1.054685181900184077e+01
7.647310359808741076e+00
2.191238745339308736e+01
1.229671005065874745e+01
1.059266067671843992e+01
3.212456886429849590e+01
1.429911504871697048e+01
2.404177512687699547e+01
9.485837929545283487e+00
3.703569493424133441e+01
2.971376950467081812e+01
1.296529854460075093e+01
1.758011202475232793e+01
3.819984943708232095e+01
1.617220385259858162e+01
2.546320917258848482e+01
4.036924481398731501e+01
3.010205741505200194e+01
8.597392753080178807e+00
4.334206621869648757e+01
2.677010571669906724e+01
3.569695216878141508e+01
1.515048498524444121e+01
1.878700567606945171e+01
2.750999434706760738e+01
1.293096173144954619e+01
3.560691316189361544e+01
1.168721840726658812e+01
1.036040027254116502e+01
4.093358056320749228e+01
3.207436902611378571e+01
4.104512838510395056e+01
1.162543404747230014e+01
1.860014688826403528e+01
1.702065152074820276e+01
1.974150332155057441e+01
9.896557690258489970e+00
2.051765404479952437e+01
8.924975602450581746e+00
7.832663801910937806e+00
1.729788850288049318e+01
1.543630771316030170e+01
3.256051816799103449e+01
1.740572631281394322e+01
1.679110228293998475e+01
2.708092350224432820e+01
1.994107055088662150e+01
2.237567307871295341e+01
4.223201796126161867e+01
4.146690929750948129e+01
1.972471351654984417e+01
4.166371492373429675e+01
2.516203078427171036e+01
3.812182349702389672e+00
8.985659788043966145e+00
1.187279631232811283e+01
3.854814030363124289e+01
4.320723954410063072e+01
3.007677942061436127e+01
1.792457841555694742e+01
4.389387268388239249e+01
2.904551656563928574e+01
4.359873707187126257e+01
1.180876209722210213e+01
1.921519849363954791e+01
2.125799923514201950e+01
2.874902898234245896e+01
3.307001149213733271e+01
4.271338505201840263e+01
3.873325380794389616e+01
3.632687171189606090e+01
2.078888377379841401e+01
9.601628106485371461e+00
1.485291593648359232e+01
4.511346075988270599e+01
1.544206060672726011e+01
1.032303901271202484e+01
1.246669175492020543e+01
1.861860650371508186e+01
4.080606175658891033e+01
2.973929131008588911e+01
2.913129402675264856e+01
5.877467135733629888e+00
1.656017370704320513e+01
3.233093744110547618e+01
1.727314039321402106e+01
4.116472352890516717e+00
9.487076625300698396e+00
1.806651779140404557e+01
4.333720104778986837e+01
1.598486758199963020e+01
1.602490575473764522e+01
1.209963278076591031e+01
2.765028214263856299e+01
3.877091100441194982e+01
