3.842166362310800998e-01
4.411749289035477029e-01
5.067548295805732739e-01
4.304011666106427603e-01
4.332275979074072803e-01
4.597389909696928401e-01
5.430745819510615080e-01
4.391475393129553595e-01
5.542890862365470461e-01
5.174935024116472659e-01
5.376994336364533389e-01
5.138345444314783572e-01
4.583879126423138772e-01
4.811375147358767923e-01
5.456335751735571504e-01
4.657333696510612131e-01
4.798055488596686957e-01
5.956813830927162323e-01
5.082165494274548667e-01
4.654421482722489456e-01
4.893133773037167678e-01
5.606576001866353520e-01
5.169528447409705851e-01
5.520523958496572625e-01
4.283599599873639807e-01
5.097975139322685756e-01
5.175947509650156153e-01
5.781720501566480763e-01
5.304345401257196668e-01
5.739225880571214855e-01
4.964853209336734796e-01
4.623877480689684849e-01
5.142974045691924845e-01
5.307426917154237644e-01
5.121971363392526788e-01
4.511434430772789383e-01
5.133557190404260950e-01
4.872115157971220190e-01
4.969273533935698595e-01
5.613817698342522533e-01
4.705250928699833968e-01
5.089295335716819135e-01
5.133027112216729249e-01
4.629930824411007118e-01
4.551681844162576707e-01
5.748491574948737526e-01
4.847693946656217445e-01
5.362813111994431114e-01
5.023924598118163498e-01
4.881016088992793933e-01
4.835493555424170697e-01
5.000536570593310248e-01
5.221977519830437453e-01
5.497017365362788510e-01
4.831595499314739750e-01
4.427123454413061654e-01
5.139308839377826343e-01
4.672862469975465061e-01
4.066187972747022372e-01
5.294311771572113301e-01
5.444948213225033751e-01
5.061529926048740080e-01
4.658535196774091780e-01
4.918933872099012228e-01
5.246780756865753181e-01
5.113349867238023982e-01
5.351036002266379432e-01
4.999834444482078033e-01
5.294761139034155351e-01
4.771622094382265145e-01
5.450685852479026927e-01
4.435626220399038755e-01
4.329106852939236805e-01
4.902585666411272691e-01
4.825742883784909232e-01
5.718111388433699815e-01
5.658101542782182358e-01
5.182438686825892038e-01
4.916341043418718804e-01
4.966539913519452676e-01
5.043749716300711672e-01
5.146074390533732501e-01
5.130455906804598509e-01
4.877640580155148120e-01
5.030817964947413845e-01
5.178201180307884233e-01
5.570980371228793082e-01
4.788641539409362879e-01
4.499886374561740676e-01
4.784726018465432773e-01
4.602280743044894762e-01
4.869014443702778805e-01
4.980489486344866212e-01
5.067752254851893845e-01
5.302202693290748448e-01
5.542384407507120470e-01
5.555371364420550462e-01
4.775667207180435136e-01
4.429955341643449507e-01
5.688242354733242800e-01
