5.525073491437271223e-01
4.525673426406320310e-01
4.220107270591210158e-01
5.449053827530855321e-01
5.237068949282190911e-01
5.889366275845796528e-01
4.956555414171716634e-01
4.802694906174910794e-01
5.366732488723972017e-01
4.919032329969001416e-01
5.068645730820487971e-01
4.499546325044031514e-01
4.545848715903234583e-01
5.123521937509184498e-01
5.514009649916512545e-01
5.200249643665985078e-01
5.661115140902381881e-01
5.008260541241309483e-01
5.822001769205344957e-01
5.486804547419407152e-01
5.462302974022065216e-01
5.777110284047628497e-01
5.760005758126448550e-01
5.135642776596495152e-01
5.292943520482720210e-01
5.830390007861789847e-01
5.353370227507272539e-01
4.436053764856278114e-01
5.113387516080293294e-01
5.141844112003293166e-01
4.461869949069813823e-01
5.866542993399752604e-01
5.539613798413537404e-01
4.921395631874562193e-01
4.414098995897527411e-01
5.023281334801870113e-01
5.672666165466649923e-01
4.470024077723565026e-01
4.574730506588550183e-01
4.684827630175547042e-01
4.717857725035257133e-01
5.148166344766784697e-01
4.543220222683310161e-01
5.365062623263345820e-01
6.230943899124892216e-01
5.999831174926425481e-01
4.854472489136306690e-01
5.165656550218694631e-01
4.706464900753739022e-01
4.446094455066043616e-01
5.135089960309825452e-01
4.619486916195287285e-01
5.620921718331713945e-01
5.191078828176121096e-01
4.527630789529508704e-01
5.067918628472644071e-01
5.923478171560225825e-01
4.998753863883252380e-01
5.170970903265152963e-01
4.942640926376515864e-01
4.524569806386596338e-01
4.876462148489297266e-01
4.801711310738485672e-01
5.450592576562591773e-01
5.411400995617998699e-01
4.371126065970897256e-01
5.335664596932171433e-01
5.831766238043272210e-01
5.047900784686418785e-01
5.607050781056471811e-01
4.980694131917101641e-01
5.276925976985363809e-01
4.757821774963612582e-01
5.086575101246972874e-01
5.428792968029423349e-01
5.294330152696721248e-01
5.541051600194389914e-01
4.915192154269192315e-01
4.839791860090422171e-01
5.795394956790358432e-01
5.485692609656998009e-01
5.152695966728217947e-01
4.835826230803285664e-01
5.124667518670356081e-01
5.212468773013854140e-01
5.337879768229725208e-01
4.935887053267388747e-01
4.928046562886688742e-01
5.091759561406946633e-01
5.148487470185888482e-01
4.873724775847537716e-01
5.041742489304459340e-01
5.073975820793059643e-01
5.515717043653939333e-01
4.561624674892892362e-01
5.441733845348480925e-01
4.844775205385078443e-01
4.875206634106600267e-01
4.086236534544904764e-01
5.257798912823056225e-01
