4.952722025594326616e-01
5.128611041593054143e-01
5.263721033461489229e-01
4.767148726749064758e-01
5.424207289131314225e-01
4.423693754780159693e-01
6.242460657183712680e-01
5.051502203554745218e-01
4.988648879998668906e-01
5.390741094079301021e-01
4.702729237895624248e-01
6.389161518529529182e-01
4.886392408563721146e-01
4.083350331025846769e-01
4.290488946015232341e-01
4.921916273340408154e-01
5.601115473893333307e-01
4.908272508649054733e-01
4.840905852456910963e-01
5.825731275742295212e-01
5.112431796163329212e-01
4.058880473313408732e-01
5.013927545223699767e-01
4.954124003540207322e-01
5.073210404056803791e-01
5.985813664288238689e-01
4.546917522847406246e-01
5.091963658558781303e-01
5.703158603419534733e-01
5.137309440964432650e-01
4.809983687788399465e-01
5.515654601141025681e-01
5.852230316019296774e-01
4.735409941155564462e-01
4.658724755344665902e-01
6.788217821293892618e-01
4.674658681387028336e-01
5.341287746802223513e-01
5.441741208599304436e-01
4.976124939771328082e-01
4.792491884879291897e-01
4.890843127965192050e-01
5.623839678717470481e-01
5.115657563428811505e-01
4.374579084932377904e-01
5.500027215574261330e-01
5.229386343031423579e-01
5.302585715172725145e-01
4.825320875926634168e-01
4.863162080149905364e-01
4.978290303069505818e-01
5.259345837326540041e-01
5.767492903585010877e-01
5.006260523172895160e-01
5.548228387235065728e-01
4.925113978462640763e-01
5.376575720691079141e-01
5.072005699871158235e-01
5.774687558060801473e-01
5.350981705666755239e-01
5.947900658807941943e-01
5.451348086708590612e-01
5.196825058429452859e-01
5.627623526288854094e-01
5.004815382141901692e-01
4.577056358132183811e-01
4.984628867322287715e-01
5.168930904239158464e-01
5.504744701574229016e-01
5.169611479918131414e-01
4.879687109644024190e-01
5.611949056242138134e-01
4.703416871318988335e-01
4.749426624095040572e-01
5.209513038162835175e-01
5.998784831102019766e-01
4.852587477332481192e-01
5.579224319648314889e-01
4.297992036037344143e-01
4.640274581121044961e-01
4.907453996049623846e-01
4.784971468102061642e-01
5.967328861855821787e-01
4.769528229760575111e-01
4.481478160359588236e-01
4.423619467625345969e-01
4.686123743823592536e-01
4.682959079762150645e-01
6.435151284614205602e-01
5.477347756701496095e-01
4.695936723212356112e-01
4.714401159229844041e-01
5.069989175021873962e-01
4.436432628494634267e-01
4.345894786958285350e-01
5.450253604688771736e-01
3.844836772154098248e-01
5.129660188604805438e-01
6.003454066072427819e-01
5.060298947546904014e-01
