5.085693750503421651e-01
5.538030567222704814e-01
5.760080481250300366e-01
5.082101908287578462e-01
5.075585681947937244e-01
4.658819634586182645e-01
5.725224314896997235e-01
5.374659298697754828e-01
4.311437989716364605e-01
5.410281495430636634e-01
4.969785248428167379e-01
4.790262506050239066e-01
4.620009896538058158e-01
5.917084967732938461e-01
6.308830483291958391e-01
4.801482456437801138e-01
5.150168612582434191e-01
4.682815454186775583e-01
4.390156766596275961e-01
5.071372958960258526e-01
5.495027834138769274e-01
5.163836425966638055e-01
5.406421403920262936e-01
4.519294380266475897e-01
4.373647663988147749e-01
6.470481677142900789e-01
4.219224649089582946e-01
5.663050035683879768e-01
5.257187034490156119e-01
5.485436568747222852e-01
5.309445998090367436e-01
5.471467599865035281e-01
6.027094029313514456e-01
5.011190760611025086e-01
5.381133612196299376e-01
4.649663042081261244e-01
4.097270422122887834e-01
4.955887163910812632e-01
4.507881674374134562e-01
4.784010726475854125e-01
4.604622512519644939e-01
5.326727635639137981e-01
5.014218603050513146e-01
5.325665939803153615e-01
4.444718815843948234e-01
4.849217646026593442e-01
5.543562801913096694e-01
5.404347913881487608e-01
5.273691015948587246e-01
4.710448839667396581e-01
4.693989163099375195e-01
5.901808436796891488e-01
5.583846692263441103e-01
5.219220381602925896e-01
5.319721919041315861e-01
4.572958066333582816e-01
4.535692623334680595e-01
4.747738373805314160e-01
5.201547196804248152e-01
5.092764194175961601e-01
4.822871913915731112e-01
4.455927207803899170e-01
5.720619814122185343e-01
5.660216248412544005e-01
4.689559271179103983e-01
5.590953406121571545e-01
4.959186751832367346e-01
4.511717804421452316e-01
5.593747949293604860e-01
5.066812645448267594e-01
5.006892750864382347e-01
4.940882844334048007e-01
5.130884687030498048e-01
5.578258126642448023e-01
5.747097447926500235e-01
4.863057289522552673e-01
5.515755622049683948e-01
3.981558808723275611e-01
4.801862685560734922e-01
5.035256321928449630e-01
4.591894007692187696e-01
4.313781236149317744e-01
5.605383444888315525e-01
5.418516949115248504e-01
5.580529723853130397e-01
5.469237782145556226e-01
4.812598561929866126e-01
5.688734365920679048e-01
4.526670484547740680e-01
5.731962861123216513e-01
5.021505564376741448e-01
4.860789000457254594e-01
4.622990386165197196e-01
5.228634711562842874e-01
4.768622638620434451e-01
5.319646999253030417e-01
5.577464074302886932e-01
5.413449003834677198e-01
4.666954570518340173e-01
5.349699719446264767e-01
