4.827853238165000782e-01
4.649497864360311317e-01
4.649752088370247005e-01
4.836932832825351358e-01
5.232409974650591433e-01
5.120788688867031757e-01
5.583927611513476164e-01
4.601247135778582242e-01
5.510682473344539201e-01
5.542945136472049450e-01
5.895025566236617998e-01
4.388436934674129208e-01
5.986357691285645322e-01
5.346959384510849844e-01
4.712429945244949181e-01
5.698793845921817924e-01
4.228131749168559383e-01
4.829893654020947502e-01
4.565838093141597609e-01
4.810469380004910867e-01
5.252120202812804450e-01
4.860758199604138796e-01
4.751322516661732331e-01
4.821891775266693436e-01
4.834776854754253006e-01
5.171999501265859278e-01
5.413774286412840198e-01
4.413591243840766509e-01
5.429924343361851591e-01
5.046100953386334353e-01
4.861260510268728408e-01
4.910532900587158966e-01
4.938778714348096566e-01
4.667754445400721930e-01
5.004389772475935638e-01
4.951042522192480866e-01
5.490572859315538956e-01
5.234375493197623852e-01
5.409298415020525885e-01
4.945854468779063429e-01
4.977327122473850785e-01
4.951548183653197155e-01
6.231021409319411619e-01
4.659339576267464977e-01
4.529673508547549798e-01
4.709736298270451038e-01
5.208609800145908020e-01
5.621818045259823204e-01
4.428522690921768423e-01
2.329539832516099196e+00
4.628184013802039698e-01
4.704314064522159278e-01
4.958069949765697704e-01
5.674280842374921363e-01
5.137295831397983292e-01
5.918075142632962526e-01
4.531754134963406067e-01
4.593899217361525067e-01
4.808226087669401072e-01
4.609510280598715370e-01
4.566532706340683534e-01
4.577397862345553015e-01
5.419538473326610539e-01
5.364035417022778862e-01
5.454472939824509536e-01
4.015394739035039740e-01
4.985051654663862908e-01
5.453231703467232849e-01
4.450830102821025092e-01
5.421408932669545822e-01
4.953193883023486732e-01
5.137691990608679315e-01
5.967842188810690285e-01
4.850314782313885353e-01
4.661264124037483025e-01
5.947480824976441038e-01
4.990200518470384594e-01
4.941127889761382508e-01
5.779473827953712783e-01
4.798360624510865091e-01
4.986928494541251755e-01
4.150215447670241309e-01
4.691947680318825364e-01
4.626261489535314908e-01
5.826690698884523512e-01
4.422842499576494779e-01
5.360672550505901635e-01
5.434143891714298125e-01
4.913236824858838725e-01
5.148750450866301787e-01
5.170040571793713680e-01
4.508057771884419473e-01
5.010433608102854430e-01
5.440762385895918651e-01
4.362731736829272844e-01
4.824949364647491690e-01
5.480598056874892432e-01
5.578634099241690514e-01
5.256129422309487875e-01
5.944689027291270023e-01
