5.316930175240743850e-01
4.727549074031006660e-01
4.950972011817801333e-01
5.311140822801754258e-01
5.324426841899632112e-01
5.387748750679638432e-01
5.368727179467847055e-01
5.088209568845193376e-01
5.326291385551257251e-01
5.067436389610140424e-01
4.541668054247174902e-01
4.775099140927306363e-01
5.162402598976626455e-01
4.559301606172602161e-01
5.763647125986162134e-01
5.461922156247700499e-01
5.470056534410224769e-01
5.093372778946676505e-01
5.033280252387586362e-01
4.850749240630896075e-01
5.254101085832812990e-01
4.885413560364508800e-01
4.844142301031002518e-01
4.685678326428523999e-01
5.114960811107105432e-01
5.129588437776546606e-01
5.288367204316564152e-01
4.736054186989298587e-01
4.772835232200297595e-01
5.079476816285902752e-01
5.124918266411235823e-01
5.192382628913578824e-01
4.886921461405021039e-01
4.928547568165050907e-01
5.756460165727169676e-01
4.309512099217717163e-01
4.424966761232244639e-01
5.414672366999293551e-01
5.212681117256835472e-01
4.879165254262651796e-01
5.502633245004610041e-01
5.295367981146407166e-01
4.933390850312635578e-01
4.684555249465930382e-01
5.201922584636566871e-01
5.091375658413359595e-01
5.017680197594875935e-01
5.552173105793101193e-01
4.967317456791341401e-01
4.783908145394894507e-01
4.894943256674497700e-01
4.749467643584907028e-01
4.718126410304909757e-01
4.377274514172708741e-01
5.240442767404044355e-01
5.004603075630685849e-01
4.709733113179644381e-01
5.019302394538660561e-01
5.043106360358354801e-01
4.333467437636013275e-01
5.177657448438923726e-01
4.940064580736157063e-01
5.497916005220931934e-01
5.780276904153879292e-01
5.072729505993690546e-01
4.631146136311457551e-01
5.016057945538577867e-01
4.295766101131352488e-01
4.780825484885769527e-01
5.188094620652242694e-01
5.169221787080633401e-01
5.183135682227092422e-01
4.552545551683634950e-01
5.225018096467650697e-01
6.025795404483775819e-01
5.349464572792409500e-01
4.676070792434292578e-01
5.252943214337731925e-01
5.412777549241024611e-01
5.499864154033464736e-01
5.739748386072202058e-01
4.881095739009173040e-01
4.767328628144853475e-01
4.156087104067495153e-01
4.955360323588996474e-01
5.331724407036573243e-01
4.663743440867561540e-01
5.201823051547268539e-01
4.816462215875113584e-01
4.658616709672711576e-01
5.401776414163937945e-01
4.792746649783863333e-01
4.900730660986661325e-01
4.912757343791512299e-01
5.213833411981801946e-01
4.291584255558213989e-01
4.681220561445166295e-01
5.328001120912191357e-01
5.212749470415887210e-01
4.536018000457615051e-01
