4.956817768116384970e-01
5.046486129479168525e-01
5.470634420512612284e-01
5.283774642559874168e-01
5.319057409220737664e-01
4.290944490504866038e-01
5.049237931795385048e-01
3.581151242633741072e-01
4.971464830521254430e-01
4.988624456804519047e-01
5.547538234672736435e-01
4.613530273138588544e-01
5.154410888552107828e-01
5.062796166604397463e-01
5.166616866258996188e-01
5.197634364485367309e-01
5.295758581015960198e-01
4.915122267885752572e-01
5.073107154690205123e-01
4.923894444445196528e-01
4.516877196849252152e-01
5.468715812541868893e-01
4.638942656384066887e-01
5.222240101533347501e-01
5.277219097079384191e-01
5.326837358780895926e-01
5.295656161908585124e-01
5.105482665363185735e-01
4.560632915893375050e-01
5.022250305083112432e-01
4.755596019362334781e-01
4.775147787170768710e-01
5.148255364871386908e-01
4.966799323885742190e-01
5.240467540724100814e-01
5.246178872594163822e-01
5.130279511314485008e-01
5.060998960882066022e-01
5.100746859327640603e-01
5.676820554452577383e-01
4.747263312796395351e-01
4.830375688928960631e-01
4.917461021809046429e-01
5.112745694666206431e-01
5.414539881785274122e-01
3.814557911229717324e-01
4.890314746569370818e-01
4.445539434087030783e-01
5.430557407226531685e-01
5.106304715992223686e-01
5.647096420275429240e-01
4.607002704471678811e-01
5.541222629403284028e-01
6.102641209139462175e-01
4.991044139496586540e-01
4.745622194849863362e-01
5.397851807172024952e-01
5.817856023364845752e-01
5.150351536133760399e-01
4.465459967647941730e-01
5.072439277956232173e-01
4.677703021749954337e-01
5.110762237799701957e-01
5.404263464072442957e-01
5.344179641004639381e-01
5.852605070788723385e-01
6.303312228739107459e-01
4.507752936369649466e-01
5.979407598117664202e-01
5.610918935911402006e-01
4.967183184007990526e-01
4.722179622113382713e-01
4.394797209042985986e-01
5.162532921148907938e-01
4.677503084831985403e-01
4.850212700098692764e-01
5.109446382173028489e-01
4.737437940824006932e-01
5.297870143237859430e-01
5.342824596295536743e-01
4.673252318456105336e-01
5.305023234385436437e-01
4.598271312658415155e-01
5.001547341314073192e-01
5.672901475281492134e-01
4.926939748503294525e-01
5.299122137886111972e-01
5.615827537377474643e-01
5.369558380214634052e-01
4.975715619087028863e-01
4.552505153372711222e-01
5.066996745622257547e-01
5.184375294901923947e-01
5.006360589402437666e-01
5.222424765894436716e-01
6.373881792432445348e-01
4.143107251106816769e-01
4.866913060736494101e-01
4.789975139797196246e-01
4.409554271057838926e-01
