4.837982035633753841e-01
5.172113565295104465e-01
5.806749246337452597e-01
4.426883899965902147e-01
5.187831315050974723e-01
4.731559023971860789e-01
5.085943651520935527e-01
4.924891227591189913e-01
5.254772805560354865e-01
4.834422300819891660e-01
4.777840801296729389e-01
4.833532261953435438e-01
5.686290508753630846e-01
5.077015283450184713e-01
4.793635337777686356e-01
4.535233540246997319e-01
4.931736613575348760e-01
4.430954439592980632e-01
5.613038455376948566e-01
5.722326006299005563e-01
5.517802199462896739e-01
4.928719873798562690e-01
4.796433905188462465e-01
4.805937852733335180e-01
5.213770314008956408e-01
5.876995510174011228e-01
4.222136496427126295e-01
4.076862490675631223e-01
5.237487600188641679e-01
4.975847133955018098e-01
5.482594815511775410e-01
4.789002866067774700e-01
5.296269918572079627e-01
5.338184325135110209e-01
5.105733571094054346e-01
4.908184993302905919e-01
5.201116158228688002e-01
4.669303813408121617e-01
5.175998722293418952e-01
5.414740991834523509e-01
4.374637703096007635e-01
5.099840611577562965e-01
5.597163177918712540e-01
4.931554722843309868e-01
4.796225939896162083e-01
5.127024187194875182e-01
5.376907231719805225e-01
4.488382256953167837e-01
4.961328508333038290e-01
4.872604938394514140e-01
4.935831652518500867e-01
5.335146468898681604e-01
4.367050861125810757e-01
4.691363014785265850e-01
5.175119469391969984e-01
5.068143297158194116e-01
4.978290485649225494e-01
4.656678800524662321e-01
4.888164684385465919e-01
5.169479020515033163e-01
4.441596362831576328e-01
5.096447766771656784e-01
5.339278782291910774e-01
5.105933878215077604e-01
4.250967514785488621e-01
5.236373074109158532e-01
5.022029389952308298e-01
5.354992738889118309e-01
5.611810007756253826e-01
5.178088244908556348e-01
4.960531175831037198e-01
4.886599364576730831e-01
5.435790120172461215e-01
5.406963243446751832e-01
5.032223540975331311e-01
5.132205636855075026e-01
5.164480328473392001e-01
4.662385954723373693e-01
4.847069376262231333e-01
4.960220436432473123e-01
5.514364176304307197e-01
5.631301061215663317e-01
5.152341530696676886e-01
5.584996940082964656e-01
5.677035755266715000e-01
4.634861643459194380e-01
5.291604780047606260e-01
4.710809357927966401e-01
5.098828174338614350e-01
5.504169432569026021e-01
5.100509453498305312e-01
4.439425908523473296e-01
5.147511479019815095e-01
4.640056329546139446e-01
4.470986848172889272e-01
5.537695008969967247e-01
5.602150177508525841e-01
5.076101990950895315e-01
5.696770886074048468e-01
5.192351719495527096e-01
