5.120538372213760958e-01
5.445840266228787474e-01
4.549680756185923713e-01
5.122028680958868874e-01
4.551707368934790332e-01
5.787448212902309708e-01
4.795050167272421060e-01
4.748047249336485587e-01
4.879480421671603119e-01
4.583716804805837985e-01
4.881174141198194039e-01
5.319939313220588550e-01
4.425593589978333298e-01
4.394072977944514236e-01
5.070012075086876013e-01
4.824569165309019469e-01
4.900781851063057415e-01
5.249635785565373025e-01
5.279037763924946391e-01
5.904684367719685856e-01
5.180709703475123717e-01
4.387831778163852059e-01
4.267238560663628721e-01
5.224254162123849188e-01
4.761344799365129221e-01
4.944147228908686298e-01
5.055693231513799235e-01
4.937786403427605886e-01
5.843043983605344938e-01
4.929447755980986279e-01
4.238322859902542983e-01
4.694426590449687353e-01
4.084843250660039615e-01
4.438494543128581049e-01
4.973489801450253212e-01
5.632686483822257895e-01
4.727274423655795088e-01
4.684754977497086470e-01
4.744091600461165514e-01
5.310729049420271908e-01
5.792849277478439030e-01
5.535677972205118591e-01
5.323344890075115687e-01
5.894557930867712070e-01
5.106802647306978304e-01
4.413346036582961873e-01
4.661613971702370796e-01
5.163976855619490935e-01
5.119839994294616004e-01
4.923276023354480335e-01
4.917183465162263678e-01
5.399944019148421592e-01
6.040280469410005404e-01
4.760620245586478227e-01
5.326404948122605010e-01
4.834387388862413371e-01
5.213555598664973978e-01
5.407351425036632797e-01
4.433126760788426157e-01
4.638239056828982187e-01
4.742590631682044866e-01
4.347614456174957454e-01
5.513035077754271374e-01
4.901105088122620357e-01
4.701130456800741153e-01
4.681746662163410733e-01
5.390231978951635083e-01
4.493587072837503804e-01
5.201167554124951353e-01
5.753431834360460684e-01
4.353881544736477593e-01
4.986501690812941145e-01
4.491886841363453842e-01
5.126823013058279255e-01
4.627598130036279511e-01
5.342856661499600923e-01
5.447220049147976084e-01
4.793046372708912872e-01
5.330546240719312712e-01
5.555608959585411899e-01
5.768710380296783180e-01
5.781822647252865544e-01
5.334419875567448788e-01
5.042806674649401577e-01
4.669799263050271043e-01
4.706173107280343659e-01
5.370295916078552390e-01
4.532290540769752241e-01
4.836854700621158742e-01
4.354923716721113003e-01
5.447427274957563625e-01
4.702445663220899963e-01
4.765444422350890163e-01
4.455115980072504867e-01
6.096949295331304253e-01
4.834430639168874055e-01
5.274234159904085395e-01
5.003402778577563659e-01
4.941780618347169085e-01
5.493913297888383118e-01
