4.794056060057183544e-01
5.327526191168773240e-01
5.153407436658411500e-01
4.198443844150900883e-01
6.058934428577025244e-01
5.620020379712530323e-01
5.625967779994323070e-01
5.372109274430137971e-01
4.183169122481050217e-01
4.814078448259609955e-01
5.058722544269668164e-01
4.870569596741909368e-01
4.845889175426631446e-01
4.757200714541330866e-01
5.432345935642449719e-01
4.927312090170037906e-01
5.106269623398000945e-01
5.079249122605974387e-01
5.100050928171471210e-01
4.950214777395508525e-01
5.280188345341977341e-01
4.697404039144489341e-01
5.334367685520490232e-01
4.149142104610463733e-01
4.711069775766191237e-01
5.051891794090496157e-01
4.599081393563008158e-01
5.078356003835110544e-01
5.503133072421230176e-01
4.608428434879021651e-01
5.525631201129383996e-01
4.651265671332969753e-01
5.238089760156008357e-01
4.906248532764749259e-01
4.890269670953399372e-01
5.238068591447329059e-01
5.026897950329265452e-01
5.460886086653150562e-01
5.484436867653220693e-01
5.720538824700163172e-01
4.873992834846704314e-01
5.164892102329373680e-01
5.040603356660739998e-01
5.095855087500126279e-01
5.229236380063102541e-01
5.356087262049612496e-01
5.202669029747968299e-01
5.286651643664554978e-01
5.014329683876812549e-01
4.732949711193824016e-01
5.193204520660535950e-01
4.972795357046360110e-01
5.140132903258567421e-01
5.688030828773079639e-01
4.801684693058975162e-01
5.185969540490620311e-01
5.741494604136516688e-01
4.963321035469834830e-01
5.326324092180749759e-01
5.355530086204731699e-01
4.923918591139044287e-01
5.372892789050187634e-01
4.861206599871675249e-01
5.746677020172610284e-01
6.075720692852246696e-01
4.874297293104032369e-01
5.281567078512433566e-01
4.566303266728592991e-01
4.659588860443961700e-01
4.745246991133023062e-01
5.853213650455634243e-01
5.575783423781262016e-01
5.440582759912157007e-01
4.834467668237935056e-01
4.614661618714153701e-01
4.629442231168164890e-01
5.683968340763383420e-01
5.015900319500840032e-01
5.144587469230456067e-01
4.917915956798967203e-01
4.349476987857885946e-01
4.925587601427194873e-01
4.961428690952039977e-01
4.840283796899253477e-01
1.603547250646527811e+00
4.823285990835458059e-01
5.265850119434630772e-01
5.567092978681500437e-01
5.436545238036172289e-01
5.273655623056171526e-01
4.632909209895746949e-01
5.570932172881742916e-01
4.890254031869767370e-01
5.395393306383728937e-01
4.848376505268062742e-01
5.172966233515005063e-01
5.396866027312940961e-01
5.308689059938419552e-01
4.679061819535169642e-01
4.919467435688130164e-01
