5.180476804987091954e-01
5.668130596709265445e-01
5.327660327473796587e-01
5.169573874168299499e-01
4.562092221312913365e-01
5.773528943920168688e-01
5.471832828633768075e-01
4.836148263706163686e-01
4.576817880027181373e-01
4.810735734492890270e-01
5.302761293316349267e-01
4.436981249168823749e-01
5.292497426840773178e-01
4.855194273341369438e-01
4.973710330567109872e-01
5.052031803674533750e-01
4.708591172604877362e-01
5.628147431424833647e-01
4.926716973887675932e-01
4.850388560901577328e-01
4.476824843148307642e-01
4.549618379664080448e-01
4.908407494388624115e-01
5.094518541803921829e-01
5.358880874710342246e-01
5.171907688347044951e-01
5.102630984632706701e-01
4.717211749288129363e-01
5.335405463223251710e-01
4.583781953889992655e-01
5.041195522793733286e-01
5.286919729526662337e-01
4.702410787853601448e-01
4.965516384886116685e-01
5.650006608004352060e-01
5.482758797398036288e-01
4.543751470469825082e-01
5.293088176729202621e-01
4.828635485283397921e-01
4.929302371783151893e-01
4.926072937168486932e-01
5.435466945538305339e-01
4.833828820479616484e-01
4.930217632776324743e-01
4.560038863711645685e-01
5.022719399123850570e-01
5.227070783646791119e-01
5.313156267414116396e-01
5.556955992368830533e-01
4.727334399208312221e-01
5.012228115138563922e-01
4.969168180326704043e-01
4.691573479730110630e-01
4.913085443389929585e-01
5.334014669902158445e-01
5.177389594940287054e-01
5.464868514489261697e-01
5.172228796190719846e-01
4.062311159121665405e-01
4.469912131104053499e-01
5.261992021542619691e-01
4.667383164223680714e-01
5.426469419536125161e-01
5.186028432281480915e-01
5.113278770147067220e-01
4.874752125065302533e-01
5.537208394800562372e-01
5.028980355146782655e-01
4.881215673801805877e-01
5.243453288064969797e-01
5.323196799593095108e-01
4.987354733059397027e-01
5.161018936683900993e-01
4.800037437790810602e-01
5.042309279379957321e-01
4.846774256801522074e-01
4.733643474023015996e-01
5.425156603276890532e-01
5.586766834315514130e-01
5.014318013614541547e-01
4.810149687459763235e-01
4.555767384446513524e-01
4.719731141577407363e-01
4.715255320954392926e-01
5.042878244984697611e-01
4.589240827872310691e-01
5.202257149616316134e-01
4.878574804174314883e-01
4.998949127644935486e-01
5.216636638483079791e-01
5.783532009229143123e-01
5.316317926089901835e-01
4.751741013556533000e-01
4.200736255717353873e-01
5.241786901278875366e-01
5.215468936229257224e-01
5.561750422180083975e-01
6.114923195186944271e-01
4.318826501370438553e-01
4.736579043942623080e-01
