5.774511145705911730e-01
5.119439382919729331e-01
4.902923166592751403e-01
4.481509175507573661e-01
5.513352005683170853e-01
4.551241433775312095e-01
5.241665707030849219e-01
4.702344875615072084e-01
4.884039282706224561e-01
4.829970914030554119e-01
5.556242713104918574e-01
5.360288428825065177e-01
5.275224691854863979e-01
5.356263583150163710e-01
5.735108321630835171e-01
4.538407901209601247e-01
4.757084797941980026e-01
5.107509033220933858e-01
4.620283896670566715e-01
5.062670749189662756e-01
5.163120198230188862e-01
5.069039493418791009e-01
5.047354218956018324e-01
4.518857971881895530e-01
4.876386439195168898e-01
4.973821057035226478e-01
5.358600360851610844e-01
5.448394553752107239e-01
5.014005487194139743e-01
4.292534908869285459e-01
5.202122606987064080e-01
5.086467670728290758e-01
5.340825957334039975e-01
5.299143574791465028e-01
4.941939369197549392e-01
4.717883012815091148e-01
4.764729426393440326e-01
1.436836060783995395e+00
5.022017668050390293e-01
5.405959641403417226e-01
5.061328353205757358e-01
4.910432581095213744e-01
4.907907247743475421e-01
5.531880610334539705e-01
4.818105069397291551e-01
5.880727950877340238e-01
5.079193723679459316e-01
4.809786091247110207e-01
4.419441533372175934e-01
5.576561889014320927e-01
4.467155660986545374e-01
4.879633018143158529e-01
5.598566328086578281e-01
4.934651018617213225e-01
5.547775405677346505e-01
5.456691794483163882e-01
5.461991712843760061e-01
5.206473082930539453e-01
4.925599179302655450e-01
5.175747203303667776e-01
5.582415015901449618e-01
5.274319461258226704e-01
4.728114860620214466e-01
4.641692485905416499e-01
4.364755502301243539e-01
4.704465062729249469e-01
5.833430038114787441e-01
5.823654289303297205e-01
4.912266371343022020e-01
5.772671858387314892e-01
4.461338451070274158e-01
4.643511495961959445e-01
5.189302129907673589e-01
4.941844069175971854e-01
5.147534977308169113e-01
4.137083987495729920e-01
5.102916885903946431e-01
5.332599824427338708e-01
5.137278489641999846e-01
5.109729341581081830e-01
4.891357040614092155e-01
4.977917477882225494e-01
4.759032247403275351e-01
5.217512611831607305e-01
4.477676014169837959e-01
5.654801049542590441e-01
5.315811901680382867e-01
4.863756638886597705e-01
4.596032970794663997e-01
5.712219438785686165e-01
5.523761341969860572e-01
5.901493219758731090e-01
5.140303259269113356e-01
5.531881886134039084e-01
4.886118239723278300e-01
5.332379834445937217e-01
5.218166876939109855e-01
4.796862046968673465e-01
5.601051670361355539e-01
5.758489552742854789e-01
