4.846757848769168153e-01
4.959651388780033088e-01
4.901455037445162088e-01
4.973538531301824328e-01
4.843697325421686961e-01
5.318608313060126935e-01
4.852418637824931769e-01
5.779313656543982880e-01
5.515650947630923451e-01
4.886905057275807707e-01
4.926562017225550871e-01
4.802915801380657768e-01
5.026782255146206024e-01
4.945398738568215768e-01
5.765490871799041628e-01
5.118935875727418372e-01
4.375492453985441732e-01
4.697615993341293650e-01
4.356554207836782489e-01
5.384719585168978861e-01
5.202220213570818430e-01
5.068353735047780306e-01
4.731301351472086969e-01
5.264082542872168258e-01
5.007156377853162477e-01
5.189202746145570311e-01
5.221676943471721399e-01
5.097643086873443474e-01
4.473623754365640970e-01
4.464820376256299350e-01
4.932359513859989053e-01
4.233400379846716244e-01
5.129903730864803224e-01
4.222642414630428109e-01
4.551581363222431120e-01
4.895851690111273080e-01
4.827407211111039431e-01
5.052679243680597843e-01
4.583420422323248866e-01
5.352645960975701556e-01
5.504019254770794456e-01
4.793686163033782366e-01
5.251528611380232858e-01
5.276853510169914330e-01
4.923955069365923976e-01
4.560371627157394636e-01
5.398965792047510925e-01
5.716249957160345341e-01
4.546915171282023271e-01
4.629139275667792375e-01
4.672868243235160923e-01
5.150919175164072605e-01
4.980084737286218366e-01
5.274548212929188740e-01
4.840763777268765611e-01
4.707199742542720888e-01
4.311179058320426249e-01
5.122072074413249743e-01
4.998292223420264802e-01
5.389609884783376215e-01
4.931915682956130587e-01
5.022413103200938922e-01
5.550825285683024246e-01
5.095499966882197640e-01
4.854586452159203591e-01
5.286209489908556547e-01
5.161504915375607627e-01
5.267143264579251527e-01
4.380144951564208800e-01
5.499477442740370314e-01
5.156639711293111716e-01
4.296476146826659903e-01
4.798094691645642396e-01
5.051682186859071111e-01
4.856384868039348990e-01
5.381895859800468473e-01
6.242296929492366919e-01
5.215346312197325362e-01
4.945577016500788958e-01
5.395755183635621011e-01
4.982663210301894186e-01
5.817675945658775660e-01
4.983473783727688233e-01
5.766219080409757947e-01
6.001480806992781636e-01
4.283985335275389272e-01
5.208368125087314837e-01
5.282884776533818272e-01
5.789267018896595562e-01
5.184158988112890221e-01
4.696566587217349542e-01
5.126652936495759150e-01
4.723967300951211201e-01
5.028769252703885195e-01
4.674442347033521128e-01
5.006570007884553197e-01
4.843152652742948039e-01
5.190124864874287036e-01
5.318840181040076498e-01
4.473454829523877407e-01
