4.566107508984814101e-01
5.710455482411463946e-01
5.543591807364137702e-01
5.395059837941820202e-01
5.543343361379146073e-01
5.370274100656845517e-01
4.234159575687129196e-01
4.686810313822282748e-01
5.245419353369725757e-01
4.814384366895450018e-01
4.937845741693470680e-01
5.016231539718692956e-01
4.736129103613491154e-01
5.154783553533531792e-01
4.949648426048067207e-01
4.970583053195381518e-01
4.486781652754089356e-01
4.753548439011485160e-01
4.722570051176961381e-01
5.604510848674133516e-01
5.164258791627860390e-01
4.732468472589003716e-01
5.869142665339223131e-01
5.265936956744726727e-01
4.827308275248476388e-01
4.612668530391904609e-01
4.878094886344724324e-01
5.061256740028097223e-01
4.519872759260910589e-01
5.311520404366308901e-01
5.137065905674899069e-01
4.347955629901493757e-01
4.687572423791536713e-01
4.988638600530669875e-01
4.868595968245315042e-01
5.024616336210054879e-01
4.127864677209285293e-01
4.646759362154506690e-01
4.507655761069380151e-01
4.647058229809186702e-01
5.218291920300935915e-01
4.653620834174444498e-01
5.837403034065572482e-01
5.030467520840401496e-01
5.080366749266482795e-01
5.502733502003899213e-01
4.619583798054333612e-01
4.723989560562014134e-01
4.576570970684536444e-01
5.453641523240626565e-01
5.296174994122380131e-01
5.417624364967392747e-01
4.759569545764897880e-01
4.943651740197133604e-01
4.780746610091105020e-01
6.202191130332455060e-01
4.511387806763111907e-01
4.884515034379875442e-01
4.877109504515992899e-01
5.593395192950226802e-01
5.299916133414842578e-01
5.469998100108118821e-01
5.724018998627812271e-01
4.136474482199061775e-01
4.080840553262891079e-01
4.304512543217153819e-01
5.123123151025347211e-01
4.498219946431832317e-01
5.523434927255351790e-01
4.961786323924907149e-01
4.675710021589363219e-01
5.299638764427653248e-01
4.781447208810094551e-01
4.673812545646164884e-01
4.766919900209590777e-01
5.758862856449638024e-01
4.573038118290372878e-01
4.824583718687481815e-01
5.295917906894950233e-01
4.217749248133683682e-01
4.943621861253373884e-01
5.819037389034900087e-01
4.386489306739929095e-01
5.309841062623896768e-01
5.592112730765440576e-01
5.277295966357957724e-01
4.923476542418336321e-01
5.939446360385051138e-01
5.553832880393020366e-01
4.723332653266775760e-01
5.436427102216657703e-01
5.230204683686107137e-01
4.785944724106278580e-01
4.683343769200455364e-01
5.667598898872107105e-01
5.016340406487120873e-01
5.633769138921330688e-01
5.421972626306722498e-01
4.948149070008153738e-01
4.662466377993233491e-01
