5.158604447601756737e-01
5.557480955920000021e-01
5.084473992424236588e-01
5.168846914779895441e-01
4.681910569374251319e-01
5.206325206338435763e-01
5.998726405600418587e-01
5.307624695896818734e-01
5.463754834489452650e-01
4.608425859766903110e-01
5.463648648433698796e-01
5.572892822575508109e-01
5.573236256162931168e-01
4.497596932004362946e-01
5.079383774876999880e-01
5.115765075844340704e-01
4.955225747562611027e-01
5.617110535340973376e-01
4.833163094363882584e-01
5.496057948608406019e-01
4.866792503520613877e-01
4.542212635461111425e-01
5.099986621288710165e-01
4.922826556956521049e-01
5.225710468763469230e-01
4.365544349248778322e-01
5.108786568901175773e-01
4.821175272747069696e-01
5.077237213630947377e-01
5.118957867732312206e-01
4.084119274417075673e-01
5.106255086422429867e-01
4.853663450094199416e-01
4.428882200448191475e-01
5.443436268725355687e-01
5.528995008428461144e-01
4.688044126396648803e-01
4.648505394647270417e-01
5.017584209019434471e-01
5.053624606004146758e-01
5.086178408951170793e-01
5.503017431903242107e-01
4.755762191779795423e-01
5.681583642985725824e-01
4.780727421518493614e-01
4.725258076978486321e-01
4.850842896260869619e-01
4.666019902658286589e-01
5.446621164981657603e-01
4.491964945616452320e-01
4.746106922665838113e-01
5.333028168682156789e-01
4.667363694964349885e-01
4.177113846665255203e-01
5.890108225595013236e-01
5.032247754573991871e-01
4.871742753591710162e-01
4.548336436202554123e-01
4.834368121089011039e-01
4.555407931325117787e-01
5.477169894551671137e-01
5.643668923677472860e-01
4.466732552038686355e-01
5.433722800252460683e-01
5.175530112822132045e-01
4.839139675652537331e-01
5.425451856234154713e-01
5.370577539802745548e-01
5.679620578934815311e-01
5.245932690848602586e-01
4.943826647186944090e-01
6.252596341916935030e-01
4.739732159470046446e-01
5.104123448851402012e-01
5.392149842876330368e-01
4.460105894814530014e-01
4.440770869346688521e-01
5.021364172667499570e-01
5.089650921138488826e-01
4.883955123124643083e-01
5.264625441092628533e-01
4.930949812163730739e-01
4.864434231253640939e-01
5.653339955236046377e-01
4.808049241786575556e-01
5.235183085566575967e-01
4.852809352197574588e-01
5.155183113596896183e-01
4.754298855469221707e-01
4.338775700276747971e-01
4.372892210807881597e-01
5.433799412611702850e-01
4.825649994515950336e-01
5.527734280899443409e-01
5.047828554134252688e-01
4.646067221475334574e-01
5.327750075024262344e-01
5.547310817403415806e-01
5.274680071212645149e-01
4.489637687938876076e-01
