4.119150548272775825e-01
4.382457341450378130e-01
4.450452799695941430e-01
5.043001285275779955e-01
5.405118315838282061e-01
4.876517560930099249e-01
5.250471456997113373e-01
5.417608813263794509e-01
5.076039914552791243e-01
5.487984630576235867e-01
4.694615269488674469e-01
4.472578916693258910e-01
4.878681274603657303e-01
5.038841047694335717e-01
4.963986200611033572e-01
4.917990205774750989e-01
4.803874419592338296e-01
5.235535037070750963e-01
5.093367544649203271e-01
5.052375334733002488e-01
4.212795192620916174e-01
4.910918025549001475e-01
4.742000110579012717e-01
4.882632553203306580e-01
5.265461649302547453e-01
5.384241815201856740e-01
5.011615572259490170e-01
5.288987700025097327e-01
5.495196476739548919e-01
4.913064168603868409e-01
5.710427100863444405e-01
4.767183264613724658e-01
4.750703147947983873e-01
4.811239070442850374e-01
4.457026322610561642e-01
4.949947739209825115e-01
5.293974441380381313e-01
5.365187743694574962e-01
4.721005816660938104e-01
4.954675068518560876e-01
5.394028512483720617e-01
4.811523485004113310e-01
4.642165813430212395e-01
4.830102238431093764e-01
4.950053933762079694e-01
4.784837859467041543e-01
4.783249973992248494e-01
5.038478746421793941e-01
4.953788356092328482e-01
5.009290881852002109e-01
5.625806899687099127e-01
4.354033750897348676e-01
4.879150785919442179e-01
5.105958445768550291e-01
5.531291958603463677e-01
5.344480343981953263e-01
5.423963500234538770e-01
5.263472929810376622e-01
6.112237572927555762e-01
4.806835464054894369e-01
5.120845393915144372e-01
4.603458519675616700e-01
4.979250137740839910e-01
5.038175802270860038e-01
5.536066807419535163e-01
5.325530993436233818e-01
4.913213238864304611e-01
5.238288877370010921e-01
4.450718662699325590e-01
5.444631348409469940e-01
5.147933582003388908e-01
5.769673843524478762e-01
4.725288504385126154e-01
4.478911409556555756e-01
4.358941127081123468e-01
4.366186010340536994e-01
4.571692527492547953e-01
4.588435100874176387e-01
5.074245428588213258e-01
4.900080819381851249e-01
5.178474445718145303e-01
4.957462935331808929e-01
4.670519888401786224e-01
5.552159006836562272e-01
5.491565809007813437e-01
4.373831263560932769e-01
4.866150781625979693e-01
5.167826200247942481e-01
5.053991981022332158e-01
5.172788020229025507e-01
4.848563903558716359e-01
4.868376228619576418e-01
4.926993039941719443e-01
4.565347262892583968e-01
5.037673936794816454e-01
5.072599816213051449e-01
4.980840260481402826e-01
5.694547646313946609e-01
5.182626357701066722e-01
5.050890429156986716e-01
