5.271028843182057333e-01
4.918611323164477911e-01
4.372053120572308993e-01
4.740967357523078740e-01
5.173467030963831981e-01
5.136623249362338717e-01
5.686724676189989225e-01
4.512894683402012275e-01
4.900542420409882971e-01
5.716338454232331445e-01
4.839904556011611625e-01
4.721765528546753021e-01
4.914612746011208233e-01
5.151216753148835092e-01
5.305597460944669885e-01
5.347628701647854088e-01
4.928299286292373016e-01
4.890461818303990515e-01
5.852264343768005528e-01
5.231587381059836783e-01
4.962170956411440237e-01
4.755769816427138363e-01
5.583634702990118992e-01
5.304069356199564433e-01
4.633689240179344471e-01
5.303538456683239977e-01
4.757626895710037052e-01
5.110744825695012761e-01
5.232672874450832179e-01
4.602812806499840814e-01
4.257305661897556326e-01
4.879781593978959608e-01
4.804183890492498832e-01
5.873847205878263145e-01
4.628938547198337972e-01
5.196257831280652884e-01
5.246732517525244388e-01
4.920422896870891294e-01
5.633996922504438398e-01
4.872205722789898497e-01
4.737686283189570524e-01
4.961798788187207765e-01
4.452438603029391095e-01
5.594506795668812149e-01
4.927332417926100772e-01
5.691947101733955128e-01
5.413977719815139533e-01
4.917705821149646606e-01
5.092019793070942102e-01
4.481128550856636750e-01
5.837588234161417144e-01
4.799625608749087946e-01
5.379229748700379288e-01
5.150292859487201058e-01
5.269143296814775557e-01
5.485843047063720945e-01
4.936376055165217491e-01
5.206016465644156543e-01
4.615949819221244477e-01
5.391729475246994641e-01
4.953625414570347330e-01
1.424240303736285185e+00
5.040735110873092450e-01
5.662888330199786768e-01
5.144983871771918738e-01
4.687765374515124317e-01
5.269846676193771229e-01
4.888443983274983751e-01
5.296578616295882780e-01
5.692081469848743192e-01
5.752716197416655186e-01
5.240084147781922663e-01
4.730801346090443560e-01
4.360918135427747089e-01
4.806129014936815769e-01
5.474715693341233314e-01
4.878366578744262605e-01
4.991557473066350337e-01
5.067521136330414011e-01
4.679858524537628406e-01
5.060078801136176363e-01
5.188274740300645727e-01
4.888786002979909062e-01
4.957088702029875948e-01
4.341049544949150962e-01
4.869121950950882627e-01
4.350992652054035958e-01
5.155766870770133181e-01
4.428360564617348505e-01
5.120153409945658041e-01
5.270452114957518974e-01
5.165371146064438035e-01
5.061015503226127255e-01
4.658882487360946900e-01
5.167623972971554513e-01
4.749426621607950039e-01
5.448670469053767951e-01
5.093342001276078834e-01
5.293181020498729517e-01
5.379015138433482779e-01
