5.230392808909166691e-01
5.026707241793350045e-01
4.951418003674448176e-01
5.144074858594319677e-01
4.854298700124188848e-01
5.333704424138125955e-01
5.284892298688562695e-01
5.431598702032962578e-01
5.600449833740900329e-01
4.839006730817264623e-01
5.177869529503759116e-01
5.214249320459880543e-01
5.271726921416520772e-01
4.897739273573452623e-01
5.062391944340254302e-01
4.883462581301112326e-01
4.751794326461792894e-01
5.595738537808546686e-01
4.760593639578307723e-01
5.596247128046111241e-01
5.173768930316273718e-01
4.649780714056606090e-01
5.234482308096826131e-01
5.655005802608639165e-01
5.184461703659491993e-01
5.029668345234404869e-01
5.640624288625295524e-01
4.576117629629184447e-01
4.638513612115269802e-01
5.418974593414450647e-01
4.902368506331746811e-01
5.061164597318863478e-01
4.969085374888772000e-01
5.108180725599916761e-01
5.101447461057668775e-01
5.082621655048439324e-01
5.152335505641606472e-01
4.444304133250419619e-01
4.820360330573407182e-01
4.599218579792365702e-01
4.826035911000993717e-01
4.779542349050721617e-01
5.002185881030888348e-01
5.122282859605482574e-01
5.655391224021014684e-01
4.464988652907583289e-01
5.728421352355167473e-01
5.803268690290831477e-01
4.471759729890613100e-01
5.123617498874046827e-01
4.452752170891773886e-01
5.164543880626123462e-01
5.161702636030107705e-01
5.295918273041035906e-01
5.119729316876872049e-01
5.249914290723305399e-01
5.175983978102861593e-01
5.478509594857436937e-01
5.428951213513275587e-01
5.220817428477073641e-01
4.841026936154484428e-01
5.103583636665683931e-01
5.233522576132542126e-01
4.772832428758383982e-01
5.744083739453873516e-01
5.101687922732704994e-01
5.346989573438545307e-01
5.187479169889379627e-01
4.682102341030125459e-01
4.735296107396946841e-01
5.509669787037765332e-01
4.593650302651406392e-01
4.713132985055847324e-01
4.758764943790327329e-01
4.394071709595758768e-01
4.726447465965105676e-01
5.383064142636030391e-01
4.636806440688313602e-01
4.227611879750259871e-01
5.761236297944277718e-01
4.601673219742948295e-01
4.933560392696548225e-01
4.633451346357899681e-01
5.312540479451185460e-01
4.749206193000931608e-01
4.846303171241868046e-01
4.963320681773288889e-01
4.248433347965338003e-01
4.447273913786340960e-01
5.548702318377813913e-01
4.762981915630372654e-01
5.137448663353457734e-01
5.209793104648149376e-01
5.820326866328102700e-01
5.010015056058995109e-01
4.543011483528350825e-01
4.966286766161838728e-01
4.934646505705155284e-01
5.465722580867886649e-01
4.984812599346490902e-01
