1.357677427282142446e+01
1.316371936472938309e+01
1.345298739496702645e+01
1.334441307174978064e+01
1.341375794760596918e+01
1.324864067465936657e+01
1.336622043381615121e+01
1.383517965141045458e+01
1.343253994456987854e+01
1.340160005551704536e+01
1.342138185556949104e+01
1.346307682276476214e+01
1.353692437835319495e+01
1.324822081702270182e+01
1.361859240427576800e+01
1.342945060098549703e+01
1.345055312581977880e+01
1.338125180234532863e+01
1.375897070765453023e+01
1.329553853700503474e+01
1.332806836015375929e+01
1.341119548495557900e+01
1.345840146846974683e+01
1.358012763286578917e+01
1.342040530055319181e+01
1.338084288000722033e+01
1.341117956208933393e+01
1.335012399597103716e+01
1.361445899741859833e+01
1.349579849089777817e+01
1.338123401704161708e+01
1.357005938396540756e+01
1.325609478395409724e+01
1.344244499329255049e+01
1.335652383059298387e+01
1.350062491131157394e+01
1.317104724317875508e+01
1.339350716435517263e+01
1.332662951066747503e+01
1.362754825258793545e+01
1.339128701697512014e+01
1.358250670398843241e+01
1.364275578145758594e+01
1.351023411393225793e+01
1.344336582447105854e+01
1.349079752691863909e+01
1.330578468487359167e+01
1.352069371254227015e+01
1.365958688971146273e+01
1.337600955812801651e+01
1.352318340614057668e+01
1.361843805527017182e+01
1.349641367021886396e+01
1.355228476210734989e+01
1.340151402213224152e+01
1.352150717864796370e+01
1.346568875044266100e+01
1.336361183953600040e+01
1.347872176991616122e+01
1.340530592253153763e+01
1.383677106473325935e+01
1.362949212599498239e+01
1.387463525503375905e+01
1.358180808426326180e+01
1.340108832334447975e+01
1.330105936134370204e+01
1.335009608045166196e+01
1.348046895630736053e+01
1.354487932360498803e+01
1.326731157314593545e+01
1.339386667083408966e+01
1.349267102022693976e+01
1.361038130528853607e+01
1.327785560438639934e+01
1.331259820606105038e+01
1.349982095183389497e+01
1.350780557789256520e+01
1.342495510972384309e+01
1.366673012142042509e+01
1.338328911701723989e+01
1.359584178362178264e+01
1.344717201579486598e+01
1.338341659586281196e+01
1.362902987837136237e+01
1.344300132016187455e+01
1.338183990571306836e+01
1.348673358961293012e+01
1.339243533679101894e+01
1.342648240688636996e+01
1.347493734991140002e+01
1.353751944731865464e+01
1.360597416245843228e+01
1.342507178718685523e+01
1.365243400766101090e+01
1.375454137578898361e+01
1.364366660751459648e+01
1.334212952971657273e+01
1.345972474690439924e+01
1.351489730577299575e+01
1.341379782697514322e+01
