4.982706326287347220e-01
5.347572755553926527e-01
4.945095520613180806e-01
5.226033913815788523e-01
4.826954796132004177e-01
5.431023624882125311e-01
5.097752167478901697e-01
4.894257254392601619e-01
5.301265684894360675e-01
5.105713742473544370e-01
4.723533529350679716e-01
6.299106545728754281e-01
4.549128015113575452e-01
4.524127164413521696e-01
4.349311918940139687e-01
4.954303237910324120e-01
5.083427443226040676e-01
4.747180752502621615e-01
4.916012426609734365e-01
4.557409651382265947e-01
4.415669530883065685e-01
4.405698921866414430e-01
5.388600596283625865e-01
5.327411194656647142e-01
5.082224837388628069e-01
5.101280615627855619e-01
4.696678829224302243e-01
4.974493585238691229e-01
4.725238479850665807e-01
4.425084944623774996e-01
4.822024740421953504e-01
5.343190738585461563e-01
4.934162624820042087e-01
5.049900805134982518e-01
4.997460692414141814e-01
4.859599320886426321e-01
4.790381776938980041e-01
4.856971497524639747e-01
4.784741645720629322e-01
6.095027918884851070e-01
5.391542326497893445e-01
4.877692418362583049e-01
5.060449508097318860e-01
5.191928914356185309e-01
4.856700313667235425e-01
4.869728970345577057e-01
5.070319915609814432e-01
4.305604259730051453e-01
4.997267936895539719e-01
4.840976443380013428e-01
5.361802504443649031e-01
5.182611543995158110e-01
4.597278798520289533e-01
5.435230959271940554e-01
5.135224133232320076e-01
4.556766645533308902e-01
4.557314607242607396e-01
4.587638805743145531e-01
4.737634719845262299e-01
5.423865901812270351e-01
5.286708326201735586e-01
5.162062413752885881e-01
4.521986658871690601e-01
5.253946992930093041e-01
5.213331563309656635e-01
4.526324944237846148e-01
5.423527850214490131e-01
5.122490468217474335e-01
5.887503856396536506e-01
5.558600106585782630e-01
4.812552309074062395e-01
5.570582387972458083e-01
4.977289090423138718e-01
5.562329013669315980e-01
5.700147554758802082e-01
4.969426673161305708e-01
4.820172534155908184e-01
5.409055782204045260e-01
5.227810968770345568e-01
5.546010675201606954e-01
4.196759389488320391e-01
5.104158762570243368e-01
4.445798602181686987e-01
5.293418619320137131e-01
5.135496229158731385e-01
4.946076252302324949e-01
4.952632823169251797e-01
5.041734245139679604e-01
4.943956213583001191e-01
5.315427202688519648e-01
5.383927193941793199e-01
5.216702545809566161e-01
4.604266444321180041e-01
5.069309042858852754e-01
5.394074399539170450e-01
5.175063220395726971e-01
4.866435946677969415e-01
4.688974710853719974e-01
4.534156131198173734e-01
5.279813389976310001e-01
