1.366747207683581422e+01
1.387202333878300031e+01
1.350419029807328464e+01
1.383987806112742192e+01
1.359802854102695058e+01
1.373621407288659491e+01
1.385267849663278916e+01
1.364294162269608890e+01
1.406329074782635047e+01
1.364855171850663496e+01
1.347544517888037063e+01
1.357741826870295299e+01
1.387549042788682385e+01
1.362495922005385296e+01
1.399453905227490402e+01
1.366403285523167455e+01
1.376146571199684843e+01
1.381295597897298322e+01
1.366345148326501047e+01
1.381580012439980187e+01
1.378096660550042252e+01
1.407599925971861587e+01
1.377415845255835336e+01
1.366383057980277727e+01
1.349066265226660732e+01
1.362980595097798719e+01
1.352674501479725855e+01
1.397335072134036338e+01
1.403508605222655170e+01
1.373095063214507761e+01
1.377793285016646330e+01
1.381521657718878338e+01
1.366236837085503275e+01
1.381804876153633366e+01
1.351232720512119023e+01
1.352423936222221812e+01
1.339145935215944938e+01
1.382671253274122769e+01
1.355614789815593113e+01
1.369666992741383993e+01
1.349936670859520582e+01
1.372455402272443692e+01
1.367555353000141949e+01
1.371927501111801639e+01
1.328869570234307673e+01
1.417398383200301915e+01
1.344378906610964286e+01
1.374852801093806853e+01
1.372082809009519266e+01
1.400299017404416091e+01
1.396225041454552063e+01
1.352858499367472866e+01
1.376124614672975532e+01
1.362037248019457891e+01
1.387847301037461101e+01
1.374060256510558631e+01
1.390329880207154112e+01
1.347742677124141153e+01
1.373708126750894998e+01
1.372067970915037272e+01
1.353876577531051062e+01
1.364383590678341385e+01
1.357095598365199152e+01
1.361666485575774210e+01
1.354157424814746946e+01
1.368577258325664125e+01
1.388288509550428707e+01
1.348132255115494971e+01
1.388691103160830487e+01
1.368366052884190864e+01
1.358812669473276813e+01
1.357999980974573973e+01
1.357644132265637360e+01
1.384073539607333103e+01
1.336454389386140740e+01
1.377208189344849742e+01
1.379352253285810193e+01
1.353889384137861995e+01
1.363404680522823575e+01
1.358980409151824276e+01
1.353067537019719957e+01
1.352035400690932931e+01
1.347007542618842635e+01
1.344934180483860686e+01
1.377481064493675689e+01
1.351322202004608286e+01
1.381388822056548804e+01
1.355761380906469959e+01
1.373765814584848854e+01
1.380261648421527276e+01
1.366905834232828276e+01
1.378032206441940666e+01
1.364499552861045828e+01
1.335015337638879451e+01
1.346756138401356928e+01
1.402980328123629405e+01
1.388271306748296219e+01
1.340175172940218040e+01
1.410451112567286103e+01
1.375280252207737597e+01
