4.938917659101410007e-01
4.999753110943118140e-01
4.964776083354253133e-01
5.288808686237801426e-01
4.331318255918691351e-01
4.603438577873719129e-01
5.040633851402389620e-01
4.938209709755752574e-01
5.519392585370532789e-01
5.227487815948860250e-01
4.945077526732541973e-01
4.696363240835919606e-01
5.791004828991898057e-01
5.028355500964282188e-01
4.462166600284269702e-01
4.832431991437647345e-01
5.318363084353602277e-01
5.014126217970336086e-01
5.827817267020458658e-01
5.109963797618689574e-01
4.802162694546585620e-01
5.552325963281382615e-01
4.750378023860346022e-01
4.440513945920732120e-01
4.972306311294918957e-01
4.929093096435746002e-01
5.052138031199666646e-01
4.383587113867493112e-01
4.922868694486245977e-01
5.140418948811374955e-01
5.418130477593205985e-01
5.295263012149660220e-01
5.113577079338031961e-01
5.313014415719380379e-01
4.678924300025342764e-01
4.883655699546996520e-01
5.351395902860172082e-01
5.418997048798652738e-01
5.602785363209286107e-01
4.921912226252905254e-01
5.159435462776146286e-01
5.829246132601800801e-01
4.910387540613538881e-01
6.232634626603368311e-01
5.313892131527077067e-01
4.775634803022115737e-01
5.319206070037455492e-01
4.740449284305165434e-01
5.575008474603387887e-01
5.071157919919246915e-01
5.168824913805871724e-01
4.364615307523619925e-01
4.954774561066939143e-01
4.934212048995725852e-01
4.678809217698081113e-01
5.426342283389026244e-01
4.631301060690153348e-01
4.531337334587267618e-01
5.135631975696537399e-01
4.540791219646287957e-01
4.635645100452341905e-01
4.822953796497781442e-01
4.246798152974179952e-01
4.653161971310444955e-01
4.645758634825022382e-01
4.825157436261104937e-01
5.920815034295499046e-01
4.824538402107669266e-01
5.591294629883083456e-01
5.219492770093090428e-01
5.207006396885232036e-01
4.761041401265834749e-01
4.394893048320034357e-01
5.324344060187365946e-01
4.635280759212576096e-01
5.405557035622323703e-01
4.308273158143408610e-01
6.093621615111608492e-01
5.205113791382105504e-01
5.251778939027188509e-01
5.145229221428201383e-01
4.982501575017244111e-01
5.275872544615506365e-01
5.409970857298557201e-01
5.331125676183467998e-01
5.307101740335157247e-01
4.805993941245925716e-01
5.637223229904346766e-01
4.651696927181173669e-01
4.523040452065521522e-01
4.450030100859651561e-01
5.447075370134635275e-01
5.196795849027424641e-01
5.006766020078268209e-01
5.106670793050126500e-01
4.921623042688773042e-01
5.343719174225525226e-01
4.672317468499488369e-01
4.917251197497254922e-01
5.583922846878768276e-01
