5.273186244497721775e-01
4.559791099493906708e-01
4.829851426992399221e-01
5.052179690935892920e-01
5.400788274775867315e-01
4.792567370330589327e-01
4.711524705460694573e-01
5.105254204780751426e-01
5.059760256756414831e-01
4.831954478210514492e-01
5.094258402658000673e-01
4.599957170460827749e-01
5.189639646753387847e-01
5.101526637337244763e-01
5.376820824688726130e-01
4.733910859037515628e-01
4.836626746831396151e-01
5.108721898049282117e-01
4.324794020462266464e-01
5.290099362552305173e-01
4.634899637844881459e-01
5.156936677798873436e-01
4.330896519749607987e-01
5.511129860528708457e-01
5.761273549366627833e-01
4.946211574365437791e-01
5.091534718109170798e-01
4.257424204236890941e-01
4.643719210082982163e-01
4.562488359770692781e-01
4.890844237610325607e-01
5.340359429938381641e-01
5.497679872354843678e-01
5.363179591729174689e-01
4.705908587168211032e-01
4.701102861814683287e-01
4.861356085866833654e-01
4.931071749952740113e-01
5.368673663998108081e-01
5.587562579395428664e-01
4.893228518708222508e-01
5.456216191543777905e-01
4.778363380093469392e-01
4.959247575888682258e-01
5.387187936923103493e-01
4.409364515694240705e-01
4.712694008742730478e-01
4.716065683298023559e-01
4.673552722755112687e-01
4.718179299161251450e-01
4.877617602095083438e-01
5.551726634426221718e-01
5.164424961866854735e-01
4.873338949337890358e-01
5.338118795708360897e-01
4.849096467477218009e-01
5.027530774157802362e-01
5.199049570607140458e-01
5.330132538831698907e-01
4.633782768143392405e-01
4.874047119672226813e-01
4.632642164438649512e-01
4.791151583613987852e-01
4.663238781122227561e-01
4.842208937067974950e-01
4.734147205687314064e-01
4.520394366968913946e-01
4.710109568142329395e-01
4.899163114253909379e-01
4.695644694167873112e-01
4.137405913094473475e-01
4.515927151088642844e-01
4.666758788755325793e-01
5.038090442004490299e-01
5.135419990986359595e-01
5.096511296636389021e-01
4.900981250904477005e-01
4.882588314257254036e-01
5.662400821886576230e-01
5.453345624466381381e-01
4.966868231510819243e-01
5.042182164970244740e-01
4.686451731401537479e-01
4.793779631239308281e-01
5.279945228578637462e-01
4.861985251335514402e-01
5.403526115271611863e-01
5.671734535005293898e-01
4.678054590105636956e-01
4.567073228881076696e-01
4.859634636660760676e-01
5.903718598120729633e-01
5.433576195229850025e-01
5.296522011267860153e-01
4.974246983510242637e-01
5.080756245298546636e-01
4.443950036708241846e-01
4.938179589461191843e-01
5.195185569119944446e-01
4.948820860932077181e-01
