4.641152289703271427e-01
4.445111973446901343e-01
5.230332467557368137e-01
5.666445498941287129e-01
5.292480390999668716e-01
5.440691705405670264e-01
4.001320717340557942e-01
5.051135693343066224e-01
5.171678457017105934e-01
4.617693293248689712e-01
5.773884095187523657e-01
4.917649828173350501e-01
5.345907166157324308e-01
4.790838715946541537e-01
4.863336785142495788e-01
4.712054620015017070e-01
5.065680546857416200e-01
5.105355371666246977e-01
5.181427791075963185e-01
4.231402171215086772e-01
4.544089254732509020e-01
5.578184845514400081e-01
4.995513767746629363e-01
4.979522174015601488e-01
4.485217240264590122e-01
5.134878381623069199e-01
5.250950436897539042e-01
5.531721614643470009e-01
4.929104143354827161e-01
5.179195646950400800e-01
5.213807044994451800e-01
5.145332996477488541e-01
4.950576979829324764e-01
5.694379515265907132e-01
5.128843958987340246e-01
5.092949622436447887e-01
5.527611565396648441e-01
5.385009413695398539e-01
4.247243885412410602e-01
5.505208124663966140e-01
4.714526673347171348e-01
5.173705286688259353e-01
4.886631696606550390e-01
4.432367655633371317e-01
5.070832073532516304e-01
4.748991862587110258e-01
5.547738716690449046e-01
4.974557077935891636e-01
4.421527521138024497e-01
4.732143037313710776e-01
4.896517755053781396e-01
4.648297199040616334e-01
5.014123748508880762e-01
5.265788094701077116e-01
4.569888930927252235e-01
5.167359083328059155e-01
4.985307273093690927e-01
4.908833121338548877e-01
5.348263315176321475e-01
5.108296058200637590e-01
5.728249143629136064e-01
5.612454491178033855e-01
5.221836556694670062e-01
4.922892769183353501e-01
4.943601856506744663e-01
4.732512105816516490e-01
5.373008015959199746e-01
5.083342754732627089e-01
4.796148902786930845e-01
5.063382924036754495e-01
4.856617557843964095e-01
5.271900169273220360e-01
5.121076933012619348e-01
5.335709970795120549e-01
4.912745795675136362e-01
5.346302284885603440e-01
5.494849293697979808e-01
5.671579823175012525e-01
5.072055415888270247e-01
4.573331044586400052e-01
5.098519900762208401e-01
4.806004324797016336e-01
5.300511559315229659e-01
4.631277520390089664e-01
5.055269603200528428e-01
4.808302472890526036e-01
6.145249732676107968e-01
5.594826081817523278e-01
5.172814533475159626e-01
4.763428908849545729e-01
5.607229857322417743e-01
4.677707623571901174e-01
4.329044482130110505e-01
4.335117742161517240e-01
5.411090594731210457e-01
4.754430158435722364e-01
5.038916744211694443e-01
5.121172927690911258e-01
4.197123088367818999e-01
4.938125945361266367e-01
