4.930985152325670917e-01
5.088110326528243466e-01
4.905698110485429697e-01
5.465194066431402486e-01
5.440763862594852895e-01
5.065852658664293795e-01
5.664139856267749185e-01
4.760738217244223636e-01
4.647091410302807701e-01
5.173949202503308475e-01
4.784514923764048855e-01
4.657590842683224097e-01
4.423101581847208030e-01
5.924773738171629223e-01
4.556758570860848234e-01
4.554256137082419165e-01
5.433222634462543388e-01
4.575482169382358855e-01
4.558556184770172215e-01
5.563816463807595980e-01
4.875544511797215153e-01
4.915507852602248318e-01
5.149109390870293401e-01
4.621438344443781210e-01
5.184213848678590475e-01
5.015443280840752305e-01
5.022284889165510302e-01
5.647585223704275625e-01
4.678929810031064451e-01
5.180838426393350460e-01
5.091077618957143835e-01
5.044373296039448284e-01
4.760355205424141034e-01
4.910863341914186719e-01
4.665547332895510491e-01
4.912649857398249109e-01
4.811249297452633855e-01
4.960839439951819640e-01
4.823289737841838232e-01
4.498065494640427486e-01
5.474627935754367014e-01
4.968534137012750040e-01
4.767156211739747573e-01
4.451080594880274521e-01
5.393318624985421472e-01
4.813632504343304808e-01
5.767069503262889363e-01
4.475000605343020799e-01
5.007477135930082923e-01
4.850372920992567227e-01
4.488266739821054063e-01
4.548364531074958195e-01
5.093970939150408439e-01
5.048757071475742375e-01
5.531048026657363614e-01
4.529794636187264856e-01
4.547880930346938078e-01
5.116877377823039197e-01
5.224213870618672484e-01
4.950569629621887069e-01
4.638887680757458609e-01
4.550720893711542314e-01
4.930465005990228855e-01
5.468544661574156196e-01
5.617140610505459986e-01
4.899839457178615243e-01
5.239131628743490809e-01
5.137191535771900019e-01
5.673429980650869231e-01
4.969889391068783580e-01
5.009520035744711164e-01
5.196355931847075338e-01
5.436403937965997857e-01
4.728246785031137156e-01
4.535787312465084931e-01
4.065599502232152829e-01
4.844365393614509796e-01
5.121822663379967944e-01
5.078276987525608410e-01
5.145743524995090024e-01
5.481059693258558685e-01
5.390108833095582641e-01
5.803794598502752811e-01
5.115994600014933669e-01
5.173154236334166489e-01
5.095119626701133386e-01
5.122619113507229649e-01
4.590580481287686032e-01
5.497583244462499463e-01
5.150824263804046899e-01
4.932257526253315816e-01
5.059320370335184114e-01
5.579890149447773728e-01
4.926936600491085838e-01
5.147098611044330640e-01
5.569124531512151810e-01
5.521042978106740495e-01
4.741783883807297317e-01
4.891707550064322008e-01
5.052633703216649064e-01
