4.179451348759183893e-01
5.036893146453007564e-01
4.855339868283602978e-01
5.113783260995969915e-01
4.872993939227489579e-01
5.510464228386303676e-01
5.072999011087013788e-01
4.700463666048405043e-01
5.132438109125111447e-01
4.481734710159444024e-01
5.065729826529109525e-01
5.230336531047345972e-01
5.106623405072936439e-01
5.065337233939583017e-01
4.368101473991178874e-01
5.868075181500885806e-01
4.965690706457839276e-01
4.892933755186095190e-01
5.393269772826423392e-01
4.958981566333590107e-01
5.237597030320776392e-01
4.981791885598741976e-01
4.773155663518990899e-01
5.009638837273250322e-01
4.919763984751898689e-01
5.344956379693021065e-01
4.946626944850590624e-01
5.496894954787023835e-01
4.857381112743704987e-01
5.086651105460461286e-01
4.716172057328011924e-01
4.652962738878064219e-01
4.794524524174989533e-01
5.014480039607064343e-01
4.045587924958254922e-01
5.317796766978147849e-01
5.398818029541447849e-01
5.194000371528961768e-01
5.112539266159144002e-01
5.004177997470512507e-01
5.348652683888972525e-01
5.108696390009750399e-01
5.496345221318105212e-01
4.501962687627228399e-01
5.543568593375935993e-01
5.421389219563753636e-01
5.064904626415517308e-01
5.039354195657967939e-01
4.807413627328187555e-01
5.500274608451948266e-01
4.811080966872665621e-01
1.507540842620164634e+00
4.590544391980941885e-01
4.915721347697379895e-01
4.828023375704220688e-01
5.324844619851085703e-01
4.809392476809852823e-01
5.183488168624198478e-01
4.951900796557769380e-01
5.054082083159343597e-01
5.082403526190708565e-01
4.630732009454395781e-01
4.739593392916851555e-01
5.036085386135253916e-01
4.716432736025178429e-01
4.815290021818149357e-01
4.752385054449784207e-01
5.563226666076311888e-01
5.280284322511095141e-01
4.538311716045035915e-01
5.355052464448837313e-01
4.637253215324415034e-01
5.148058589321484746e-01
5.235824821445463906e-01
5.153896082069179263e-01
5.463031682093706376e-01
5.223662675207808581e-01
5.070590348621571986e-01
5.436221335529271004e-01
4.229800917672697502e-01
5.753211347286424360e-01
4.887051080759030608e-01
5.127575441469405249e-01
5.340177349475819790e-01
3.998971478609155139e-01
4.846833681228393531e-01
5.151489885022983994e-01
4.685185877546942379e-01
5.718471848418341663e-01
4.652029827073942414e-01
4.711917549816758144e-01
6.013227481371041794e-01
4.963800831996192375e-01
4.784519939342506967e-01
4.864886090942279750e-01
5.634727294359462846e-01
5.333486652835709441e-01
5.153589819368724623e-01
5.111856178088367564e-01
4.452874902707495419e-01
