5.626051528731638163e-01
5.254038637215272534e-01
5.000709816621737858e-01
5.373404855170109684e-01
5.311115246793952638e-01
5.294928615699724395e-01
5.179584113115766053e-01
6.214876829916131662e-01
4.868984471240642709e-01
4.309750539682294934e-01
4.787284498116995968e-01
4.777701535284560874e-01
4.727245483741120968e-01
4.411280535876043740e-01
5.110103151443274871e-01
4.932666861619402487e-01
4.907316422901264463e-01
5.183504367979858696e-01
5.303060138757429431e-01
5.342696307549379409e-01
4.470244044153238727e-01
4.554591039715716327e-01
4.350077576192491469e-01
5.132362392853266897e-01
4.555912753988574093e-01
4.385667811003873817e-01
5.161375400936086821e-01
5.071061360901074622e-01
4.838485192282031000e-01
5.473868472332840129e-01
5.294817550719581600e-01
4.698729957914230537e-01
5.046810425018519730e-01
4.573490131226326527e-01
4.652230372258680524e-01
5.744080231749729704e-01
5.230095197919044647e-01
5.007034386782190927e-01
5.392267227942464380e-01
5.106342712546402263e-01
5.358116912966648382e-01
4.780957904817466075e-01
4.866050547740177201e-01
4.971495038225260954e-01
4.769205786181811568e-01
4.562080725341969289e-01
4.962269955762587670e-01
5.288722841281080500e-01
4.434222907840762451e-01
4.454146117764060109e-01
5.546416876501266691e-01
4.538410119084900773e-01
4.875268889857140020e-01
4.853146748063388305e-01
4.852923056077145247e-01
5.811703266117226319e-01
5.554744590233237078e-01
5.176209774432212196e-01
4.595188915423447651e-01
4.656948955220334141e-01
4.676868089663656081e-01
6.395954878027000357e-01
5.420938034068270017e-01
4.886415771111189965e-01
5.251801194572423004e-01
4.889024225625863695e-01
4.407598923033098637e-01
5.312571210124693577e-01
4.688890962414772323e-01
4.748779170219006307e-01
5.222577431427247729e-01
4.007347860694727149e-01
5.272208056127007936e-01
5.152647364168781996e-01
5.554378911137679564e-01
4.872332237798201460e-01
5.131934322348145061e-01
5.117870054391714385e-01
5.490282884764132731e-01
5.493019034607390383e-01
5.083748399051826183e-01
5.867348346066819653e-01
5.151945362551573204e-01
5.104583225523441348e-01
5.430225616314666715e-01
4.907032399829079350e-01
4.817754257249060035e-01
5.072536512075050963e-01
4.273644298664529551e-01
5.407360406667564012e-01
4.899861130255400710e-01
4.662882211119081521e-01
5.530135215809528493e-01
4.935828156938290023e-01
4.966598875559480319e-01
4.399918941227430325e-01
4.785530679737614590e-01
5.292051923343922271e-01
4.850217808124815955e-01
6.047504285564768711e-01
