4.834502655112423164e-01
4.581066723221281500e-01
4.956415105861937676e-01
4.976462383540001255e-01
5.007897905805541727e-01
4.725565479387767720e-01
4.650505782125605170e-01
5.218908997886877454e-01
4.937765882730984490e-01
4.536881135084387395e-01
4.985239457033910915e-01
5.022086599885116076e-01
4.733990040569464597e-01
5.223778178854774357e-01
5.465668241633817592e-01
4.965420272360948628e-01
4.796139411889390192e-01
5.231642480934489692e-01
5.537949389951007939e-01
5.431968179078425774e-01
5.131452675615566505e-01
5.200788230342615615e-01
5.418014614048503041e-01
5.564215677031125740e-01
5.078211100564815617e-01
5.624538297458490099e-01
4.604420243583881023e-01
5.418941496095753818e-01
4.702760301864299941e-01
4.524727200961692342e-01
5.389150351252074422e-01
5.076196161234824977e-01
5.309665435899296737e-01
4.821012626813949709e-01
5.431995936757486598e-01
4.678461921073748808e-01
4.876807976167846781e-01
4.491687693228346712e-01
5.058323737955544575e-01
5.278728185368886106e-01
4.974756083992597500e-01
5.342489988246867938e-01
5.094889714419307269e-01
5.153689324950320172e-01
4.902935342260082985e-01
4.980741880264338284e-01
4.643743196139046292e-01
5.472915188394226194e-01
5.189639453081661413e-01
4.468989265709963910e-01
4.844422851448778600e-01
4.885667199515981718e-01
4.402754867967833552e-01
5.197280514026528797e-01
4.310660482377875469e-01
4.562851243433801440e-01
5.496741037553372067e-01
5.001589784542956885e-01
4.444763469200946338e-01
5.216941558310047578e-01
4.936393137550648125e-01
5.421272281494887713e-01
5.835431292320195640e-01
5.610903524343779925e-01
4.841669891774597612e-01
5.325961019790780293e-01
4.497834262267280669e-01
4.940803060874163766e-01
4.913990799175717572e-01
4.855884740288823331e-01
4.598827608415460566e-01
4.757004395775511485e-01
5.322191395533476532e-01
4.471128037481117423e-01
5.548334871782750755e-01
4.319061737021860914e-01
4.789008303356789287e-01
5.297437868726465604e-01
5.068481013208097075e-01
5.007173982768612364e-01
5.121834915335482519e-01
4.269742305086678957e-01
4.084587801044116673e-01
4.919128430628966209e-01
5.037367109432548951e-01
4.760658818610874476e-01
4.847601656113211810e-01
4.630155473037326774e-01
5.453398111597851372e-01
4.776789083010018477e-01
5.372393496565108784e-01
5.242756383433854195e-01
5.114122898325397237e-01
5.202394635393445821e-01
5.262800644965709429e-01
4.598823260163965587e-01
5.052777651380966351e-01
4.740122613528633400e-01
5.125368212094755238e-01
4.595757693766243657e-01
