9.138875833528366854e+00
8.448835958439653737e+00
8.548571722757577263e+00
8.666779113653854338e+00
8.476438254542681960e+00
7.384659853526697404e+00
9.405325195285952233e+00
8.385535260769414023e+00
7.445353220073630318e+00
8.570103723525098971e+00
9.134992975203255483e+00
8.408101233001637809e+00
7.455929766448733176e+00
8.253890694575918729e+00
8.397601846817163818e+00
8.383404247591361269e+00
7.422455496527505581e+00
9.277292685159871155e+00
8.409020446875228316e+00
7.416237947875604419e+00
8.391390312799588358e+00
8.460674519246147440e+00
7.497557718367407809e+00
8.866966297063607172e+00
8.416673281616183999e+00
7.468255868099968886e+00
9.145553039330543754e+00
8.959898707117659455e+00
8.459046490820798070e+00
8.303624393721948493e+00
7.348461235612480991e+00
7.439212013027821868e+00
8.466262855299522272e+00
8.431354398004502926e+00
8.919884137291186121e+00
8.494838867743576216e+00
8.371086859935363833e+00
8.493094383743853726e+00
8.512870820525046511e+00
7.416623000087647632e+00
8.507171980329834682e+00
8.488588358034821368e+00
7.443224511721791892e+00
8.402407176914410414e+00
8.461678968987000005e+00
8.415011102687117273e+00
7.691552465376937597e+00
9.010976142791415455e+00
8.424587287607852915e+00
8.391831329132751094e+00
7.471404428563833022e+00
9.056840723525432679e+00
8.318775271751100320e+00
8.353670655192965810e+00
8.375686800496296769e+00
8.513487110498457966e+00
8.570667810670032694e+00
7.527669691316113187e+00
8.445531532141329123e+00
9.327124393639463662e+00
8.372298340775421011e+00
8.489738214592017940e+00
8.430856488858379905e+00
8.424418651304366179e+00
8.449779265124140792e+00
8.006791506167457939e+00
8.385154213094653031e+00
7.473935010410637680e+00
8.406820373797051715e+00
9.014927671834382039e+00
7.863799630674133567e+00
7.367353961942722407e+00
8.483665319701778174e+00
7.634404511198808585e+00
7.382395218402394654e+00
7.426657968349586803e+00
9.231250538275526552e+00
8.443969244689736087e+00
8.314365001769592922e+00
8.442793651150378054e+00
8.391907424271668248e+00
8.394802889509241695e+00
8.325959661782729171e+00
9.032959360488826306e+00
8.491099163608316402e+00
8.401537149983445474e+00
7.427630245067033066e+00
8.438269443827625338e+00
8.442704298566507504e+00
9.304087935326508685e+00
8.367604070796394566e+00
8.458556219971031354e+00
7.413269075550682707e+00
8.398191898556207846e+00
8.449839959616673113e+00
8.338602127094816296e+00
8.424408044076621138e+00
9.061897023183835387e+00
8.853726338760960601e+00
8.438526656774874013e+00
