1.051861965520188491e+01
1.016629472526151012e+01
1.033649745389671715e+01
1.061192747770057920e+01
8.761369069117270314e+00
1.038845417390884052e+01
1.133266235085739737e+01
1.038868943766405017e+01
1.032705990576046062e+01
1.052993780142445956e+01
9.363591496202761988e+00
9.451505664546033358e+00
9.272462820554098428e+00
9.403745229923162086e+00
1.049768633125522754e+01
9.064931705631359193e+00
1.030804639441533688e+01
1.068873865186183814e+01
1.106368116592585160e+01
1.131762623444159921e+01
1.017994060861764893e+01
9.690581509632480106e+00
9.777142135480119123e+00
1.099146078266847759e+01
1.121787936996677360e+01
1.014746274600941689e+01
1.123367260868233153e+01
1.032427861457072815e+01
1.052522575496911728e+01
1.181233309727390157e+01
1.123482837607383011e+01
9.624243567716449732e+00
1.041392614000196026e+01
1.037554965019176301e+01
1.059065376448950602e+01
1.040914679641861795e+01
1.050819768133703036e+01
9.531176445866490710e+00
1.010829301965183724e+01
1.027005812384330419e+01
9.845428437051644721e+00
1.106560421263535865e+01
8.421896280990660344e+00
9.717019965417701854e+00
9.354368648511314888e+00
9.595212935716078917e+00
9.901725179196500193e+00
1.126127400137126955e+01
1.051456951297828013e+01
1.036057427719166668e+01
1.075469686842460604e+01
1.147397881968433708e+01
9.313278254966204983e+00
1.139846463891362838e+01
1.017967307271403854e+01
9.347251242206175093e+00
8.423461347876452621e+00
8.477709447619044880e+00
8.385121487216684599e+00
9.678983115160761486e+00
1.110682067273543083e+01
1.111155924932757166e+01
9.955549311536614709e+00
1.079903360155015513e+01
1.029893347272108173e+01
9.426486279528273116e+00
8.419982337790203886e+00
1.088688821789236627e+01
9.424539428532414220e+00
1.066233883965800189e+01
1.044549594814131943e+01
1.023020006584199848e+01
1.112897686783465367e+01
8.687598080269523848e+00
1.012302864404283298e+01
1.039359123675341046e+01
1.078849558398893826e+01
8.530609454577742667e+00
1.073125109495994245e+01
1.140412660757078633e+01
1.026422909675265061e+01
8.928949536802866405e+00
1.029615788275978261e+01
1.124025124781198137e+01
9.328027303388900293e+00
1.045544235006853206e+01
9.276543171068665217e+00
8.407071862375275373e+00
1.046961074859735774e+01
1.097716722792847577e+01
1.036252973235830588e+01
1.072812221575812330e+01
1.120089466220349017e+01
1.065307095952524463e+01
9.372812944532777024e+00
1.128719524657472029e+01
1.103151956193578087e+01
7.434977181089576170e+00
9.729786791163295590e+00
1.036105074158568407e+01
