1.120532999683391040e+01
1.045849771157214825e+01
1.216486075750994367e+01
1.203873424202186015e+01
1.083674021393660425e+01
1.356652014286042096e+01
1.114190161461324990e+01
1.339773747202402632e+01
1.140460566663734987e+01
1.233367278102059217e+01
1.223717260309808808e+01
1.321419849674538760e+01
1.187585242282733056e+01
1.035606331054615481e+01
1.119619776967706670e+01
1.055097132099171908e+01
1.076069643388415820e+01
1.070128666411557106e+01
1.321770887676575157e+01
1.318863971132039836e+01
1.061577165206452378e+01
1.088288304760626879e+01
1.249431364528767752e+01
9.384679228022939412e+00
1.377164387231706755e+01
1.055583280345854114e+01
1.137859557977351521e+01
1.093819897339236924e+01
9.969370019517327819e+00
9.581850217147120929e+00
1.094150911486888411e+01
1.328049631025861466e+01
1.278983580742249337e+01
1.045550747603351560e+01
1.196203652314739685e+01
1.230073677399983012e+01
1.239481583157502165e+01
1.235413273504920717e+01
1.290962349420048838e+01
1.197242183706210383e+01
1.287541505382065310e+01
1.374178860451303841e+01
9.831636564869221218e+00
1.217301372977736662e+01
1.316835583921182007e+01
9.463088652621099328e+00
1.332440389064488073e+01
1.144025879796029876e+01
1.225111366965002269e+01
1.309568951528287073e+01
8.442105569376398222e+00
1.214580609855356919e+01
1.299434650365990862e+01
1.305072713716401722e+01
1.243098018858076514e+01
1.349981851974766656e+01
1.301189051326801582e+01
1.177409134236720334e+01
1.189208094071879351e+01
1.407197308527000423e+01
1.168477179919171860e+01
1.015844393374460353e+01
1.200022575314689099e+01
1.244705292472041691e+01
1.225413645192784706e+01
1.014006728574419292e+01
1.238247376579906778e+01
1.480066251683710554e+01
1.222537395671691485e+01
1.128286042490646679e+01
1.112432159522935393e+01
1.315474495454449766e+01
1.204269035951351441e+01
9.392598880645929071e+00
1.263465597046315558e+01
1.267002512026431482e+01
1.322549935749690775e+01
1.416138266495632081e+01
9.401482770864943106e+00
1.276460617000180520e+01
1.135775375587605751e+01
1.026151358029382799e+01
1.046971189189160789e+01
1.173970341902200865e+01
1.389403240516952565e+01
1.144946860886229345e+01
9.531194679133655256e+00
1.421483513464402293e+01
9.403346469725009982e+00
1.250252919162657150e+01
1.128373063797340947e+01
1.327102926640463743e+01
1.086478104349159324e+01
1.202380329812651460e+01
1.125680824710820360e+01
1.239079930425679521e+01
1.151711728570920812e+01
1.033270948678718781e+01
1.242575379913918354e+01
1.034549479390710403e+01
