1.272055195903359426e+01
1.180393617740614154e+01
1.033526449092619615e+01
1.137068104408890612e+01
9.363899886069498635e+00
1.107132015446723194e+01
1.137292298580688232e+01
6.394462751004157397e+00
8.387569739424886706e+00
1.112310999012880153e+01
9.118073912551913907e+00
1.130472772088494793e+01
1.135679016362804106e+01
1.125663105787065277e+01
1.250864709980776901e+01
1.137735922692589519e+01
1.329963190087045533e+01
1.226721374431636846e+01
1.203608366179475553e+01
1.286285452909685212e+01
9.417151427148455767e+00
1.039817982153580900e+01
1.214527089302882779e+01
1.138819868575333238e+01
1.026980667595908159e+01
1.145718304063877824e+01
1.095560947227689397e+01
1.186089061539456679e+01
1.041120615711314201e+01
9.450883804445183500e+00
1.048035417057057828e+01
1.130132976468438954e+01
7.431606731261775067e+00
1.230953736880028160e+01
1.099421900067350322e+01
1.132529872660998116e+01
9.624943707645494229e+00
1.330095789863091760e+01
1.033485933936661105e+01
1.135735938314134152e+01
9.356278267152063677e+00
1.106266332500680427e+01
1.323241921013152300e+01
1.045707938261210046e+01
1.044211004597212344e+01
1.205285535458268065e+01
9.392281853624881549e+00
1.001162064249950134e+01
9.723760566432074981e+00
1.232692084630497931e+01
1.254468620275266666e+01
1.086945419942137470e+01
1.452105332228290990e+01
1.044873202474625096e+01
1.112301821561703008e+01
1.026750106615436842e+01
9.419068302054890651e+00
1.106025398432977802e+01
1.202878399508498930e+01
1.234667440396105142e+01
1.112328468014792904e+01
1.210269338616408952e+01
1.399178574101314432e+01
1.178079416096127296e+01
1.309016871318528885e+01
1.325018659130144449e+01
1.309364409180647115e+01
9.226907861793813836e+00
1.384027056994393057e+01
1.161287141026895675e+01
9.429777677759844323e+00
8.366517928793070880e+00
1.142448945257217829e+01
1.113839903371282425e+01
1.330377383698855098e+01
7.376388836599039323e+00
1.114265434775079200e+01
1.208036672222530328e+01
1.247935637390708230e+01
1.155029110786200164e+01
1.285822746016993356e+01
1.199554174917817484e+01
1.192123197619230446e+01
1.318892973307776728e+01
1.144051330136465694e+01
1.272105880080782825e+01
1.321920818410525200e+01
1.325298664688293293e+01
1.316194254634580396e+01
1.253098779225010340e+01
1.133922105298080574e+01
1.138252519111180661e+01
1.073005688672554037e+01
1.046743430418089460e+01
1.138514518769018657e+01
1.130608902109209701e+01
1.336912831867819840e+01
1.336406873321970501e+01
1.282019183452448985e+01
1.295267427208679756e+01
