9.564015857344905669e+00
9.355915277569815558e+00
1.042081076051927013e+01
1.248096027994738222e+01
1.033106053137956337e+01
1.349610296037275603e+01
1.129166080027703956e+01
1.035705261400024924e+01
1.185382605294173075e+01
1.106354494011463352e+01
1.114046424993276574e+01
1.029574362575843693e+01
1.236779741277953448e+01
1.189445394205980122e+01
1.095097845038630524e+01
1.134107724735511447e+01
9.396113535512306214e+00
1.260631081117222507e+01
1.033436852401937678e+01
8.466200786251405930e+00
1.139178934370198348e+01
1.135014048679447995e+01
1.285254448377857273e+01
1.132064427457681788e+01
1.033198745216253123e+01
1.034059472790691814e+01
1.224362274998365052e+01
1.224002581049630933e+01
1.012670353985490301e+01
6.517365679160965541e+00
1.217059127596595047e+01
1.110251278667576891e+01
1.141039275682069842e+01
9.379860319257467438e+00
1.045182317523353710e+01
1.044087675234909440e+01
1.132980848602519508e+01
1.139729486885748777e+01
9.996593041326129025e+00
1.213294821828832148e+01
9.372371334116115449e+00
1.306927318296441065e+01
1.137702223640006061e+01
9.710693500918688770e+00
1.150126426250294820e+01
1.145019222244044776e+01
1.000762321369528607e+01
1.183071743812424970e+01
9.346310385865230330e+00
8.421050482230588941e+00
9.555588926870875355e+00
1.118327290868207768e+01
9.375397427238423731e+00
1.084652053823720053e+01
1.291601993875166166e+01
1.069055384740837766e+01
1.038143924324941381e+01
1.044479100801921589e+01
1.206796763424496000e+01
1.121104327075058826e+01
1.143947772556182230e+01
1.128445105205719301e+01
7.360886032227384135e+00
1.254297292564011101e+01
8.361112702842849131e+00
1.039577333585799046e+01
7.420071605393716574e+00
1.155726716417457567e+01
1.013235758300516487e+01
9.307575505501555213e+00
1.126611441070918751e+01
9.652809369233327885e+00
1.172861937463295590e+01
1.311131440937041504e+01
1.134745368592745152e+01
1.216602065494338625e+01
7.398574929267748068e+00
1.131033147678517459e+01
1.038738663791981764e+01
1.021232496838270087e+01
1.241243420740505954e+01
1.317044957762338520e+01
1.101529809226256518e+01
1.027597518100680674e+01
8.439981119979737656e+00
9.881529831342582781e+00
1.024133756724783062e+01
1.210825413118661764e+01
1.103885358239315551e+01
1.033066282735706665e+01
1.156367040098125898e+01
1.123446341714563701e+01
1.166131521690163453e+01
9.690327327642357602e+00
1.155690333212976562e+01
1.077775083167521153e+01
1.414015599067739259e+01
1.078790778237558179e+01
1.144678197856743473e+01
1.078224781799844756e+01
