1.040618608001046752e+01
1.127545701067686323e+01
1.114393264910870229e+01
1.259991546186734013e+01
1.189757701196624673e+01
1.091989890866106272e+01
1.109379413245130586e+01
1.167632831417086337e+01
1.247077620810248177e+01
9.996174715082734252e+00
1.293194380348401396e+01
1.208011662613572845e+01
1.213028649902261336e+01
1.135235199834860431e+01
9.188536297757464055e+00
1.036532467352364506e+01
1.303984157377952968e+01
7.398845436609121862e+00
8.440601222414006344e+00
9.467042402507198418e+00
1.194483582612510197e+01
1.278093099259675469e+01
1.140192355559983284e+01
1.263940460844257885e+01
1.038571099804595654e+01
1.125461848403710263e+01
1.308023845382053452e+01
1.200081891148642477e+01
1.149093449971046965e+01
8.602668356387109583e+00
1.218430787612173383e+01
1.427584800477781179e+01
9.673691012082421992e+00
1.284176979266226759e+01
1.145062866883152708e+01
1.290356474754178961e+01
1.058209841011903940e+01
1.274310393488834947e+01
1.237689388660194822e+01
1.106475259673469580e+01
1.043215272371946867e+01
1.268504128710366174e+01
1.053044974877832729e+01
9.952889283751003902e+00
1.025582472937986367e+01
1.263192536059484183e+01
1.110469433924073179e+01
1.317881061505195639e+01
1.035918636659841496e+01
1.133122532061093146e+01
1.015500766453156345e+01
9.399425094434727512e+00
1.198509394625827440e+01
1.103143044157465802e+01
1.228602892766482668e+01
1.233154088438776697e+01
1.030140927718259292e+01
1.035378748057383902e+01
1.032197345342881256e+01
1.184701046191568352e+01
1.060609154333173265e+01
1.001155968673997876e+01
9.545533930238713438e+00
1.049315283261728915e+01
1.135646412151453255e+01
1.287492760822446947e+01
1.140043289014465344e+01
1.071426552719222158e+01
1.203997805682465128e+01
1.212429729758646246e+01
1.182939394005491351e+01
1.185125228910625772e+01
1.230824812524600276e+01
1.237251004416162381e+01
1.138182387507290372e+01
1.012587091078463608e+01
1.199599159921290337e+01
1.116640391156130185e+01
1.243490590162543441e+01
1.112187457682545322e+01
1.140354483519083573e+01
9.355501246487976985e+00
9.375544779586372002e+00
1.036574422134729190e+01
1.230728381157443252e+01
1.115806064602604941e+01
1.041765769639041928e+01
1.064655047218137085e+01
1.220360681329187180e+01
1.189374843609179067e+01
1.202908586713737549e+01
1.118150982684904804e+01
1.235255706651579999e+01
1.037673049569818673e+01
1.036031335420453736e+01
1.037172690601949299e+01
1.162053404388989541e+01
1.189289659702675550e+01
9.740182687470950285e+00
1.129323853450809345e+01
