8.477495777940976751e+00
8.455835101644415985e+00
8.405075444248662819e+00
7.552776108753235462e+00
8.473063287538806776e+00
9.294905426270931414e+00
9.387033291466742924e+00
8.484011885833321998e+00
7.770193491381944817e+00
9.355710565050921801e+00
8.884691664329782412e+00
8.509776394134327404e+00
8.260211782443708017e+00
7.655156852884457130e+00
8.643313030640221939e+00
8.367726247403805218e+00
8.249934268013696226e+00
8.399060280585292304e+00
8.549721787225712077e+00
7.758264677993172320e+00
8.424386476514575506e+00
8.446469785284385523e+00
9.023558077657181542e+00
9.369995804150716978e+00
8.270966856018954871e+00
8.305471837207615948e+00
7.597572294819046057e+00
8.974631244378095118e+00
9.049666876793823533e+00
9.363313380191430113e+00
8.412888870723980617e+00
9.257153279260462497e+00
7.991681175491215150e+00
8.367607078926139863e+00
8.666037538473952750e+00
7.610713657204458471e+00
8.482432365617817993e+00
7.788756559574975036e+00
9.550995213376374693e+00
7.440164003194635001e+00
9.338383819340318581e+00
8.512475042703982808e+00
8.352705865287624931e+00
9.291253149039507164e+00
8.514532883452330836e+00
8.497014038194214081e+00
9.090570762177540232e+00
9.278731386388219704e+00
8.361528448935841240e+00
8.462820337484973976e+00
8.419400438419895494e+00
8.368608224026482745e+00
7.470053228703977588e+00
8.467893922304293497e+00
9.103501560984849306e+00
8.526387770148893708e+00
8.393728717242778359e+00
7.458739792599961227e+00
8.442977008513814496e+00
8.400338142038721756e+00
8.351129534785561859e+00
8.444445377613199355e+00
7.420889984888454194e+00
8.400093372267235736e+00
8.390028835740462654e+00
8.424367124356807679e+00
8.234489158182453750e+00
9.114546786373106002e+00
8.519252068026153424e+00
8.120697499231690486e+00
9.020570564296424010e+00
8.382605901805597171e+00
7.386118509762549245e+00
8.868915499176852180e+00
9.402984720743816638e+00
9.369009304311401110e+00
8.435513900344654203e+00
8.353279280836064302e+00
8.386901206017796540e+00
8.521169352988678725e+00
8.185166791054372837e+00
8.475272782044706688e+00
8.392247641479634979e+00
8.371348041633154935e+00
8.419971816220931160e+00
9.062403148883513282e+00
9.103973991738797622e+00
8.365405400162581273e+00
8.625736450162339253e+00
8.871994567232242446e+00
7.420069264384035357e+00
9.344501013953905755e+00
9.050239167264413354e+00
9.371564892502668442e+00
7.462363570521174161e+00
8.455291569737664048e+00
8.376327414056879306e+00
9.291619610191338197e+00
8.451858664640710117e+00
8.316930468298886936e+00
