1.245260331047298052e+01
1.271954034467331240e+01
1.592220863493520966e+01
1.312406458889481797e+01
8.353863700798196845e+00
1.149248713329286709e+01
1.142156850671578638e+01
1.034818016835761156e+01
1.352097709725917518e+01
1.133612342750545388e+01
1.326945332999765981e+01
1.239284911768593744e+01
1.612172855416209671e+01
1.037770441857261616e+01
1.267273132549572523e+01
1.129399395917802806e+01
1.455383483585121240e+01
1.449157127949428236e+01
1.324522136256555527e+01
8.341851600238411990e+00
1.307252138498546579e+01
1.033697540740753240e+01
1.037498262502350777e+01
1.398532575875735340e+01
1.281656757804543822e+01
1.469045083226093418e+01
1.015533654563867394e+01
1.526673702848684577e+01
1.223813902071303339e+01
1.581222022281692752e+01
1.241378256906511268e+01
8.441963382631060497e+00
1.616065102378750140e+01
1.600562154552297045e+01
1.044211109798271053e+01
1.134394063714169043e+01
1.131335936228963845e+01
1.481512042017670261e+01
1.272711304211378902e+01
1.435992146419856574e+01
1.340521524748355198e+01
1.261154052479872334e+01
1.367303133365224532e+01
1.128413640633500847e+01
1.205721383704826444e+01
1.786189409790813443e+01
1.118990661063788750e+01
1.162104229677345124e+01
1.323571551311180095e+01
1.380317509711937873e+01
1.345558570617798466e+01
1.156269456071367330e+01
1.417632525064033544e+01
1.034511336707886109e+01
1.357259020814021611e+01
9.166202020393839689e+00
1.078350100536810707e+01
1.031139666364500584e+01
1.230626337091721290e+01
1.428061743596703792e+01
1.151715877987967573e+01
1.483426601582334214e+01
1.135987009824197891e+01
1.334292495550879387e+01
1.126245924181349345e+01
1.330194929946986448e+01
1.240663962110263796e+01
1.359211552669957435e+01
1.562170576789733900e+01
1.129932376077115386e+01
1.363678657019536544e+01
8.303872706798287595e+00
1.573493355559731732e+01
1.370159328522951725e+01
1.539866413218594232e+01
8.381556156002520908e+00
9.335768787834062721e+00
1.325009373971462701e+01
1.218103122667156057e+01
1.034725639177180057e+01
1.489072410740301677e+01
1.984300872862607790e+01
1.542967426925227770e+01
1.322413561086486311e+01
1.030663908019892006e+01
1.447764061227505472e+01
1.392325213650766891e+01
1.137389733627214561e+01
1.328685593635974271e+01
1.237828966987093970e+01
1.497696643916265025e+01
1.135285793463940784e+01
1.253646770475603667e+01
1.218860190276668654e+01
1.312422552967293932e+01
1.385439676570625345e+01
1.167104966687808520e+01
1.353540258857784373e+01
1.304937147216694449e+01
1.127296383899025756e+01
