8.419005731567112960e+00
8.062517110492578354e+00
9.766710228342500244e+00
9.331039535818868913e+00
9.122405949773254363e+00
8.415758222958890755e+00
7.804941399501171162e+00
7.375372877319023246e+00
7.470555958407295805e+00
8.216773916865221850e+00
8.399711967370143029e+00
7.814850762094211589e+00
8.390765452051338613e+00
8.525714992331629105e+00
9.205306438432348415e+00
8.495657232563113226e+00
8.419152448477181139e+00
8.515494513600071258e+00
8.507588959961532638e+00
8.527098778273124680e+00
8.617823856791194004e+00
8.502225977649299438e+00
8.920425561087023780e+00
8.329520707277101366e+00
9.231793684278342127e+00
8.763237968861785632e+00
8.797127427155540857e+00
8.530500737542148215e+00
8.427116177770393790e+00
9.226213473389377029e+00
8.846741875763823870e+00
8.695483002687820928e+00
7.994631106853825386e+00
8.454704838389218935e+00
8.940758791243798242e+00
8.618495223895941137e+00
8.544884271476895776e+00
8.883170629962226172e+00
8.438160262750301399e+00
8.785533760749119736e+00
7.400899203370375545e+00
9.342489231933143401e+00
8.583539840023730605e+00
8.551004402165164109e+00
8.907070572984542522e+00
9.157429500832057201e+00
8.407504877308346281e+00
8.398989403620744199e+00
8.437367742085138289e+00
9.335754939416457177e+00
8.388923288894050145e+00
8.390550541000141749e+00
8.377102385127917827e+00
8.420168781305459760e+00
8.385959848690720975e+00
8.241384726360049484e+00
8.423383870782707561e+00
9.383565052422788710e+00
9.271238405808338356e+00
8.366601600426161411e+00
7.459846991057401233e+00
9.134177207379270413e+00
8.350701024431652186e+00
9.262025007711187641e+00
9.418069805524108773e+00
7.595118942641724047e+00
8.806551811363309668e+00
8.634610944411376110e+00
8.680707033246772397e+00
8.503689055274900710e+00
8.834573731864546531e+00
8.549605546416447766e+00
8.632120540160816091e+00
8.387521956224686548e+00
9.044624356262758624e+00
8.467474615369347646e+00
8.415401478725563322e+00
9.263164931919865452e+00
8.491403727703437099e+00
7.406689652980973371e+00
8.404568112998914486e+00
8.562690985590855064e+00
8.498606201888872391e+00
8.474206062998547395e+00
9.346344762917432547e+00
9.217317052834326674e+00
8.895830153786917549e+00
7.687085172467145178e+00
9.353616700922193772e+00
9.383719325332766203e+00
9.270668830839650099e+00
8.422846952970965972e+00
8.375936216328041084e+00
8.431843887683589500e+00
8.429525922952342043e+00
8.499265302531691546e+00
9.451517121664975818e+00
8.352873919262597369e+00
8.393569117888317166e+00
8.391614508516145321e+00
