1.004373301405668073e+01
1.039698244118203974e+01
9.523160026886477780e+00
1.125273521503877028e+01
1.451745019251377222e+01
7.452305585714314340e+00
9.472153632660200273e+00
1.274007201858445271e+01
9.287159187363853263e+00
1.306789965418432509e+01
1.678834695828637535e+01
9.301750947289013638e+00
1.129495010979089820e+01
1.463196476056118733e+01
1.387325060004334354e+01
1.351397013945061332e+01
1.116981076573553544e+01
8.497167193100183979e+00
1.213331090937571410e+01
1.058039885385705681e+01
9.346507191066342202e+00
1.314126632764955183e+01
1.455669922574410613e+01
1.325951465098867743e+01
1.042952602931802986e+01
1.033367548980535133e+01
1.526416885980141558e+01
1.228062578140999861e+01
1.627417160290920251e+01
1.540938455394751827e+01
1.260265328234026327e+01
1.395889620775907858e+01
1.340288196849159519e+01
1.139132333361485827e+01
1.545053160500727252e+01
1.554496538275691364e+01
1.576274368179052843e+01
1.381273122735846925e+01
1.135486371179419329e+01
1.445507509842627769e+01
1.259165490929387943e+01
1.401097453080938315e+01
1.265405094741172576e+01
1.028499491826745960e+01
1.419403552385571921e+01
1.301351859830663216e+01
1.347720136071447250e+01
1.120389630732786657e+01
1.208051987724870280e+01
1.102685375060977258e+01
1.511277294166957397e+01
1.053652608305784000e+01
1.130837377560026091e+01
9.538768214343559038e+00
1.419845666084630054e+01
1.328902244228772034e+01
1.407341224849664307e+01
1.482511203456340709e+01
9.441779700055665359e+00
1.039534255336320534e+01
1.377700193378878524e+01
7.328340506732642368e+00
9.084994645134562674e+00
1.347160902921919856e+01
9.503586781264232286e+00
1.558396056717155531e+01
1.502830270966830994e+01
1.389334699843063525e+01
1.656804198048108745e+01
1.327502555941800466e+01
1.514793278115687869e+01
1.199189953466441771e+01
1.218361477739265375e+01
1.869460844877039563e+01
1.284174927815540457e+01
1.646647365383860517e+01
1.415267420965741607e+01
1.402232491267954728e+01
1.349653680585560522e+01
9.447045646691879739e+00
1.145829459045291721e+01
1.388254353789250928e+01
1.020533419634867656e+01
1.622619332186730290e+01
1.025121718724158804e+01
9.380435130239224151e+00
1.644029146160466581e+01
1.319207327719249712e+01
1.648741998390628538e+01
1.279714761538568268e+01
1.015484711319944289e+01
1.622518255356090933e+01
1.035232556541608950e+01
1.479445848978677880e+01
1.331344773591202113e+01
1.395072575694247519e+01
1.027152454346071409e+01
1.131361359978862247e+01
1.316391974508334428e+01
1.322692267551321876e+01
