1.356376799651533460e+01
2.019180000138478803e+01
1.436806040182639954e+01
1.220844403297801684e+01
1.289610240825953014e+01
1.414503021787376014e+01
1.213394587798742918e+01
9.463004582500930795e+00
1.647722666801485047e+01
1.428023561428465271e+01
1.153626483107901990e+01
1.921268387853031712e+01
8.873962746273132751e+00
1.787522588766561782e+01
9.296421441236365268e+00
1.502914917149079521e+01
1.220256897046561662e+01
8.801865036339721726e+00
8.895544036219275696e+00
1.262558743997546884e+01
1.204683942364674643e+01
1.621985083422550034e+01
1.211759387347283834e+01
1.536438553929185069e+01
1.105424669358465373e+01
1.305877082049656401e+01
1.559882096146474950e+01
1.208030968809090311e+01
1.675895474494686255e+01
1.338495140584620380e+01
1.149151635798775573e+01
1.396431288971986007e+01
1.560268909012092031e+01
1.062515033993914670e+01
1.680190630216539205e+01
1.099927850830146880e+01
1.829272830602317157e+01
1.437810565984553612e+01
1.591630811310599647e+01
1.318281505065698589e+01
9.488631400569147445e+00
1.137998460170202364e+01
1.236181270072405525e+01
1.616562596920204342e+01
1.284489085252816842e+01
1.602400738198557661e+01
1.464148756271820595e+01
1.042521115845095991e+01
1.468050313418195074e+01
1.668288471176558119e+01
1.639541633180416014e+01
8.929339498790925589e+00
1.218281715942149646e+01
1.677026290153776955e+01
1.039334094444093104e+01
1.340689167857733821e+01
1.094949482618944181e+01
1.305743818505342446e+01
1.721358896194061572e+01
1.514215837554250044e+01
1.337162738491909941e+01
1.574277317191846493e+01
1.048250139176381346e+01
1.303656446834104443e+01
1.803538089423821589e+01
1.461248835171735116e+01
1.511775461095515283e+01
1.142462183128938591e+01
8.423455192177661033e+00
1.234505767336592008e+01
8.418003488621430108e+00
1.038054721136348668e+01
1.286871152338125412e+01
1.395044354438838674e+01
1.408347697912573970e+01
1.664873152394252642e+01
1.507624803956160697e+01
1.797932234408069974e+01
1.537014999246442137e+01
1.322963205997116098e+01
1.567685914077145526e+01
1.447478915370313857e+01
1.371327416403839905e+01
1.150648031619968847e+01
9.435617673857993992e+00
1.247438406365009911e+01
9.336810682201299727e+00
1.352405572728902072e+01
1.078951476423442379e+01
1.525835499238267090e+01
1.545627017991508723e+01
1.296608126754953183e+01
1.669460983637102203e+01
1.304632284070521031e+01
2.331951251595370067e+01
1.554447616521278874e+01
1.953726146194528468e+01
1.131084473172761307e+01
1.352009114614443241e+01
9.490903572844594294e+00
