9.698433859636809373e+00
1.039816325811908904e+01
1.040276131888112054e+01
1.037463571577856314e+01
1.037502339696035492e+01
1.140655612328706425e+01
1.269851965422625462e+01
1.166746801032703473e+01
9.398305336748723704e+00
1.444761309019593121e+01
1.223816463010418687e+01
1.522013929098974749e+01
1.347658130614106575e+01
1.322423636410608161e+01
1.373950511066616187e+01
1.210869828207683341e+01
1.327667863616999533e+01
1.229985076022717472e+01
1.259559787486461246e+01
1.183402273878839139e+01
1.199977083319741133e+01
9.483396402460204655e+00
1.125536224338213920e+01
1.419662611165207977e+01
1.494115475414161587e+01
1.303508949243505732e+01
9.140097735037375770e+00
1.400751763590230681e+01
1.234084943922891142e+01
1.142702115638855176e+01
1.439803027600835250e+01
1.002186262372995706e+01
1.133428050903541617e+01
1.428702599092712155e+01
1.454794358283922051e+01
1.311484552005281046e+01
1.235384416269421948e+01
1.433437908159227092e+01
1.124768629832601974e+01
1.230853356905054596e+01
1.372374392294575784e+01
1.183334700432657094e+01
1.633286253031448254e+01
1.179279853159631131e+01
1.038045016410412735e+01
1.228350807543458778e+01
1.449560443148010158e+01
1.242848165087787393e+01
1.058788529588910521e+01
1.211710620792468518e+01
1.280875008483606692e+01
9.460092035910715680e+00
1.138514198756684159e+01
1.330844000848496833e+01
1.133136277132721936e+01
1.160822693602422007e+01
9.356926350894008593e+00
9.397331350518511428e+00
9.797203197713960421e+00
1.243016313155002273e+01
1.336211445798130981e+01
1.322356518459998753e+01
1.413749731326379333e+01
1.235497919850827842e+01
9.403335292357528630e+00
1.244277360050596570e+01
1.239836619077803270e+01
1.186318901577993579e+01
1.120503480876629965e+01
1.048270781754483316e+01
1.296305881240001412e+01
1.020466767723321944e+01
1.439307699883517699e+01
9.811621295802421372e+00
1.133222403425761726e+01
1.232843731576669377e+01
1.345390861832256668e+01
1.220041322122546923e+01
1.342689135054282090e+01
1.107227750145690770e+01
7.978879538607293931e+00
1.121734323848528625e+01
1.113993595003005765e+01
1.131272961203856653e+01
1.353351649158155823e+01
1.154528888072880299e+01
1.432109129131333702e+01
1.448555701239880023e+01
1.107850028320223679e+01
1.148945512028274862e+01
1.238743930007909277e+01
1.463906461340738474e+01
1.284286625289632866e+01
1.431922711040459362e+01
9.402149609261153174e+00
1.434534738470707183e+01
1.256863805037846760e+01
1.302735574796474083e+01
1.129804152670620176e+01
1.134600811672533460e+01
