1.361082276525173640e+01
1.123368338256373100e+01
1.103931936989262930e+01
1.269651735459165565e+01
1.241833419466155064e+01
1.136868454048634547e+01
1.226633894254113599e+01
1.042626922590389960e+01
1.323304329996178552e+01
9.387721360641307911e+00
1.232053367920822140e+01
9.372415383106737607e+00
9.582963121484056046e+00
1.219288667551730398e+01
1.273428122803614038e+01
6.431549009134106321e+00
1.048866131086759168e+01
1.309143991936598717e+01
1.283435361472719372e+01
1.167255667664912444e+01
1.231520434613684500e+01
1.099732940939994563e+01
1.731400477346577560e+01
1.450505721571011186e+01
1.015236189114353493e+01
1.066272697545506176e+01
1.214375482473039547e+01
1.298263842108220345e+01
1.425183427530079605e+01
1.284191681303050636e+01
1.512698554860186562e+01
1.337269685611758874e+01
1.128559226620182976e+01
1.208299252469837270e+01
1.327515363943492943e+01
1.431436334654195974e+01
1.132924484988878611e+01
1.128746840367501392e+01
9.062565992834837658e+00
1.079957492187433843e+01
1.131552466844694571e+01
1.270249291160942029e+01
1.143050939631100782e+01
1.026783078065799337e+01
1.246589498489475112e+01
1.136996971380445842e+01
1.142100950364167034e+01
1.175014086599403385e+01
1.130494262533412630e+01
1.446141420136932787e+01
1.410957524788543438e+01
9.640097988606543211e+00
1.380378917833402674e+01
1.274671430172286435e+01
1.147009970994488093e+01
1.352221205677674298e+01
1.179052997387382185e+01
1.132304320510112916e+01
1.227102380345207600e+01
1.327655218336626142e+01
1.344835944931084093e+01
1.361745794870971515e+01
1.132692022772007512e+01
1.320642907264760879e+01
1.253415563964206569e+01
1.035494824826936089e+01
1.165405264747741576e+01
1.195043044799159482e+01
1.267149914981870573e+01
1.525776813272006471e+01
1.173459816995043070e+01
1.179304160221762032e+01
1.343772909369447532e+01
1.099952067484493234e+01
1.139027977840885164e+01
1.281721497067607807e+01
1.188865013508398860e+01
1.183979023546294052e+01
1.427473461919271003e+01
9.416870442168487898e+00
1.373638926213569178e+01
1.020470583186809499e+01
1.214620807365317923e+01
1.430012511585280599e+01
1.410308587046418793e+01
1.046315715973681115e+01
1.134319686646769298e+01
1.000026446906054645e+01
1.006524219815894838e+01
1.124774555115555508e+01
1.447975660292732059e+01
1.314420827693530391e+01
1.333109684353407864e+01
1.140392311973055151e+01
1.384398483526397250e+01
1.262803710936879398e+01
1.142776136207987214e+01
1.337129692787498136e+01
1.342070789241137341e+01
1.349198153267321310e+01
