1.103986980326872747e+01
8.715344888838696846e+00
1.360789642300561830e+01
1.315950349506984907e+01
1.235344359217351773e+01
1.064103609880888968e+01
1.136907443280099805e+01
9.321729376949260626e+00
9.415445536917426139e+00
1.214762024269700191e+01
1.225837790132230687e+01
1.221701110144249469e+01
1.544943185752703663e+01
1.227606485482052534e+01
1.393068209020225900e+01
1.244837397794603895e+01
1.319556047549837885e+01
1.386493767388816778e+01
1.130004291356726043e+01
1.127056024337328211e+01
1.337314570243235856e+01
9.945820292639632854e+00
8.900080307413070102e+00
9.405429602232310060e+00
1.605591525705704825e+01
1.644681353288490300e+01
1.193273203616919353e+01
1.342972824833504930e+01
1.000082304396320154e+01
1.220946987455553767e+01
1.030645116546129181e+01
1.295235416351254898e+01
1.481212680987530028e+01
1.301407443526130514e+01
1.054441711878978438e+01
1.022966144105706476e+01
1.150179521407295269e+01
1.264793808048082369e+01
1.327526507984804383e+01
1.175363104296380179e+01
1.228705827196432487e+01
1.196907350305698081e+01
1.820337674482364676e+01
1.035458426826269118e+01
1.369718218230831042e+01
1.469064070676733280e+01
1.028950695179239361e+01
1.282891965815436741e+01
1.568143011060154990e+01
1.360269530903038948e+01
1.190240564584084026e+01
1.438587435841671613e+01
1.036769170413376884e+01
1.286182422873870657e+01
1.341667021634965273e+01
1.444446978306598339e+01
1.310735596189766738e+01
1.035332318434173970e+01
1.338996331950056806e+01
1.027251510092097853e+01
1.558676480374135487e+01
1.234334068037638765e+01
1.639286029818343238e+01
1.237699299398458663e+01
1.176694512579344476e+01
1.499498080248382692e+01
8.375453347596174325e+00
1.513654228368097954e+01
1.130871929793302755e+01
9.890600878775179794e+00
1.322066122217372808e+01
1.144929416434378133e+01
1.233327759431107751e+01
9.757912081390362147e+00
1.106891319060999912e+01
1.601585063961767474e+01
1.316710100083682278e+01
1.391763911090130001e+01
1.045296717662459152e+01
1.300569205641924775e+01
1.169132865987604752e+01
7.424125101505807400e+00
1.455472772429019201e+01
1.038816076725482773e+01
1.526988467318034992e+01
1.340386048868124114e+01
9.030385054045476423e+00
1.119431865943015403e+01
1.443443692183709715e+01
1.003794817058987476e+01
1.339679515629909545e+01
1.549398986648800225e+01
7.455207165238191713e+00
1.413927283850867589e+01
1.112474280456583742e+01
1.322153651091865001e+01
1.037171487093963584e+01
1.275444446436465817e+01
1.356476153669738061e+01
1.506137659051571198e+01
