1.250467843983830818e+01
1.562803938234661771e+01
1.518776482019305440e+01
1.236958495893549070e+01
1.182276428010624159e+01
6.731614070769794012e+00
1.270670591298771512e+01
1.296868252673368005e+01
1.466781249306570700e+01
1.197167330125522433e+01
9.109890399854730703e+00
8.376040421848131245e+00
1.072267833158534955e+01
1.042386670450444086e+01
8.554606018470730433e+00
1.290166994369462650e+01
1.976883150319524063e+01
8.427970708635152519e+00
8.344682153083342158e+00
1.313513939338757730e+01
1.072961939300527945e+01
1.948083256049860879e+01
2.108354421803930023e+01
1.924415910282208486e+01
1.161924843413642883e+01
1.422607562615371535e+01
2.237579867116427934e+01
1.621530944965950738e+01
1.335004106629747334e+01
2.173297418150817961e+01
1.331078127743537465e+01
1.229390482888033098e+01
1.238199573764178218e+01
1.070471070090926524e+01
1.259973159706651735e+01
1.608568916302076346e+01
9.381780459468338051e+00
1.681067507556921115e+01
1.159007748335263699e+01
1.418766737257710275e+01
7.462421340217896493e+00
2.071002158716141039e+01
1.128419412780830022e+01
2.508738791803420298e+01
1.610821475056503616e+01
1.395310384380940505e+01
7.631160195236926569e+00
1.014060814558945545e+01
1.117351398297139653e+01
9.678850021306644180e+00
1.181529001711538385e+01
1.286388712673229229e+01
1.434636841090212478e+01
1.517887366487165224e+01
1.002411087216494323e+01
1.217246578021739012e+01
1.505183425422240440e+01
1.277268449674854445e+01
9.129437698388034761e+00
1.229560013350594438e+01
1.431242100186727839e+01
1.661028200860659965e+01
1.570541386744529433e+01
1.326549807447818097e+01
1.902741384758824950e+01
1.264201810357691080e+01
9.439298677529501802e+00
1.237651585690080225e+01
1.161095404805942977e+01
1.105372682628337699e+01
2.446714710932302594e+01
9.620695498341774510e+00
1.577551729497564814e+01
1.044812491988029635e+01
1.837895030522807005e+01
1.335580529568289165e+01
1.635107223812710586e+01
1.373541692665721925e+01
9.452811414753325536e+00
2.101782924292417576e+01
1.002135971177781748e+01
1.024244091333367912e+01
1.333697444432716317e+01
1.533375513891075315e+01
1.070641530940070574e+01
9.672261497899924620e+00
1.285419181381548448e+01
1.029642461621105021e+01
1.130177033754388560e+01
2.179326150265337958e+01
1.227612175017637597e+01
1.584818978496948105e+01
1.061219602944636797e+01
1.245510840835317090e+01
1.032832914828990312e+01
1.138257383644135246e+01
1.178109763811635524e+01
1.373783834001939930e+01
9.408081216915524791e+00
1.243159131724186572e+01
