9.851287210841000785e+00
1.702782403206209239e+01
1.597029554840475640e+01
1.174534491022737726e+01
9.436285936413606024e+00
8.451337994089863415e+00
1.510990498056020748e+01
1.836458428006050880e+01
1.801852651795316618e+01
1.165053389472268464e+01
1.126766138651106708e+01
1.398170132237216379e+01
1.610920656608210422e+01
1.604790531302471734e+01
1.564907540478803050e+01
1.302112879777207155e+01
1.533523506189682450e+01
1.469546361333726203e+01
1.338625886973869505e+01
1.361705089347281472e+01
1.735341006756044990e+01
1.038295207807584930e+01
1.993912528345715884e+01
1.077844602093978743e+01
2.086454431745906035e+01
1.939014228168339926e+01
1.607912778457190939e+01
1.238742086196674563e+01
1.441795947171323888e+01
1.440512558709911772e+01
1.096605744608091015e+01
1.310507920182956987e+01
1.159573615953747883e+01
8.458080348119800362e+00
1.034251947881920408e+01
1.426186960196440801e+01
1.441907385007760212e+01
1.028831154396244507e+01
1.366912239121966266e+01
1.010808467771764185e+01
1.596471798776978623e+01
1.028495962381894913e+01
1.049225171658799916e+01
1.236890003557120998e+01
1.070362113574722862e+01
1.403874447589393704e+01
1.308101174085404317e+01
1.195635653329072490e+01
1.247768885963949970e+01
1.040247378564984970e+01
9.251335444715323320e+00
1.127960448002862925e+01
1.229866325869165422e+01
1.468598134894649299e+01
1.033897312351061615e+01
1.399543816203651758e+01
1.147340688972163214e+01
1.609509419627621440e+01
1.435927106269447506e+01
1.374769336192952807e+01
1.319517259087575844e+01
1.830357577609732544e+01
1.539408261521430887e+01
1.937743591498715290e+01
7.405514736491299210e+00
7.445214774232045585e+00
1.240985929300355473e+01
8.418952238438974334e+00
1.432207789613068805e+01
1.548408076125912380e+01
1.273504742476711549e+01
1.084093272754887671e+01
9.422634246611110598e+00
1.637241861475449412e+01
1.231512099642051972e+01
1.720621257622924460e+01
8.676578225603913452e+00
1.784382285407029656e+01
1.014629796206342860e+01
1.432217478331405935e+01
1.363677991875615980e+01
1.931733230393153278e+01
1.133136513479057150e+01
1.620165696520126630e+01
1.036475755341019145e+01
1.233766725673624620e+01
1.198189698047096563e+01
7.735769148803990802e+00
1.579229335574047965e+01
1.440470464432860886e+01
1.487149451609922401e+01
1.601028138208343776e+01
1.636562515287427644e+01
1.271338738321572492e+01
9.425021290442172628e+00
2.050471744161252374e+01
1.699318926944308572e+01
2.252594831986320756e+01
1.031337226177842403e+01
1.107904142079819820e+01
