1.697277948651052526e+01
9.181087870940746853e+00
1.272300484134759913e+01
1.545867917211614717e+01
1.402872250507240359e+01
1.126599728427102498e+01
1.143751223408687601e+01
1.868053351196479994e+01
1.468198692244531323e+01
1.157671439278842307e+01
1.100095779110968053e+01
1.397131911581548458e+01
1.224085988510632994e+01
1.294040485408061514e+01
1.346958301929471702e+01
1.893949661028772269e+01
1.378001276523627716e+01
1.531693677731488989e+01
1.200227391921683839e+01
1.143082969288671613e+01
1.633778003761812769e+01
1.319559463760374562e+01
1.323803040470385106e+01
1.076512887814496899e+01
1.070970968187445571e+01
1.991879568945819656e+01
9.340964328743766032e+00
1.005332990935269422e+01
8.286451695228826964e+00
1.228525504129180135e+01
1.036973169746204171e+01
1.166588611058801561e+01
1.040102650399257911e+01
1.794460138254237336e+01
1.173779148314440945e+01
1.591239179711207541e+01
1.878506147659576087e+01
1.267265645488231485e+01
1.547957424808681637e+01
1.613933261989422618e+01
1.334605358055549651e+01
1.136216070081869844e+01
1.710859696220055071e+01
1.358679357438125912e+01
1.044249099724742713e+01
1.621874213439895485e+01
1.657738164612452891e+01
7.301028837638861013e+00
1.422755222170813916e+01
1.389141279937432039e+01
1.430065228099810426e+01
1.433798510635417678e+01
1.213840316633960192e+01
1.541650973271177527e+01
1.058104882062170660e+01
1.320703898268375021e+01
7.774382942131897956e+00
1.335027569000257230e+01
1.227795459034917869e+01
1.658628632496867539e+01
8.098738608956878693e+00
9.354492347089243154e+00
1.391886417126570485e+01
1.251219260122265453e+01
1.186455631450988868e+01
1.739857746203511013e+01
1.637165783782785056e+01
9.254618339849590924e+00
1.698760287118428991e+01
1.305898940398388497e+01
1.235646946380640365e+01
1.629982593864791340e+01
1.259229777497750469e+01
1.237397298228261455e+01
1.235504546455156394e+01
1.299195662295399245e+01
1.449080382529350786e+01
1.417531051855104529e+01
1.703134137777178481e+01
1.572088092832482964e+01
1.245420783372860818e+01
1.077872899262142425e+01
1.407044007635922256e+01
1.131280557412936361e+01
1.158828585559980517e+01
1.221380301734244078e+01
2.600157498940525969e+01
2.011640662093888920e+01
1.330568781515364307e+01
9.637405130754471472e+00
1.250485382862348160e+01
8.385421739025646914e+00
1.067816262465809984e+01
1.785600739837102680e+01
1.104690026855987739e+01
1.302489083742900355e+01
6.474804264551787369e+00
1.362368544237068235e+01
2.200609468223989396e+01
1.276135806722960808e+01
