9.366788286259851048e+00
8.562616816500618455e+00
8.909060552230513963e+00
9.349731355116388087e+00
9.178033756226151141e+00
8.353094590738715297e+00
8.691005120878610768e+00
9.370810547560953552e+00
9.451629308846399624e+00
9.126036279765152415e+00
8.279217854516149444e+00
8.389131621385246262e+00
8.735200293326052190e+00
8.543210001695635825e+00
8.983825881104843702e+00
8.462102891326026111e+00
9.359496908820331029e+00
8.470612459859321319e+00
9.403005654082322806e+00
7.079250860438070170e+00
8.098098655530259649e+00
8.456966689836274753e+00
8.436802521425962098e+00
9.246608344795671286e+00
9.397888261323901204e+00
8.690703879287468681e+00
8.043436923358388668e+00
9.228839066697183569e+00
7.446442820579777688e+00
8.805770136948767757e+00
9.192610248808907869e+00
8.447770701845884744e+00
8.496505058502547669e+00
8.622542073162332343e+00
7.842089491845470661e+00
9.424676890624784420e+00
9.039955760281101149e+00
8.341246565004500013e+00
8.500473233106266235e+00
9.135929495022663716e+00
8.998467261010446805e+00
8.640114857143609939e+00
9.217954169484503524e+00
8.344757112660524001e+00
8.418694307427985635e+00
8.584668548722905967e+00
8.796843058955316152e+00
9.128331394985265135e+00
8.465536686720270154e+00
9.584615357959155091e+00
8.779646952037957419e+00
8.428215373485123507e+00
9.402111508317023691e+00
8.405390327663081251e+00
8.457301173350277423e+00
8.445451924508734720e+00
8.409869012373327735e+00
7.445746812160451533e+00
8.404354518156667453e+00
8.494377640580861311e+00
9.049915977575153647e+00
9.362919988290851592e+00
8.461568632613413854e+00
9.305166159201114340e+00
8.403711655984944073e+00
9.426512145665762787e+00
9.309559982798010225e+00
7.675878888818955303e+00
8.408048554877600722e+00
8.419896728038855471e+00
9.092181712326993903e+00
8.619761731090811452e+00
9.191395189505980667e+00
8.559462229720615767e+00
9.429015621614102116e+00
8.337069545092557377e+00
8.418220359168630651e+00
9.365218025654048262e+00
9.115879010639512003e+00
8.462378974848475011e+00
9.352539853466192099e+00
7.615761254684642267e+00
8.402997924200152013e+00
7.436770044255595735e+00
8.369300454632814024e+00
7.365458547905622488e+00
8.479173580936324228e+00
8.491316428953620488e+00
8.488240474138846636e+00
8.532295443758085796e+00
8.416991549032768916e+00
9.237574695712465811e+00
9.035968965757740889e+00
7.429948312472572702e+00
8.414986245702916534e+00
9.023133185512103083e+00
9.349061537555664714e+00
8.856407935428400435e+00
8.371822537282627152e+00
9.038771901418339638e+00
