7.413930133211194651e+00
1.773555193090282955e+01
1.300573771966003456e+01
1.040584319006512537e+01
1.735222964164837478e+01
2.426827160158840968e+01
8.497816675283045740e+00
1.749488696415449951e+01
1.560465791418827131e+01
1.847545643188000852e+01
1.240927036487963342e+01
9.949425961279638742e+00
1.860191851668261975e+01
1.687756402512378173e+01
1.611848795180928207e+01
1.076151254629542464e+01
1.328233669988055610e+01
1.240450378942400533e+01
7.023433232756293165e+00
1.435455205374772980e+01
1.196074108608143050e+01
9.850965277737257608e+00
1.915313020402561506e+01
7.226555613845606629e+00
1.067192898613189023e+01
1.234770307107329756e+01
1.469280889579807159e+01
1.254773955034258037e+01
1.041596195257043078e+01
1.419714594826528042e+01
1.262817554919154439e+01
1.205168741439511493e+01
8.385079572754245092e+00
9.345338852487484971e+00
1.253245440381001607e+01
1.072143616815367650e+01
9.371128221288552496e+00
1.903841256438360929e+01
1.048698203939544449e+01
1.425487836659562291e+01
1.137980474941626419e+01
9.548468415399224085e+00
1.218422818437510635e+01
1.920904778717962813e+01
1.525317391308652937e+01
1.039351733830184976e+01
7.066726389986643042e+00
1.279556606451000889e+01
9.326677698409856276e+00
1.135863139148821688e+01
7.505111409947960333e+00
1.758057299782191407e+01
1.037253327990278429e+01
1.303843824123256923e+01
1.254851054189882120e+01
1.557423007100735113e+01
1.430007146521225714e+01
1.890992772219460250e+01
7.947029652222790119e+00
1.233962066699340809e+01
1.970358734141035129e+01
1.043399898117192670e+01
1.153715551174617637e+01
1.565618709262502328e+01
1.706214695929135772e+01
9.428763025801895736e+00
1.414200167023339993e+01
1.599910172919601692e+01
1.165352171598159892e+01
1.045837122862516644e+01
1.469245180647187077e+01
8.307503999805511796e+00
8.927956698813041214e+00
1.530877693182291743e+01
9.675396964191934401e+00
1.829914973614131668e+01
5.532907608894304552e+00
1.362599005115149353e+01
1.717763891420809585e+01
1.028846864983983345e+01
1.335831772052601885e+01
7.212788228055561746e+00
1.939481382063382497e+01
1.141473608233483006e+01
6.965653145767002563e+00
1.077214701400603758e+01
8.412853305606656562e+00
1.293832852128798550e+01
9.808308869675999020e+00
1.113453037217887953e+01
8.017016385089858588e+00
1.007543389679122292e+01
1.376791009847089775e+01
1.462636307920830525e+01
1.519822195888376548e+01
1.346237756535334817e+01
1.221374187599893979e+01
8.380390442476366886e+00
1.217248961745299596e+01
2.013020203171966571e+01
