1.291243076300913906e+01
1.379839001795908793e+01
1.273860182313740097e+01
1.768638958975888542e+01
1.785700019712135500e+01
1.091149834341660352e+01
1.396884032613249360e+01
1.797501117645349566e+01
1.229208094362681614e+01
1.042454540566888177e+01
8.541644524531559313e+00
1.172463409125081313e+01
1.309209513779700274e+01
2.158250936508213869e+01
1.517844312732490586e+01
1.305663406043550268e+01
1.600929683225224665e+01
1.534340245161988214e+01
9.320632563842698559e+00
1.412776526005947098e+01
1.218785811912106531e+01
1.241462959052746129e+01
8.314514087502439921e+00
8.606792887026756489e+00
1.519674659305116826e+01
2.084915857709255960e+01
1.805282545801562932e+01
1.532642257316885193e+01
1.580891961772815613e+01
1.657762227421519441e+01
1.082639528328670409e+01
1.036411422060631615e+01
1.037856788502721272e+01
1.491059385424865091e+01
1.529725234955413704e+01
1.584821571809003338e+01
1.326444943421509315e+01
1.483710037615198907e+01
9.721367661560103457e+00
1.133139023455913552e+01
8.403919025673209475e+00
1.562045837269372051e+01
9.448655735116551213e+00
8.412934025139358951e+00
8.215203290895795263e+00
1.692485688419817436e+01
1.237440276560061037e+01
8.422851212447364233e+00
1.562059116533795233e+01
1.098834944331946240e+01
9.731384339848448306e+00
1.489238238357032529e+01
1.726161977617602972e+01
1.167637611123667973e+01
1.189745929822978532e+01
1.813393514779348337e+01
1.304894817282909081e+01
1.146612828179795329e+01
7.421534695693689621e+00
1.789038201926083715e+01
1.307965009049765470e+01
1.240649676351064024e+01
9.391007894528247135e+00
2.323463042264990364e+01
1.693557490020700840e+01
1.715936729672592875e+01
9.915751964758797499e+00
1.188152996209498902e+01
1.464896620164814145e+01
1.118098937637995149e+01
1.547543444301597937e+01
1.558724361160991023e+01
1.737346950269170520e+01
1.141218686290472206e+01
1.349097184108344649e+01
1.237319221926759027e+01
1.700581334854885895e+01
1.527317694612322541e+01
1.525672586077346971e+01
1.138777439863924101e+01
1.211894395070533115e+01
1.405781999946621319e+01
1.738089470190875829e+01
1.102785081982974091e+01
1.351746064472829900e+01
9.288544790874466273e+00
9.405907023696935099e+00
1.152722385855501663e+01
1.494886121105771437e+01
1.779773375085571629e+01
1.435304701458111865e+01
1.209155813242299260e+01
1.503034419121578580e+01
1.331422057976785212e+01
9.325777754728052926e+00
1.062065483148554712e+01
1.118268199264289819e+01
1.112607244479612056e+01
7.390677860594468740e+00
1.416807925799016488e+01
