1.444412815026733021e+01
1.362395453201370898e+01
1.784195151965339576e+01
1.128042267108423857e+01
1.905349144024283348e+01
1.431860647000722153e+01
1.616091983129866350e+01
1.593080103162198391e+01
1.032167130346647710e+01
1.028599973348082308e+01
1.326547390679638383e+01
1.300967677742077022e+01
1.037595037526571140e+01
1.492676326629195493e+01
1.394547270033172737e+01
1.794592265049673685e+01
1.328560658663044158e+01
1.033845255218966486e+01
1.104894761677805093e+01
1.530864803509723693e+01
8.380184137785711584e+00
1.990911955189588411e+01
1.133496378261656368e+01
1.524067704546299318e+01
9.639225223515980545e+00
1.859089764149980084e+01
1.145620921954348326e+01
1.856868730839013182e+01
1.436972426133717562e+01
8.443967670322150454e+00
1.038160480943553843e+01
1.574313228180335500e+01
1.022103360792881688e+01
1.282615011863515875e+01
1.044258021791488389e+01
1.271839784580090082e+01
1.309883405926873756e+01
1.524213713624514632e+01
1.569686355980684489e+01
1.490616901324803933e+01
1.221124811495532114e+01
1.441720417914564401e+01
1.439025213921925506e+01
1.045932931686163769e+01
1.250158011422571747e+01
8.499736117724539852e+00
1.441310195828694418e+01
1.517685703398029773e+01
1.113131854674563748e+01
9.418077967149148577e+00
1.462005503956133445e+01
1.536149012532776048e+01
1.515415534119580876e+01
1.501214079717996341e+01
1.129879718255326715e+01
1.426649865376059978e+01
1.382934290951931011e+01
1.673817749916713638e+01
1.139662358265871056e+01
1.510441333692802424e+01
1.797951093743015250e+01
1.872164552053550324e+01
1.561737129277788405e+01
1.232948497562900414e+01
1.403460901779125258e+01
2.175311342549755977e+01
1.254102179085548663e+01
1.132165766453861799e+01
1.291890212029428220e+01
1.377945124222778617e+01
1.606536343563933400e+01
1.352441690542847041e+01
1.283628633741656344e+01
1.625570281947720019e+01
1.459306576408912015e+01
1.448565505655365193e+01
1.148879512551305027e+01
1.129995703185493738e+01
1.229637900978032583e+01
1.291152805695204364e+01
1.687911022285802431e+01
1.231493307765683731e+01
1.140586353416062693e+01
1.858519385482773245e+01
1.331076539635868983e+01
1.286312923638612027e+01
1.305347545006255316e+01
1.044602060997207715e+01
1.516055714474236815e+01
1.772617249884451596e+01
1.759431477870462146e+01
1.434583702029445007e+01
1.059881147582364669e+01
1.716658639051831514e+01
1.034373284071262766e+01
1.366475061718577244e+01
1.295796885949729216e+01
1.485871649113857274e+01
1.212023177860577050e+01
1.131003349764068311e+01
