1.277135732259280587e+01
8.300797549507056061e+00
6.508102365710539239e+00
2.493143477151207321e+00
9.208853283521740707e+00
7.835190692164394122e+00
9.222010588359266237e+00
5.065549005449978992e+00
5.230126492092398216e+00
9.480272290921615053e+00
8.855988452721025084e+00
6.470374985628607689e+00
5.701422890410573707e+00
2.426090452789364527e+00
9.683949748616663911e+00
6.516891664246812432e+00
8.921017590599660707e+00
1.153822538073750437e+01
1.646065417479425363e+01
9.276185333758116158e+00
1.076443266800690068e+01
2.327849842264406721e+00
1.013395681115432545e+01
6.342469573934389260e+00
7.291851643831289920e+00
7.441997808338688181e+00
8.049564027737396543e+00
1.254431200798651602e+01
1.340611850912372738e+01
7.562158529455039968e+00
1.337726427622217606e+01
8.727044058340332811e+00
8.865602725187676114e+00
1.134346268531054847e+01
1.109686964486807348e+01
1.207358677704872107e+01
4.912951363227025858e+00
1.031463495042956069e+01
1.173845208360927650e+01
1.028647974327412307e+01
8.116147210551755364e+00
1.110037062048539980e+01
1.189102888820324111e+01
7.125676491999370477e+00
1.147198987438373763e+01
8.872570642290220633e+00
1.302340432033372331e+01
8.229450235761554211e+00
7.913710061278129260e+00
1.179290981694458473e+01
9.610489228931761829e+00
1.045023757042098289e+01
8.384205353974429897e+00
9.401957098889214492e+00
9.375793432566119634e+00
8.825611975946758392e+00
1.138965414376675156e+01
1.136131240014890231e+01
1.290528992267848984e+01
1.068523761095846325e+01
1.374831506158578875e+01
6.231895579230259052e+00
6.742096333217346249e+00
7.723224038818016446e+00
8.450088115522365939e+00
3.912854626474289166e+00
6.761060905071909488e+00
4.537145280839640193e+00
1.057120580507252683e+01
1.080373341858530267e+01
5.925842509153181226e+00
7.493758613845780125e+00
3.145801317003213970e+00
8.926361574046094205e+00
8.159012331436189314e+00
6.849724366317922808e+00
9.820513023750695680e+00
1.438320093767702090e+01
9.244514133204772222e+00
8.354027592425188331e+00
1.467273366129591317e+01
8.437939294461761719e+00
6.255037771379909906e+00
8.459468250583844551e+00
8.147986002996132626e+00
8.763376145335259437e+00
1.178275228509394701e+01
7.145327298242643899e+00
3.419431741973794736e+00
8.740243739367995701e+00
1.196150084327133989e+01
7.562223730849722436e+00
8.400844584293396977e+00
1.085448195695730256e+01
1.255528166155231240e+01
4.035303591929238820e+00
1.168315532834008685e+01
8.595486712454912137e+00
1.247796982139428401e+01
1.227489855058965595e+01
