1.429331217946907095e+01
5.400115202468270148e+00
1.358431801618348977e+01
1.398661903300094522e+01
1.312439771876844752e+01
9.510621882645642344e+00
4.213555585221978816e+00
3.890550480033482472e+00
8.523238204892477299e+00
8.380316309285705145e+00
1.135965860693574925e+01
1.146393718190477529e+01
1.337162153857648050e+01
1.380727681088907666e+01
1.370420117712614605e+01
5.945363056287940040e+00
8.151546383239695714e+00
1.236684216782014367e+01
1.294541710068843976e+01
8.377019726239877784e+00
5.848930060209269755e+00
6.495007562999269624e+00
1.145032919363240609e+01
8.340513286964769790e+00
1.437177138068660298e+01
5.443027219994227117e+00
6.505702217397661080e+00
9.373011571977562184e+00
1.454160989879869348e+01
5.486857423074873452e+00
9.295344348198836926e+00
1.409217135156874079e+01
8.133345692024779083e+00
1.130139333532980395e+01
7.430828346479985136e+00
8.761799961249554514e+00
1.044668336800581798e+01
1.156758650152057299e+01
1.212173237182789798e+01
1.466774835665023424e+01
5.387165429300299735e+00
9.764043046324415442e+00
1.469394502742661501e+01
1.092901258105463036e+01
9.455468488589266585e+00
1.129228915188080151e+01
7.995175105639440893e+00
1.012774726348155596e+01
1.212057194209743649e+01
1.422369357879666651e+01
1.663327052306549803e+01
1.081157526141002734e+01
1.206099146759994056e+01
7.845335492078784334e+00
1.577976462318154205e+01
1.175273980606284852e+01
9.402437085879855161e+00
1.089274917918045560e+01
5.638091932356638303e+00
9.521788376755718986e+00
7.094600706272810697e+00
1.222390921688365673e+01
1.282748908729634607e+01
1.371990658651215611e+01
9.792298038091775680e+00
1.226267044382180060e+01
7.375038517968372176e+00
1.169283607172649297e+01
9.251662885414958737e+00
5.574952195586563519e+00
1.162266617679626712e+01
1.479679119402603682e+01
1.406133464823226120e+01
7.349652280535929449e+00
1.345171743188602598e+01
8.465297112399188251e+00
1.481735854352838366e+01
7.415061049718821629e+00
6.744416538752533441e+00
1.145803421277672385e+01
8.456968035070140388e+00
8.453206038358107577e+00
1.085588104594942216e+01
9.409420406652486690e+00
1.197171448258909443e+01
1.260684037177792760e+01
6.553177792074420083e+00
1.436282454668155673e+01
8.612436697047614942e+00
6.402218314619736006e+00
7.660333668440865829e+00
1.223741677245454262e+01
1.132396306583008005e+01
1.325369877221792336e+01
1.026048399453706317e+01
7.672832164129106403e+00
1.361800532124768814e+01
7.427818005729109885e+00
7.701213921206123025e+00
2.495109806487627147e+00
