1.017573269677594006e+01
4.974958358410098924e+00
9.802146581114557833e+00
7.474914534203263017e+00
6.446602063286545281e+00
2.564752756064434536e+00
7.964332622597683375e+00
1.087255227868786633e+01
8.684128941249007028e+00
1.028615489333745892e+01
6.075474244106610300e+00
1.450681614145816312e+01
8.438937522488272336e+00
7.602978492386347042e+00
5.569736395894318903e+00
8.781160221094991059e+00
9.415036487349656369e+00
6.437715141945139052e+00
1.253528508424600219e+01
1.112851165895078864e+01
1.046860044130916556e+01
5.252565139635906100e+00
1.084305524314729574e+01
8.472511475331407027e+00
1.139137992415295741e+01
1.250752369350463589e+01
7.803058652460196143e+00
1.019902497956013221e+01
5.753547930803282640e+00
8.425334976862677294e+00
1.251539013256880217e+01
5.551144193409709438e+00
6.271941385667929580e+00
1.468000481082273367e+01
7.326480711821104386e+00
4.674952782938692764e+00
1.101500745782066382e+01
4.357723022669637736e+00
1.223655561448325457e+01
8.867556807948149711e+00
6.727707484317974718e+00
5.916431747792771034e+00
1.181706625840405955e+01
1.035078158168028217e+01
5.102927131413252049e+00
1.422367663529608350e+01
5.396955955946293848e+00
9.249004027345128165e+00
1.024420660899834523e+01
1.043016525414365070e+01
1.034132268974334679e+01
8.758384881347833328e+00
8.150561956930667762e+00
1.107195387571042211e+01
7.906417818516534801e+00
5.930350838752281639e+00
9.909309883824148457e+00
5.006510700710526507e+00
8.320127920872289806e+00
7.996809615920886571e+00
1.173462583345846966e+01
7.920437846895093337e+00
7.387531107486489113e+00
9.177750415693614272e+00
1.043014753649699422e+01
2.362282247573069593e+00
9.930143232533987785e+00
8.064534578775306883e+00
9.248116598619393613e+00
9.448131258465421567e+00
1.692133047847549321e+01
6.562637710786251688e+00
5.484213097694280670e+00
6.127323949581346518e+00
1.304752984322196596e+01
5.191080731206661802e+00
8.085348109507439318e+00
1.034842495344670432e+01
5.824496068803055593e+00
8.478254717316380251e+00
7.968454779242153840e+00
5.247927826291951092e+00
8.816994853452641223e+00
1.395215293930796818e+01
6.309427016457028969e+00
1.137984012476341711e+01
1.140200222675309760e+01
1.140898170222840413e+01
9.498818471435923172e+00
8.362143092189135984e+00
1.002277812160310866e+01
9.516805755895884289e+00
8.988306289374563107e+00
7.306815554820791370e+00
9.023476181487435355e+00
1.051826306819593704e+01
8.661899147122690934e+00
7.662239301874003594e+00
1.187586177704763024e+01
1.129158168129974449e+01
