9.708341676776845119e+00
7.258694032922692330e+00
4.752309949903676944e+00
1.082883117055905409e+01
1.119505396974614797e+01
1.048550999491671654e+01
7.333108221654915937e+00
9.637005949779627656e+00
8.337651315853250367e+00
1.256978947008098935e+01
1.118868789609868131e+01
1.455220672867394782e+01
1.207563968034709667e+01
1.102531404214943755e+01
9.126612926770924616e+00
1.606533679178025409e+01
6.799308996629721769e+00
1.108000227644793689e+01
8.140576960876675372e+00
1.262013053157367537e+01
4.944289596639330320e+00
1.097709793107723186e+01
8.364450925241309065e+00
7.411005896100672174e+00
1.133772189432735544e+01
3.693948906168044832e+00
1.442111083281138129e+01
7.773242744477533606e+00
9.582053171646101930e+00
1.038907556148332567e+01
1.631674186314155861e+01
1.352375586989751355e+01
1.187990369636537480e+01
1.425580125999343117e+01
8.834315513626645355e+00
1.328627275461535007e+01
9.944763983226859949e+00
1.327082498155840717e+01
8.430738889435511751e+00
9.808081656028065254e+00
7.945655617122343806e+00
1.263114522565593134e+01
8.145551784039787080e+00
8.209573256755327009e+00
5.642509344657875126e+00
8.311712642989116162e+00
1.158608100324510204e+01
1.044994215624123512e+01
6.722182653501277194e+00
1.700371828680459174e+01
1.162434101190616431e+01
1.245354606899904226e+01
1.309331408640244732e+01
1.037004551096545057e+01
1.084112226862958472e+01
1.164171775491081284e+01
1.395382481831919463e+01
9.336338031488571332e+00
7.952899337920744216e+00
8.305254938340718596e+00
1.062579359181983030e+01
1.639354130866714598e+01
6.874430633989836892e+00
9.594454798717698907e+00
8.872151138387845748e+00
9.842314159790205963e+00
1.056311998331051960e+01
1.143680904518041608e+01
9.307914354359969167e+00
1.406896679328878363e+01
9.015458947789420918e+00
8.485443159779162414e+00
1.240406235349862385e+01
9.177445285820208909e+00
5.204479708830819007e+00
1.637632315847465492e+01
6.772630202970391089e+00
1.359160286644933890e+01
1.077013727719729985e+01
7.980331469362427654e+00
1.076545926051536561e+01
1.028632792054042255e+01
9.263935513123669807e+00
1.474462864127912098e+01
6.942848975147520640e+00
5.319133288169782148e+00
7.787173384772289708e+00
9.944584614762593588e+00
9.663741597718368936e+00
9.628496434090182632e+00
1.170140111074752376e+01
1.340231268474834181e+01
1.212386927162744854e+01
8.414520288151503991e+00
9.365462043385923252e+00
1.137693410025589280e+01
1.015322800386489988e+01
9.909755636818550428e+00
9.326489048277370131e+00
8.250945136433553984e+00
