8.630939123122672640e+00
8.893603101192359972e+00
8.408347605474398634e+00
9.366930215866311471e+00
8.443124088268227467e+00
8.383283933506996632e+00
9.138212297333554446e+00
8.334086540784996444e+00
9.437008382806741480e+00
8.412711163152151173e+00
8.556937321000805952e+00
9.346955314207933796e+00
8.412203161307697741e+00
9.541267067505106780e+00
9.209050905430855138e+00
9.641845481737108869e+00
8.856095666275106026e+00
8.652815177493479837e+00
8.346765275592289868e+00
9.390859421474228697e+00
8.495103768195145122e+00
9.770490139595189305e+00
8.993650070969133381e+00
8.594979353850224157e+00
8.407436383045642003e+00
7.493100456860423364e+00
9.020053500101317567e+00
8.158087144101697774e+00
8.399681666268673297e+00
9.390722096316990175e+00
8.367740427958615612e+00
7.515051569778597340e+00
8.463871101366457594e+00
9.204147261476306241e+00
9.349434014671736293e+00
8.368186334518505021e+00
8.576816939545526708e+00
8.450240915113605311e+00
7.570730330755120363e+00
8.433639027126925924e+00
8.355968668877048700e+00
8.801753227561892601e+00
8.417950567393681638e+00
9.420830083732607108e+00
9.294549693918742861e+00
9.538075471562263985e+00
8.382018845816002539e+00
7.473609311951520340e+00
8.696323698858252627e+00
8.750244227719077728e+00
9.088856334017377137e+00
8.364877708949489232e+00
9.047680052411678275e+00
8.965048690417599886e+00
8.392855569229011437e+00
9.408536247184871470e+00
8.438071911777701217e+00
9.312947860914604803e+00
9.403174214124307539e+00
8.678189595770509968e+00
8.440892243520806915e+00
9.130062313729981227e+00
8.754120493233546796e+00
8.950888282912414340e+00
9.407450614305927772e+00
9.923525664360463239e+00
9.079931033362377946e+00
8.564952594131851171e+00
9.547874773815321348e+00
9.545194099452718461e+00
8.425228436670735732e+00
9.332106229979094891e+00
8.896530221744166411e+00
8.461219805838588570e+00
8.961871980499207524e+00
9.418591853272147318e+00
8.843024095160291864e+00
8.615714737410467450e+00
9.160867602046815605e+00
9.864623780574582668e+00
9.632488079823163574e+00
8.400177124951092367e+00
7.753373174603153117e+00
8.439772622615645759e+00
9.388099271952084379e+00
8.396314470212342229e+00
9.341013322970809440e+00
9.411694291419392400e+00
7.429028817666677220e+00
9.366682540974064608e+00
9.416865608293766954e+00
9.422652149981397329e+00
9.034761655604993891e+00
8.381959291137288659e+00
9.371684731251878731e+00
8.320669266004443898e+00
8.368290701332149695e+00
8.405166471033293618e+00
8.805480604526019661e+00
8.553516668080487051e+00
