1.279287390933616564e+01
1.618137980724771552e+01
9.296194309267447053e+00
1.693441379302260330e+01
4.856062375216700033e+00
1.288704908933819304e+01
1.797332186547781419e+01
9.928227571021825071e+00
1.299155361840083422e+01
1.528796761446867158e+01
7.172586768766061383e+00
1.036984638496332778e+01
8.852356740290654002e+00
7.223145415238192868e+00
1.222255020434523765e+01
1.623638979292150708e+01
1.087170349403034031e+01
1.266291687720257819e+01
1.312366728524119175e+01
8.853605272696329465e+00
1.125933073444801558e+01
1.205391526538888058e+01
9.422566419832653750e+00
1.061964636720220945e+01
9.037373143911304751e+00
1.205914226183215909e+01
7.857208312145880669e+00
7.985744520834034965e+00
1.290192286759307905e+01
9.879375431558328202e+00
1.037732113182313043e+01
1.128222950870732433e+01
1.396655681952757178e+01
1.217772217593931394e+01
1.447337254485537272e+01
1.724683656464130621e+01
1.333037881391648405e+01
1.003486017290981991e+01
1.309550588626821366e+01
7.447604809530694148e+00
1.704006836556796500e+01
1.105235070282027898e+01
9.502521035016714634e+00
1.403895851679901874e+01
1.795321044905108465e+01
1.025735498486286978e+01
1.324975448322171090e+01
1.178255562801089518e+01
1.086374927336448515e+01
1.005383432492471130e+01
1.124985999462559860e+01
1.263256880941026239e+01
1.137896519492004543e+01
1.206912691743386645e+01
8.390521640214148036e+00
1.133034510914080606e+01
1.132234623492877645e+01
1.060186852597247409e+01
8.383533158146773800e+00
1.205475390715549189e+01
1.333286520037537670e+01
1.541379152125523611e+01
1.516745556774690940e+01
1.241047489434474116e+01
1.469792195011086910e+01
1.392675609632855682e+01
1.238170635638333117e+01
1.033922105185407680e+01
1.519072995487599620e+01
1.041310275034575739e+01
1.124119379902783145e+01
1.350745093915349493e+01
8.034693300762580037e+00
8.351961101979600954e+00
1.514962126415919563e+01
1.695879467409289276e+01
1.239046816185609146e+01
1.136744466253225738e+01
1.433238587718707713e+01
9.965915882566388717e+00
6.733557300004518353e+00
1.104385509660251152e+01
1.436379019469527840e+01
9.428426812899633802e+00
1.206949938710940096e+01
1.942904979366217688e+01
1.271959255927500010e+01
1.588983539679964707e+01
1.896449790408880531e+01
1.047008336977935983e+01
1.222236408774558392e+01
1.260206973542095099e+01
1.287829860838232499e+01
1.497362622567525214e+01
8.700386680749632617e+00
9.412325141241657533e+00
1.582071697385390507e+01
1.295439258112977576e+01
1.581404087895404231e+01
1.409790181325224090e+01
