9.078195208453808007e+00
3.232683815896926216e+00
7.982736185732426826e+00
9.007114121192612899e+00
9.769656178412317260e+00
6.746114844643641639e+00
1.033326765785323431e+01
8.948117279660692702e+00
2.752168938104003981e+00
8.448377401136960785e+00
3.741354618628510487e+00
1.303228903118464999e+01
9.937077363327707857e+00
4.812622046876689375e+00
1.203350421225431788e+01
9.074731546795145931e+00
7.282995855616510639e+00
1.177082583998649490e+01
7.755854344142500523e+00
1.046612378695680512e+01
1.305738834769630330e+01
7.592263086265981009e+00
1.643426823299526518e+01
1.190217017053586268e+01
8.715010613412220053e+00
6.701641552243153832e+00
8.554959869055721811e+00
1.210215230227704097e+01
1.414763852148764478e+01
1.230323338459630378e+01
1.076512738157891391e+01
5.726725693535736461e+00
7.397794418965088603e+00
1.248983419160990493e+01
9.190695967999410243e+00
8.461221551033744959e+00
9.419987521702127609e+00
8.478438435580544663e+00
1.218247395615329864e+01
5.082956058111459008e+00
1.148915419343346755e+01
7.345095082996683011e+00
4.767808413968073644e+00
7.479541968620739389e+00
1.078511019850848740e+01
4.619599498081742084e+00
1.018387669122614447e+01
1.478349815396822109e+01
9.796126621609346330e+00
1.024530447210794470e+01
7.483075398888150431e+00
5.329750369222478135e+00
5.336582917863164077e+00
1.002233145388420077e+01
6.339397368229262142e+00
4.969160617197804442e+00
7.754922360684072480e+00
8.135978566067414874e+00
1.389980109129330366e+01
7.445007306401695502e+00
8.701989134548165694e+00
1.054237212623742970e+01
1.477780087890050176e+01
2.710519524475524022e+00
1.167713493018450244e+01
7.341677171137586555e+00
1.021136326252510251e+01
1.137652554464298582e+01
7.799938627669130931e+00
5.535706206995640422e+00
8.211669210691837861e+00
9.834972208526266968e+00
1.554052773260779929e+01
1.752752286134245452e+01
1.061471691805268591e+01
9.731835232036811334e+00
4.474757436831054314e+00
1.122005959463211333e+01
1.112305008677608775e+01
1.001223929377758459e+01
1.092757488624226347e+01
9.288872900101058150e+00
1.160592073126764134e+01
5.964703245907587714e+00
9.263463585068524964e+00
8.390104759661690892e+00
1.307996576530651289e+01
8.484383406721596188e+00
7.362938738627575752e+00
9.242550998970736842e+00
1.173804481211117867e+01
1.242984490743748083e+01
8.343454341144379782e+00
8.336533508694722983e+00
1.001379028531965076e+01
1.340708786269521191e+01
9.561738345006801865e+00
1.599978769959576042e+01
7.640716297991058781e+00
8.512829510289417811e+00
