8.167155362076941927e+00
1.169705762220183232e+01
7.365911047810421053e+00
8.999815201170431322e+00
7.425439935102845723e+00
1.150210333887100589e+01
9.152187322812016745e+00
1.115779330323809049e+01
1.049066693853648502e+01
7.019965397446292776e+00
1.010988456435826599e+01
1.297393471244497398e+01
1.207978320958270935e+01
7.503365183557406226e+00
1.304180929622966367e+01
1.102058543004149449e+01
8.666536025497284967e+00
8.216253008685566073e+00
7.233176395558466254e+00
1.317350405134929581e+01
1.055672184235844213e+01
8.831078526276476381e+00
7.443859620432776936e+00
8.409046906834602098e+00
1.094939945312533780e+01
1.085844750287639471e+01
1.296081426384184709e+01
7.400942138748619392e+00
1.079519104640218252e+01
9.373149545746519706e+00
5.207960292328455587e+00
1.104740847634900192e+01
1.056950538301441433e+01
8.941162438805461576e+00
1.182090377667920933e+01
7.757398425271013309e+00
8.644186385462720779e+00
1.240751825317175339e+01
1.055151832100780673e+01
1.234014988441041183e+01
6.780552993940129447e+00
9.593287827780102361e+00
1.172374449693052334e+01
1.059189660868687888e+01
6.569151197048847202e+00
8.875659015947114483e+00
4.418747427106739067e+00
1.060479632942768902e+01
7.869104966847665139e+00
1.057745754868889243e+01
8.523162415934779190e+00
5.421317049607213612e+00
6.431266996595937258e+00
8.589817033527479495e+00
1.030288689160988191e+01
6.973707724844784295e+00
9.850019480713651632e+00
6.824661672863388873e+00
8.987066163640220040e+00
5.398966202578280971e+00
9.342224280457561036e+00
5.261935291875317944e+00
6.570568422205864678e+00
1.292223065886442868e+01
1.323627694168398250e+01
9.521070854665582672e+00
7.392175672357651273e+00
8.814062032871596841e+00
9.352094285743165258e+00
8.830247495845439332e+00
7.396382906313440309e+00
3.472819261573083072e+00
9.108397808217560510e+00
7.429817191381353325e+00
7.960103683282492071e+00
5.632524921097600945e+00
9.859456908956392596e+00
1.210742493939679676e+01
6.135468480540379410e+00
6.348252036064510939e+00
8.634505475495938498e+00
6.867121756130808663e+00
9.363098183239419114e+00
8.932472408302732703e+00
8.912707975909942348e+00
8.032056690145061850e+00
1.031827451100278559e+01
9.820631424065082271e+00
1.255302210180117228e+01
7.348673883384725158e+00
1.009944317619685528e+01
1.279318661081095954e+01
1.097658176115070994e+01
1.191999001443882378e+01
7.398499623698323369e+00
8.795667644290000808e+00
1.258373784787748662e+01
9.204309563747331779e+00
6.564278314058971553e+00
7.105110050575408565e+00
