1.071872503588018510e+01
1.184815399506999078e+01
1.122952567499530652e+01
7.740221431150124509e+00
8.117787127003470715e+00
1.127824492175494520e+01
8.768583571270745836e+00
1.159462877679941428e+01
4.987330095083547299e+00
1.071679435600021257e+01
8.293505130489409183e+00
1.349961842813327628e+01
2.213460416474599679e+00
7.208601300106911580e+00
7.750277734149586095e+00
8.318314113815940658e+00
1.392756964760333638e+01
1.071750793971222748e+01
8.682630338484980115e+00
7.057509793428943468e+00
7.358131693179277732e+00
1.087833101146134140e+01
1.152317588186590491e+01
9.480535672944338188e+00
1.156748317794248315e+01
6.859654420320095092e+00
1.221864476192198623e+01
4.271070501168805933e+00
1.161334920266597415e+01
5.571582925170395661e+00
5.684581546085571091e+00
1.118393469602561829e+01
6.469164180397240393e+00
1.129361256347735498e+01
8.955755855153920919e+00
6.049126066470172702e+00
6.475882353954114379e+00
9.121191412172525048e+00
4.925376588247380560e+00
1.021028180515123118e+01
6.132565057279875553e+00
6.775213663095779992e+00
7.038519079800596323e+00
1.019034553489792394e+01
8.737828307338830314e+00
9.860568395520244778e+00
1.063091352431825953e+01
1.247726276200703843e+01
1.067906950734049332e+01
9.672864389147465047e+00
8.865475059913736189e+00
9.331771415508530509e+00
1.145412682766497703e+01
1.089854896329681644e+01
2.356102856719579197e+00
9.342993886270615889e+00
8.999265914979071468e+00
8.899072728499598739e+00
9.447756119418466270e+00
8.829057465972267593e+00
7.628748219553262544e+00
8.600694287611462485e+00
5.042180309812598793e+00
7.774431982747411318e+00
1.027814221373327719e+01
1.217655908348094584e+01
9.562868884046624274e+00
3.367552203633602748e+00
1.093071320817180236e+01
1.015457749635555196e+01
1.113865049404382646e+01
1.051266028569831690e+01
5.048596961342532552e+00
8.826442646991191410e+00
1.102575391821090989e+01
1.702213201317949043e+01
9.929445144521231725e+00
8.261380771515611343e+00
8.483495518276836123e+00
7.204266407980505882e+00
1.238349765999177166e+01
6.639661438056208453e+00
7.166457279770959587e+00
1.217173917803132888e+01
1.190825109650744373e+01
9.823064343238382179e+00
7.940612983160304950e+00
6.687880375275241818e+00
1.293638112112573957e+01
6.732552473376498980e+00
1.613517363801370053e+01
7.465919846504888824e+00
6.475661569013046126e+00
1.622443066586673766e+01
8.047824483095009640e+00
9.324491056317826931e+00
4.239275569475199568e+00
1.268619067772115727e+01
1.018714001865233243e+01
3.703570701299449208e+00
