1.011325808454888886e+01
8.146221250984494233e+00
4.639183657686146489e+00
8.363126823487110784e+00
8.981256183079333155e+00
6.051860471731369984e+00
7.195681146556122343e+00
7.337325817298392394e+00
7.221106780687623683e+00
1.213361570159709224e+01
8.897653325971864646e+00
1.164633083125876389e+01
6.406301288633353685e+00
8.269908951166955902e+00
4.964296274926463859e+00
8.897224653402759031e+00
4.697855589076699978e+00
7.737915338688026168e+00
7.245212735934972947e+00
9.791195470387540567e+00
7.627560831077366821e+00
7.679038895096629957e+00
8.612770155557079477e+00
7.540029114788802111e+00
9.660701390198100924e+00
6.092324173456491465e+00
1.024595733760587812e+01
8.667437578815095023e+00
4.101215399717860421e+00
5.808046754493519259e+00
1.291102290352747239e+01
1.016976743492076274e+01
1.025663601579702444e+01
6.553610458665128924e+00
7.892385549694043156e+00
8.141312420057614574e+00
1.156334993272099432e+01
8.184844159152911303e+00
1.120584889151596819e+01
1.011535018948212183e+01
8.134373061891908563e+00
8.044003259758076396e+00
7.173552214288197781e+00
6.235063225012724253e+00
1.054097768745137742e+01
4.911888785812744018e+00
1.346877049017680150e+01
3.746017662683164051e+00
1.122106117073195009e+01
6.701616433302509890e+00
5.030191140096312630e+00
4.879630289092216522e+00
1.032863170970640709e+01
1.113801585538233319e+01
6.464099187286135084e+00
9.090316573444667370e+00
6.858079386780550735e+00
1.095807767056967563e+01
9.071049060128455466e+00
9.820944021255739287e+00
8.737217420866134177e+00
7.799530940223160513e+00
9.130100855651358316e+00
8.348788989446541464e+00
5.588324467082108171e+00
7.374905001514410863e+00
5.491124404005033988e+00
8.690727901124118304e+00
6.104659628547255856e+00
2.702974635640329915e+00
1.024583772518964331e+01
7.279735149574881881e+00
1.088238392806688282e+01
6.853430868915994623e+00
1.094256908320568655e+01
6.129327790356033034e+00
7.550158545394102028e+00
9.091394184138177792e+00
1.015726063151215719e+01
9.229085626490840966e+00
4.913510617424559079e+00
1.176059274092620122e+01
6.665243712042722812e+00
7.415993150078445950e+00
1.164250593134062584e+01
2.881098490740545692e+00
8.673595091918437916e+00
1.105802582222357167e+01
1.039605774944261185e+01
1.073364156021084703e+01
7.269133797459684132e+00
9.408470038607310570e+00
1.057631167374029602e+01
7.485224283522538435e+00
8.393351126206960444e+00
8.492792934247079373e+00
6.264032755694640464e+00
7.541765924762908746e+00
5.485695001974365326e+00
7.420128230692569105e+00
