1.071947458060089708e+01
1.028108348678952488e+01
6.620229849288739032e+00
7.083391434045316792e+00
5.684900412655436774e+00
1.280104791021466326e+01
9.362925635374574895e+00
1.147654859399714766e+01
7.708531064161459057e+00
2.980169462418850834e+00
7.030796125677856168e+00
7.529401414070656884e+00
9.598198944174422209e+00
6.837767867337798400e+00
6.360792172800286970e+00
5.966794229964680341e+00
8.904467951227724498e+00
1.091877211162372774e+01
9.976790039294062495e+00
6.459509709032748681e+00
7.733028701881432987e+00
8.718439408617205899e+00
9.692799842925513332e+00
5.493007237786060593e+00
9.423692617752209344e+00
7.541889147048507880e+00
7.109114943075141468e+00
6.383215953266685005e+00
5.923909617093626068e+00
5.083413032586555858e+00
7.994945404380572995e+00
9.142765790878588206e+00
7.111316034172231682e+00
7.198137684058249164e+00
8.605542185800779009e+00
6.721146694793888265e+00
6.463123460316579916e+00
6.463554190730191884e+00
1.116073760808120063e+01
8.528353684105242749e+00
4.974759946899346197e+00
1.066254887376660321e+01
7.370901246435825449e+00
6.154223209996883881e+00
5.820419155755020668e+00
7.829218931214231958e+00
7.615116500433462221e+00
9.289850800753429283e+00
5.626643032568658498e+00
7.248184888709605644e+00
7.544728543101110851e+00
8.270535016854324795e+00
4.168649589360201801e+00
2.520810838998754022e+00
1.356994079867268077e+01
7.000009164522495553e+00
8.202403932568849143e+00
7.582909513530357692e+00
5.905368981634607550e+00
5.326544690792538006e+00
4.323253806800710031e+00
7.420186668374252115e+00
1.045274868665289603e+01
6.880350150725210945e+00
7.730137272431146123e+00
6.060063458864256347e+00
5.965067081854540376e+00
8.277492443380298326e+00
1.150571884328032368e+01
1.220794410164996613e+01
5.714319516998323856e+00
8.813346637115683890e+00
6.913954859333093061e+00
7.452125072676573758e+00
2.987481216041874443e+00
7.830579890933472065e+00
8.921345550565279225e+00
1.053556054184355162e+01
6.163322900481978728e+00
7.788062067436535507e+00
1.003711111692719804e+01
6.945203155102029235e+00
6.638757197087438833e+00
8.293007746449537976e+00
6.670460555676964276e+00
7.347499094234972716e+00
1.143871632717520903e+01
5.692579677150648720e+00
6.825927405526337921e+00
5.845963774810515545e+00
8.684013735325335048e+00
1.180448997991037352e+01
8.792565806448239485e+00
8.519385453923618456e+00
7.419695394087073126e+00
7.497638285798928770e+00
1.252300805865564293e+01
1.020692571191416675e+01
9.639692550019946182e+00
1.099704921181073658e+01
