6.257514204681076109e+00
1.063419348943538267e+01
7.975772555675726849e+00
8.543945240053330892e+00
7.274523916426246295e+00
1.086880624940639528e+01
1.085158835498704732e+01
9.479668805094716433e+00
1.037851545216304316e+01
1.067773961756438617e+01
9.269510989420133740e+00
8.968897746708018204e+00
5.540921252709140710e+00
9.845021506545039713e+00
5.894017046744958854e+00
6.630794144395482981e+00
1.046724303157039948e+01
8.361202144687773341e+00
8.520492903045992605e+00
4.643220073395926129e+00
1.241150198688881545e+01
1.406220413021746474e+01
8.392271685573199136e+00
8.837293144006579837e+00
9.174945367107996574e+00
8.873302026181141500e+00
9.607106901819832956e+00
8.057947180874990067e+00
1.130740958575273858e+01
6.975268459516439812e+00
6.794450774905583579e+00
3.707609412517171688e+00
1.007230155913839376e+01
1.343560726661846516e+01
8.891034448414067981e+00
8.748948440069979071e+00
6.853796162401005532e+00
9.213850593446291981e+00
1.019627127555260238e+01
6.820714418664918455e+00
8.173439382509913642e+00
8.682599092505324023e+00
1.057106091069040410e+01
8.160866360242875928e+00
6.464417638092601059e+00
6.475408345686294531e+00
9.304873705864826761e+00
9.140418911124498891e+00
5.940722557852023300e+00
5.388259330116401458e+00
9.454254347382416768e+00
5.971785722711185684e+00
3.595003721525392493e+00
8.186366736673642563e+00
8.186710330215513309e+00
5.196924347000139832e+00
8.824764523300045127e+00
8.728807607298019633e+00
9.977337749711425730e+00
7.802417590032358241e+00
1.159923578107778219e+01
7.551602029799726168e+00
7.540476520218084566e+00
8.593863287343239676e+00
8.084476177327010404e+00
5.126595064860387296e+00
7.891274419946370244e+00
8.348270945370142471e+00
8.466160641219014238e+00
8.163432147086632895e+00
6.565517706860102720e+00
7.261417243060236615e+00
4.203403948355609820e+00
1.014900029091182176e+01
9.988085280453834258e+00
1.011691131726559689e+01
1.363330226353482999e+01
5.342474577864620322e+00
4.964369299624322274e+00
8.476772134838869377e+00
7.513844893658125912e+00
9.362694585749133935e+00
1.085111100815536922e+01
8.000328025420863298e+00
1.241223136395220372e+01
8.472595988189409510e+00
1.119537195725857082e+01
5.515152200134273208e+00
8.939227003770342961e+00
9.249115749879406323e+00
6.393756118381305420e+00
7.393329532917591429e+00
1.108325364677730107e+01
1.266731667900608116e+01
6.078126372392037347e+00
7.430404907819712079e+00
6.151494298563683572e+00
6.823918432799302991e+00
5.067240541662128450e+00
2.319169971983159328e+00
