1.067053880406419353e+01
5.430402817765037859e+00
9.308490196782409853e+00
8.440705988898725920e+00
9.351403834289005346e+00
6.464046296101912503e+00
8.836227554405382989e+00
9.280339692351716963e+00
9.033807413156765165e+00
9.071227915027765931e+00
9.243623615693824291e+00
8.330542701263173200e+00
2.548765835228325116e+00
8.045642789671369144e+00
9.795033429398912972e+00
1.198149276947949282e+01
1.101935440143240896e+01
9.182815650287652787e+00
7.547063726396361361e+00
9.715642867067710853e+00
1.132518004059809691e+01
7.552730480678534697e+00
9.155670450942077210e+00
7.793863540503397580e+00
8.264304177352258307e+00
7.308079386281040257e+00
6.395078902370488372e+00
6.184110809433176925e+00
7.037535981140535135e+00
6.928900832461890147e+00
6.466356787067807588e+00
8.608528032188425883e+00
8.830350593212042298e+00
8.456773120038153735e+00
1.068830587709454960e+01
7.809449832534109071e+00
7.591183336740712662e+00
3.388848065987917213e+00
2.488856334896274447e+00
7.276785376538260408e+00
6.413883649676995091e+00
7.900481790877821986e+00
8.056948495254548703e+00
8.399264518779496314e+00
1.245538646816333639e+01
6.674477814576133206e+00
4.804370995202714489e+00
9.046109819512048844e+00
1.192325668636656744e+01
1.123236795379648711e+01
8.526389353438029062e+00
7.111315570762358540e+00
8.325357413782469962e+00
1.140960590554658083e+01
7.904481781572259891e+00
1.068388766569608883e+01
9.806780708079436693e+00
5.995891198101972464e+00
5.098998735473714738e+00
6.562350773501231416e+00
5.204944467353514348e+00
4.728809288421963686e+00
8.765112242242924623e+00
3.131956315255723933e+00
1.017649016368276982e+01
9.954576225888256857e+00
1.050269107079258823e+01
8.569313923554279455e+00
1.059250983693048198e+01
7.429320644825053499e+00
9.327923081483957546e+00
7.676872847844959935e+00
1.274566575282088365e+01
1.118399630178629245e+01
4.957075594794617679e+00
5.490028174439853359e+00
3.883514261094467290e+00
8.579247247007668165e+00
7.834118023589272894e+00
6.776923415082163338e+00
8.826433191182427862e+00
1.021709142921008251e+01
8.858407724801486083e+00
7.651981993902608359e+00
7.384298535800009944e+00
9.392139450867928119e+00
1.233099192662690236e+01
1.125677207647017397e+01
9.596323758064290388e+00
1.063171158998274990e+01
9.842285498874844052e+00
1.008654444870550826e+01
6.674762379523225597e+00
1.072843702517133835e+01
8.126383212853996341e+00
9.805489468399944286e+00
7.118410263918681480e+00
4.709881422459615052e+00
7.280567272413840385e+00
7.577955307558062792e+00
