6.355958724971137563e+00
8.036303239912106378e+00
5.779653647034838748e+00
5.722653528871378903e+00
8.659021697618424440e+00
5.427325892422509845e+00
1.053061259785766346e+01
8.913943868020636430e+00
9.326401545918884040e+00
9.679356029942720596e+00
4.071734244692520654e+00
8.527447769530095201e+00
1.081900856321255588e+01
8.546435198654018350e+00
7.127804033691689689e+00
1.144580132763720037e+01
7.553410039234248252e+00
8.807257967120525777e+00
1.053360356083961058e+01
3.300100722643613427e+00
8.766811455087999860e+00
7.428982602538558133e+00
4.655517898204507787e+00
8.569895437573737951e+00
7.624298527911091305e+00
6.863317473636273647e+00
9.388663370648457018e+00
2.877730593932009029e+00
9.300554111858032158e+00
8.637480989155589484e+00
6.171526356789324375e+00
6.670550154435874290e+00
8.279278091153340569e+00
5.497126857871395877e+00
7.618848600019244799e+00
7.131363813318492895e+00
3.621042000453654985e+00
6.849373670859157492e+00
5.684453633578622878e+00
6.988312292024389194e+00
8.287291747426406729e+00
2.343951493101555261e+00
5.008654974251418146e+00
9.529349211671890529e+00
1.256805242212841733e+01
1.726904434701989643e+01
1.392377139608928260e+01
1.317459745637285451e+01
3.159322748194830055e+00
2.273720085573714744e+00
7.016958209733884289e+00
6.927088723776768653e+00
8.442856063971985847e+00
6.884875960823126029e+00
6.914877322568218077e+00
2.000840645551017705e+00
6.791236103713086614e+00
5.817622403095646710e+00
1.102064404323481739e+01
9.521010033715548104e+00
7.246755763283553975e+00
8.413217191241956883e+00
8.443739008979338934e+00
7.508983760190886869e+00
7.799616402559342632e+00
9.830800689657520408e+00
6.395486147993778125e+00
1.038658047258464201e+01
7.740897856318929016e+00
1.073422343204140361e+01
8.518740109639191260e+00
8.486057047232707262e+00
1.061895403628894741e+01
6.349332515573306246e+00
1.163983678253304710e+01
9.691023894296710850e+00
9.213256962646772408e+00
6.076568991846991175e+00
7.610696399742330698e+00
5.566595911559882204e+00
5.447525712038978618e+00
1.061331071660991299e+01
5.450214294596189113e+00
9.821648751774480601e+00
1.440927809070977617e+01
7.118506239168962857e+00
7.437663248327516463e+00
8.634655055465877638e+00
9.421915135298231547e+00
5.776995661874875232e+00
8.799675023353929149e+00
7.536876971856449892e+00
9.193936919307967415e+00
4.754904480083906648e+00
6.928973699637695383e+00
7.999445233270884970e+00
7.829503594837474267e+00
1.001658550406861004e+01
3.351100873461302587e+00
1.164814532563291749e+01
