6.032055424296843604e+00
6.554197002466951361e+00
3.588797713571096892e+00
6.130391432520775119e+00
8.872074643436288710e+00
1.155133497321425828e+01
8.855575180130655255e+00
1.042260608670529898e+01
5.529833467720273177e+00
5.402685100609177837e+00
6.104011910519695050e+00
9.873017335305645403e+00
1.175543151492437310e+01
8.673676664340241871e+00
6.465451269458089456e+00
6.688904249981376005e+00
1.056410279772731364e+01
9.728419727192141764e+00
1.685292004240059427e+00
8.448295897201361981e+00
8.904884319466832565e+00
6.347499665764786414e+00
8.434632541002985207e+00
8.544671105973410619e+00
1.278205071455310282e+01
1.169285653480116949e+01
8.060088835079442404e+00
8.490132487448752485e+00
7.126692981167316532e+00
7.250997100925433259e+00
8.873457431641822879e+00
7.897369088790705760e+00
8.959669020809624129e+00
7.925169891519451504e+00
5.743184013424618151e+00
1.086264522239302899e+01
9.420756220280273041e+00
7.600961363318661235e+00
5.775888507717855447e+00
7.672471668041481507e+00
8.399318205490089895e+00
7.413466801116032734e+00
7.198507757291894293e+00
1.073091623063576705e+01
8.139061279302957530e+00
1.038777111343753567e+01
5.243896831574343054e+00
7.031240534306682832e+00
3.072914036368255886e+00
3.760243166978971097e+00
6.673446346729217105e+00
5.324443031488772071e+00
1.223169986775693552e+01
8.526673243666515134e+00
8.340728198629850709e+00
8.520432598345342612e+00
8.666698235716088661e+00
5.437273373091339401e+00
4.464307861338308925e+00
9.156741716456890501e+00
7.579334727526131132e+00
1.140699231265270086e+01
1.052850694201668169e+01
6.465790654637243229e+00
7.406193997597539713e+00
9.988669479178412303e+00
3.923789768225732555e+00
7.500098844021964695e+00
9.202039980287738175e+00
8.241799633919976387e+00
1.124538298053870022e+01
5.442273725998454381e+00
7.366797885973966231e+00
1.036533698515000879e+01
4.550437987793122474e+00
9.059106650126164340e+00
6.233930752309897017e+00
8.290570999263952245e+00
6.077116827956227318e+00
5.882741159738070991e+00
5.857329136159251881e+00
1.796375332077781106e+00
1.041525896883058167e+01
9.803367285352104332e+00
8.722583848253607997e+00
6.747049272895722538e+00
4.586491007704503353e+00
8.403027918777649319e+00
8.159612438314832517e+00
6.419649805595664560e+00
8.199475045924819128e+00
8.286620299013739199e+00
8.088082207120047329e+00
1.064897905611605289e+01
7.972908919818098461e+00
7.425067084797269956e+00
7.704043173724485882e+00
1.123006341257672780e+01
9.422869706487903230e+00
8.513277407922180018e+00
