8.696237929770649799e+00
1.097644533846596460e+01
1.335901414694926892e+01
1.109764647652501957e+01
5.919725020604553301e+00
8.186782040694485119e+00
1.972763201093711505e+00
6.069919868268057961e+00
8.046079208932523485e+00
1.030927422100688418e+01
8.684585569712806929e+00
1.108059484206255085e+01
1.075725786911500492e+01
1.028561298236350297e+01
7.909845514634505470e+00
8.167530162472935729e+00
3.469560760872381522e+00
5.235609917334403285e+00
8.013188178034134523e+00
2.410573403664781900e+00
7.709545896672827858e+00
6.787308716878154513e+00
8.646649946725345259e+00
7.397220687629232572e+00
7.023030996612341426e+00
9.721698531774341845e+00
1.120230174457701899e+01
6.099020329873061641e+00
9.325262006703534112e+00
6.917324088637499813e+00
7.047672438961173569e+00
9.186510021714999752e+00
1.171191526509685055e+01
1.220394700998748228e+01
1.017507139820726714e+01
9.596927178671981196e+00
7.073788667933046170e+00
1.209349806992825904e+01
1.199123947377681709e+01
1.092632932090670650e+01
9.799130372248649579e+00
5.536216544296977737e+00
3.885710185335199185e+00
6.450179557957797627e+00
4.355705387569248188e+00
7.304921484755103833e+00
9.300392353170817472e+00
1.005641854379628164e+01
9.690369139720528935e+00
8.424082209178264335e+00
7.464682703734967006e+00
8.495917658685085527e+00
7.916852593577157648e+00
1.298763341428956686e+01
1.096799772688180319e+01
9.927145818284420997e+00
5.182401319929218708e+00
7.661582156084991269e+00
6.614632355099483441e+00
6.858265632434407344e+00
8.919208446748257302e+00
6.991906120915119871e+00
8.734650537242808710e+00
1.140880001246678610e+01
5.455105517025404360e+00
8.295643658274800103e+00
8.386154301749003892e+00
9.624859355849670450e+00
1.123213887129656463e+01
2.590275077159745365e+00
9.993313251410771869e+00
6.123057017672694613e+00
8.057676314968688303e+00
6.217305252663068771e+00
9.931717067392446197e+00
9.317926989008812555e+00
6.782653676546826382e+00
8.735329412100741209e+00
7.947660419730503634e+00
7.492888074629409978e+00
1.279307992188850562e+01
5.506311518674049665e+00
4.787495842036368465e+00
1.149826000030058992e+01
1.018143990302579383e+01
1.010313099215433574e+01
7.050445940682641854e+00
1.247692496474484436e+01
2.619297096943007830e+00
4.813491969705996354e+00
4.852112121230912400e+00
8.698397333784051000e+00
9.591666490702065673e+00
7.070657816007893892e+00
5.060230144949859010e+00
8.560087603062823902e+00
6.250660203318566310e+00
5.091972002083533511e+00
8.188207761129971729e+00
6.336841130410410194e+00
