7.708844764840773855e+00
5.344261866897759283e+00
1.089783957474725362e+01
6.913587657689920007e+00
7.489191962763983135e+00
8.687646437997967652e+00
9.386409561315447903e+00
7.852665112842324824e+00
9.846055197504266943e+00
7.476597170023275396e+00
3.190113309604987624e+00
3.104139469705259557e+00
1.092590618018800797e+01
8.703848617408155519e+00
9.820592558436361585e+00
1.252459739567471786e+01
9.542130942695848717e+00
8.720668413306372102e+00
1.240560377640086109e+01
1.222181968638548355e+01
5.483733141299896197e+00
1.019299588594708261e+01
7.406957283123870361e+00
9.296447974830281069e+00
6.012631851789056903e+00
5.890475823574088388e+00
4.142090875058924482e+00
1.158209582126795567e+01
8.253741982981791736e+00
6.307712576397855209e+00
9.172580893679207037e+00
7.706551542118651454e+00
8.626112284888668214e+00
9.263437691229185589e+00
1.086973321602310527e+01
6.963333896568866699e+00
9.372563752598216169e+00
8.232686192235274092e+00
9.796083397215715749e+00
9.889236547524710375e+00
6.766781464255024581e+00
8.591364153501560352e+00
1.439034377848556367e+01
7.382266896823991509e+00
2.677930626119079616e+00
9.376325460190976457e+00
9.661409761636047477e+00
8.770847090514495292e+00
4.432573834434066384e+00
1.246748235685099893e+01
1.007123505159405141e+01
7.479390629355776809e+00
6.479994399714714248e+00
9.568679097544432466e+00
8.655155938464165644e+00
9.997837305639031058e+00
6.152201456188704398e+00
9.261746519869337391e+00
7.872414166227799548e+00
1.003590068558160020e+01
5.043849901227285493e+00
7.641383377021743861e+00
7.607040574324317461e+00
8.298027914239773040e+00
4.257866508315911958e+00
5.368044303464950318e+00
9.162389999572486232e+00
4.622951502436342786e+00
3.210060927595058899e+00
8.965908435948124477e+00
1.378973602218992589e+01
4.856506394970176110e+00
5.929004811390436558e+00
8.871056147712879536e+00
8.060202635981452701e+00
9.947810718087215065e+00
7.737000717974465758e+00
1.042630571534075656e+01
5.590280418328857692e+00
8.708628516118487539e+00
1.194023213712357112e+01
3.982304028416950192e+00
8.872970842046541406e+00
9.973813682824710369e+00
7.731027679544478559e+00
8.257419204518601674e+00
1.166229641385934990e+01
7.953751538017791667e+00
1.104268132542407876e+01
5.174671739432596063e+00
1.036807484481577291e+01
4.736000851080809149e+00
1.087861921504886453e+01
1.142685937170918997e+01
8.374353267504597298e+00
6.412673133732247344e+00
9.244490675847089278e+00
9.059697786109229156e+00
1.352281510096351091e+01
9.563756007907308287e+00
