9.391549045420758191e+00
9.438766044994350679e+00
8.359801566554207142e+00
9.472879821982077786e+00
8.657816127106251258e+00
9.121737086074750422e+00
9.452324492346663831e+00
8.931190220710002237e+00
1.003072807765368424e+01
8.327320017014512743e+00
8.430196605843420343e+00
9.404861993770653683e+00
8.367800885382360221e+00
8.381971851196176715e+00
9.338813075603034974e+00
9.370795603784062067e+00
9.378926515733118308e+00
9.788751159719122796e+00
9.126888096136537953e+00
9.288179821733104191e+00
8.432517768599565144e+00
8.411455833388146175e+00
1.002552833683402511e+01
9.309146310017904824e+00
9.467030233529349914e+00
9.718350393141179211e+00
9.405398069406150086e+00
1.003061800975079976e+01
9.390846229083786412e+00
9.335885841552903130e+00
8.160619139292569102e+00
9.547301463598643068e+00
9.136255133168102560e+00
9.340529163954720104e+00
8.471822607208416400e+00
8.476705610650434153e+00
1.038878190122672329e+01
9.628322785515413429e+00
9.396835181340788878e+00
8.559588397326377773e+00
9.084713944049045864e+00
9.341164688912730441e+00
9.275449744110037642e+00
9.652861900555295804e+00
8.876201403753206876e+00
8.438012582086725999e+00
9.338412075660073697e+00
9.359377663995648078e+00
9.359963412517918968e+00
8.399098552649661542e+00
8.508334877705381771e+00
8.469867443540906038e+00
8.390892176328428320e+00
1.011430995584778891e+01
9.423883766983545129e+00
8.464088998976876610e+00
9.332634161787547455e+00
9.038597602524086838e+00
8.715381900147857408e+00
8.483228168403421421e+00
9.373376912294833829e+00
9.495233036262595405e+00
7.430708733622762630e+00
9.475365492704437287e+00
9.489125930376742346e+00
8.423507711047218294e+00
9.432138303797964696e+00
9.944746277878230956e+00
8.726139061746776449e+00
9.290261127152891873e+00
7.407550414615007739e+00
9.484943272513691070e+00
9.438130348644827805e+00
9.394284883962150445e+00
9.370296826318529781e+00
9.016447169642043846e+00
9.545535188450866571e+00
9.047299846128860068e+00
8.673361666512247936e+00
9.404957562844764141e+00
1.008325275248063591e+01
9.311914454554358400e+00
8.646660957753146803e+00
8.505348740427981724e+00
9.356225287658219258e+00
9.412115130802520824e+00
9.372812875370023278e+00
8.947710603375083949e+00
9.493446065226400776e+00
9.581189623214065421e+00
9.424384442527468764e+00
9.272086499525517667e+00
8.420070485697147333e+00
9.323002148982537207e+00
7.986773655694706875e+00
9.429898422500620825e+00
8.386726894387146913e+00
8.929113860726179297e+00
9.359844419593585485e+00
9.514097063482608974e+00
