9.181703070267564826e+00
5.254510133037583408e+00
3.956591554047569570e+00
9.520707566727841353e+00
1.043579239802418179e+01
4.409069391196900334e+00
7.958312181337184654e+00
9.345858450511265403e+00
1.109201715634978846e+01
9.654739312878417579e+00
9.507215076598239278e+00
7.556711487706956554e+00
8.157388709108344571e+00
8.356538564788019485e+00
9.451238127970022163e+00
6.244415339130579667e+00
1.345163837676947161e+01
7.572095219059404414e+00
7.003149877053453487e+00
8.336480494655233997e+00
9.347335731343287435e+00
5.582941709545363729e+00
3.235072103985323633e+00
1.268401383480602895e+01
7.421966646197576623e+00
4.419827783282969769e+00
8.002119616694546522e+00
6.641220743988694331e+00
7.221565373571496416e+00
7.902224927491483086e+00
8.900154706495984058e+00
6.065963640397692203e+00
1.008211175880560440e+01
8.134692381174753351e+00
1.135603521307630892e+01
2.079935703459658392e+00
5.218358187640735224e+00
7.728913663900491393e+00
1.161672698222840161e+01
8.704336359097791131e+00
7.914851877755444853e+00
4.181757812972930033e+00
8.719842326454383397e+00
5.864393451684095204e+00
6.209699323375916791e+00
9.621268169043892371e+00
6.593583773752623500e+00
1.177422350209827684e+01
6.143921086079983773e+00
8.721631885082549829e+00
3.888659355757989822e+00
1.155237371039505057e+01
6.270976457887543098e+00
7.362949515911814125e+00
9.281668299374493003e+00
8.212422273423751307e+00
6.049392182748293934e+00
1.117785202973314007e+01
8.856280301451114667e+00
8.549126612836312589e+00
9.304124150999378173e+00
1.314855766482297206e+01
7.833039673859003571e+00
8.607984771373697441e+00
9.334878217688803659e+00
9.257830103579127723e+00
8.517969973351357638e+00
9.692278476356570138e+00
5.681682661037512183e+00
7.192330280568299372e+00
6.186997623906594690e+00
9.212605030794598804e+00
1.011431341581428711e+01
5.127449445813236473e+00
8.991715916849887691e+00
7.799548626419023023e+00
1.086885795791254239e+01
6.450916017546621362e+00
1.214036953839979738e+01
5.734382224461738176e+00
7.727056724284658173e+00
1.062307609312822088e+01
7.010732003969408765e+00
6.089586779616444900e+00
7.403687769773799943e+00
7.442164829119697345e+00
7.015633061287834593e+00
1.068583456791901298e+01
6.511584580817536327e+00
1.567261145787750465e+01
6.162746110336120964e+00
1.314445543917319448e+01
6.234546454966300111e+00
7.943436160886007791e+00
8.691311638741739287e+00
9.287756620636969274e+00
9.538789621362850468e+00
3.521846936649510429e+00
1.016420566096931211e+01
6.207843228864821761e+00
