7.901415919434144897e+00
8.300101413146496299e+00
1.023748199060080211e+01
1.108379985942718093e+01
5.291585115335961653e+00
8.387079685127307727e+00
6.648765881620734675e+00
6.320893893547714804e+00
4.418320437907333975e+00
8.820742856626507589e+00
7.812081708083117526e+00
8.616529369180335962e+00
8.207115852287683921e+00
1.151919699009991582e+01
5.792045724048358935e+00
8.447633421324541203e+00
7.912230838933015598e+00
4.424151260963407495e+00
7.831052182153767305e+00
2.845349749994146471e+00
9.156614788796888504e+00
7.577640337578119833e+00
6.249705990106287246e+00
7.485845261589658683e+00
2.556177508761479089e+00
6.943683347915591497e+00
6.164107999316226660e+00
5.488789944580583224e+00
1.000597102816801964e+01
9.080444105186378678e+00
8.940960246490345043e+00
6.772315260450918473e+00
6.423540457175037410e+00
1.170844558481114639e+01
9.559744513993903681e+00
1.197906542258150253e+01
8.849257797636049361e+00
3.342109422927050932e+00
1.203483069158182239e+01
6.314834505400340525e+00
6.888346481612731331e+00
6.139433049925880681e+00
1.049514711566794034e+01
1.025305286974716168e+01
7.851150553526963449e+00
8.335503153961896672e+00
1.076349848002998399e+01
7.075172794965543410e+00
8.935553600580366407e+00
1.122700772669973723e+01
9.594642282834016100e+00
1.102731376969233956e+01
7.312614536780919217e+00
6.194637277892965699e+00
7.134636109698853979e+00
6.891705160803307528e+00
8.932386892453969551e+00
6.004835731985442848e+00
1.030990062486010750e+01
5.897778516710668661e+00
7.705409885594748154e+00
1.181649384677871417e+01
7.562649641151889313e+00
7.657322760353550528e+00
7.033788302065394404e+00
9.479861849545082819e+00
6.613180786200508088e+00
6.739032237501192846e+00
1.080210589167028346e+01
6.618199176170120879e+00
6.132802490469447143e+00
3.312175957498828538e+00
5.274254197100148644e+00
6.828815583867371863e+00
7.379369019045590505e+00
4.364682019110360578e+00
6.733524611193511866e+00
9.817320436043942777e+00
6.105159569265673269e+00
3.806903178068118621e+00
8.741307815093945166e+00
7.636449348033168327e+00
6.978541630352165903e+00
2.907469788311185521e+00
9.885000025791731204e+00
8.765046110702687798e+00
5.711630195672353416e+00
4.416711550592573587e+00
1.634922327548523313e+01
6.851459378132531697e+00
8.260953821743267866e+00
6.943494706888489354e+00
9.847196552003921965e+00
7.097501253877437577e+00
7.397541249538544861e+00
9.139811877955057895e+00
9.684301147670913323e+00
7.017551269116164114e+00
7.228587995313090708e+00
4.446198035125949133e+00
