6.763015841423399621e+00
5.163102830228949891e+00
6.757167712467387233e+00
1.149082222572448408e+01
8.320875638816399800e+00
1.084865342902249807e+01
5.431651172595805654e+00
1.243599670413679803e+01
1.217198323957218342e+01
5.963039683602207042e+00
1.159539689083551650e+01
5.281352030679002496e+00
7.956132349258970393e+00
7.172572394759775705e+00
7.233009424868713566e+00
5.533432033925122617e+00
8.534519603523246900e+00
8.852484218324343956e+00
6.418987969736724253e+00
6.417167120206785924e+00
1.000834942706336861e+01
7.029746674424854902e+00
8.150807309694574343e+00
1.084953706907912618e+01
7.049995808385161489e+00
6.337284271957924098e+00
9.348844556579976484e+00
7.275828710314167225e+00
8.409994785257682182e+00
5.105518462115134604e+00
2.903051842606301225e+00
1.200940998718620811e+01
1.225588988990555350e+01
3.064970895667127326e+00
5.150573200886887193e+00
7.162306632631165293e+00
7.454991490781315733e+00
6.681572437398700437e+00
6.358893870968809203e+00
9.770706165459946746e+00
5.855125576651466268e+00
1.051449905923772832e+01
8.419408039023474899e+00
8.548271744429275287e+00
2.265495788033391023e+00
1.122573036341279540e+01
3.616262133175501159e+00
9.341153044195362298e+00
4.282281451237876624e+00
6.970332860555854992e+00
6.814096795445156118e+00
1.049887489979016308e+01
9.231323951696882801e+00
4.412966467699273032e+00
1.145089255214208457e+01
6.568762907971573028e+00
5.697648257301774599e+00
8.891581321283618777e+00
7.964313804545814612e+00
8.655137727347101517e+00
9.490015440443917427e+00
1.232198904061994860e+01
7.477471329710852821e+00
7.192997582619046426e+00
9.744522212280052997e+00
6.011065029304273999e+00
5.436228978305218895e+00
6.589317206626765788e+00
1.617079580485613732e+01
4.830317352849358592e+00
8.099878648851166929e+00
6.921395898162408855e+00
1.197007511616949316e+01
7.266115635923451777e+00
7.439059047641571887e+00
8.897224440320231409e+00
6.387758046380637822e+00
1.075106731566179086e+01
1.215217287535183033e+01
9.410881438721606429e+00
6.685345728188511139e+00
8.780984852461671153e+00
8.818641529360739639e+00
7.167188525385792097e+00
6.717706067098682787e+00
1.291124526606072642e+01
7.242681829292822115e+00
1.064548252626236824e+01
5.875983739221062763e+00
9.305266954972406523e+00
7.794726756823096459e+00
1.955959417020771696e+00
6.313154437246692119e+00
7.600450601372988224e+00
9.416147335744399882e+00
6.817124381196159710e+00
8.221657051616313439e+00
8.671947603140219840e+00
2.592064355856473767e+00
9.794267082881521702e+00
