8.705055718831287592e+00
7.807893007657630058e+00
7.714006049520889086e+00
7.246978012346731113e+00
8.161862973715356517e+00
1.050012639605741604e+01
1.067808365816642713e+01
4.443559478842880495e+00
8.209858333277354703e+00
9.815243512444356000e+00
8.555334316382277038e+00
4.969530437354835684e+00
6.305418030033447252e+00
3.056609515008971822e+00
6.676417308664929884e+00
9.527881169148333385e+00
7.058504732336404963e+00
7.378700277970211552e+00
1.004635642844378474e+01
6.294529847624267482e+00
7.445481430218483077e+00
8.349836774486664837e+00
3.359770232075279583e+00
1.468365628600443529e+01
3.773001595127687402e+00
5.473786193583733528e+00
8.762601751832573171e+00
7.241908865446576193e+00
5.851029077294159109e+00
8.024478148926547760e+00
7.544763552138616269e+00
7.120550461587460411e+00
1.070916364871720639e+01
7.990842231056365819e+00
9.328183871272063499e+00
8.014665579859117983e+00
7.571045904118838266e+00
9.016189655194731145e+00
8.371038476756799795e+00
8.591499151107552024e+00
5.958757805729447909e+00
7.731726011308382773e+00
9.405954922157716780e+00
5.762727274868137961e+00
9.798011694651034276e+00
8.064242939554642220e+00
6.051133182165755464e+00
7.346746239756186903e+00
8.638544901842488244e+00
6.511979175616144921e+00
6.447585123759242087e+00
6.285663370356718183e+00
7.816503982271377104e+00
8.435411089997311151e+00
6.373708144757759264e+00
6.349215346277409466e+00
7.337826149433811729e+00
7.165284482191297322e+00
8.212854520102657929e+00
8.914372220452497331e+00
9.217203540741977008e+00
7.900797244866051727e+00
7.185463229406271246e+00
3.587920562471803798e+00
5.931822963876412835e+00
8.597128752368233151e+00
9.532187134865960587e+00
3.937710501642426753e+00
8.416480773777704982e+00
5.875659125230055402e+00
6.566791752464447463e+00
9.086871203640175310e+00
1.108880272726754335e+01
1.290230497767313800e+01
6.907300249007506387e+00
8.889173358021412952e+00
4.643030766782004548e+00
5.698957252108741933e+00
8.693926541131165919e+00
8.359714047614385635e+00
9.698911716012423412e+00
7.885159534561745787e+00
8.276181280804172147e+00
1.283161491419095590e+01
2.045728629532423071e+00
6.676432267707602008e+00
9.155277540571354677e+00
8.788680519411585124e+00
3.551934493748680755e+00
1.245102772621122433e+01
8.445725587912576771e+00
8.243776971033419443e+00
1.655661046365880651e+01
9.254285082853320077e+00
6.876540930989282430e+00
7.887681667994125512e+00
7.784269883638328835e+00
6.784485432057857146e+00
4.800613772237186438e+00
5.277322359480081992e+00
