6.665330003550756999e+00
7.988486821190380560e+00
6.954488114886554939e+00
9.718436179519853724e+00
1.018458527654681767e+01
8.424696257627166673e+00
6.668827399220518259e+00
7.347897137462011230e+00
1.115342066202416227e+01
6.675778797717351054e+00
1.025876814065279774e+01
9.953955436375725441e+00
6.264170404537156678e+00
6.789270758953580120e+00
8.608533730736169787e+00
7.170602838776866328e+00
7.287840591296811610e+00
7.338617120851148812e+00
3.651541446587126316e+00
7.294471567759305053e+00
6.708876747483792258e+00
6.876706383777258402e+00
7.846644260654792369e+00
5.820889484033366479e+00
9.846144769038934541e+00
8.315241955713814193e+00
9.717815101629025065e+00
7.420209598101205728e+00
6.725525939740207626e+00
3.362765294828393259e+00
1.056413438077357192e+01
9.523452507776577036e+00
5.437166740036771806e+00
7.393612494778881050e+00
8.367574117949201806e+00
8.204181837967045254e+00
7.210620446257449245e+00
1.115436123627831044e+01
8.130413571507185466e+00
8.336714169836509924e+00
1.072439890331546941e+01
5.936172146143172235e+00
8.237280800341695297e+00
1.196860555496880529e+01
4.437843690163426835e+00
7.817361314069589007e+00
7.890809819265198755e+00
7.400530270293212531e+00
8.175656942969526497e+00
6.488728228913861251e+00
8.737544049950257019e+00
8.777370788681087888e+00
4.517264649070799720e+00
6.357689273558593257e+00
1.080790035831595475e+01
7.611499085925610864e+00
1.061000538218707057e+01
5.689806215785981891e+00
7.372630282807084434e+00
9.291243922849789172e+00
6.064662161638755933e+00
7.150967396464033676e+00
5.882241936517497827e+00
5.992063751370993785e+00
2.431073468023519535e+00
1.065318721307233751e+01
5.984715254419812780e+00
9.240294521582775866e-01
6.412505058259483803e+00
4.989390756851606490e+00
1.099062844093492508e+01
7.870845388093754558e+00
5.133554266720458337e+00
9.952639301886343048e+00
6.017041982954731694e+00
6.906072142554116944e+00
6.235845466494268408e+00
6.241445729933728259e+00
1.038269429509136188e+01
9.464513187507083813e+00
4.458747671302414339e+00
1.015167563670898687e+01
8.637124321395010185e+00
1.028280476701380763e+01
8.180314780279616116e+00
8.566117405004968433e+00
6.953256281898183566e+00
7.921487806538890730e+00
7.585180805233970425e+00
8.324974616936186678e+00
6.654308960743168022e+00
7.824240975526231878e+00
7.165378694893034250e+00
7.752942528003196720e+00
6.494295789588913514e+00
7.610178546643862951e+00
1.417711964293113525e+01
5.774008419075125076e+00
3.353597748672575651e+00
2.474876833235029050e+00
