7.827866858364557423e+00
8.718850449576555306e+00
5.904472459420225583e+00
9.338546657727706091e+00
8.439205203564519309e+00
6.244983043128292444e+00
8.633349317692252001e+00
7.521057220142706612e+00
9.593534761697871005e+00
6.711778931518800562e+00
1.178910236139094714e+01
9.551452370415715265e+00
7.599780375357857665e+00
7.501234680960811474e+00
9.403568052045477188e+00
7.371918586990599209e+00
1.036355223923217928e+01
8.881674789119999858e+00
1.298912039835874843e+01
5.922543735999996173e+00
8.001347098801359081e+00
6.377137959367797926e+00
6.416529054047503067e+00
6.659741876979750508e+00
8.406680339639617472e+00
1.023575920943218520e+01
1.249190729272567957e+01
6.591654669807432754e+00
8.044232142445048694e+00
7.526499056541478438e+00
9.779393213942848107e+00
5.829451974605563080e+00
4.208372327765564691e+00
5.842720140149459951e+00
5.607900138169402915e+00
6.556962734926561787e+00
8.880109817268072803e+00
5.790898789252308276e+00
9.382074410332309711e+00
9.623462856823380207e+00
5.662693892823797981e+00
7.064629630911753999e+00
6.758937465461090532e+00
1.214644903612540361e+01
9.371844363675753797e+00
9.114929717943432763e+00
8.806596852528656427e+00
6.347166012695035775e+00
6.105529999480401315e+00
8.923529397173245670e+00
2.993908165512705999e+00
8.250497860603211109e+00
9.989330913170821447e+00
1.329613707954121793e+01
1.055111115465731686e+01
7.557192595650684908e+00
8.395393779489785047e+00
1.029892687532689877e+01
3.807354557317439880e+00
5.966904693071400700e+00
7.412333905339585804e+00
6.250707707522749956e+00
4.266399433659761264e+00
7.341457445217584699e+00
7.178150435381832395e+00
6.728494937992613778e+00
8.733300881118218228e+00
1.094948852450758103e+01
6.452629476063170166e+00
5.089156866371286725e+00
8.982047139023221050e+00
8.105530501953094102e+00
7.314453185177419492e+00
8.427297994878331977e+00
6.623484088377115775e+00
3.683780304408516670e+00
1.366531167341424435e+01
7.084871341057652039e+00
7.561133343335650459e+00
6.061375837519903165e+00
6.845863009078645867e+00
1.097135078131681141e+01
8.486539708916703617e+00
1.163193580889149281e+01
1.107033803837381924e+01
2.508163619311241099e+00
8.800916375570000838e+00
2.902140185108373238e+00
6.898726558956485455e+00
7.984771701212685535e+00
1.030878990099551551e+01
7.993266278524949087e+00
9.819058235877992757e+00
5.394040838509918778e+00
5.281338516892370549e+00
8.696627840685478006e+00
7.147907090568811128e+00
7.885680398175686001e+00
1.200369121579466380e+01
6.190610023116764005e+00
