1.369081818346255730e+01
7.829500088436622818e+00
9.694574633173745681e+00
5.024031645249351641e+00
4.457483495094249903e+00
4.557683877982250387e+00
8.570092972022736788e+00
8.652395627324011684e+00
6.647983460096344110e+00
7.653207618502807286e+00
7.050697775634694686e+00
7.734558571638296520e+00
7.293196875081024544e+00
5.933164291669379864e+00
4.902287901884950116e+00
5.461755210808601824e+00
6.233053459203325097e+00
8.269110835419505534e+00
9.195037562411730647e+00
6.689000893270227621e+00
8.785704981231999611e+00
2.338875682306453818e+00
3.710699656699939730e+00
5.864090979117443148e+00
7.804470601494572612e+00
8.797030461765245946e+00
8.674631965688034185e+00
6.809458352641219570e+00
6.656217009381732552e+00
1.045374368833599732e+01
6.604476512054286985e+00
8.171756175214353490e+00
9.647315018611969606e+00
6.613170697321849367e+00
1.234687694505703348e+01
7.683254561817038031e+00
8.873433772268921160e+00
7.984184725629730472e+00
6.857219682217345458e+00
9.435151551842649198e+00
1.106978156084399423e+01
1.022326455195139339e+01
6.662585233157858333e+00
8.408414755918959926e+00
7.390744892099484709e+00
9.719702182084374087e+00
5.913295720235073993e+00
1.098872974633787081e+01
8.133755441503012662e+00
5.765994362881311730e+00
7.430493164382815152e+00
7.603278240221994722e+00
8.250415230901230856e+00
5.785804502067357191e+00
8.428693258731229321e+00
5.535049987772910463e+00
5.970369390829883827e+00
8.079028358501885165e+00
1.148059759330229745e+01
6.551948830305216021e+00
7.169098148598997966e+00
7.340941378207789469e+00
6.365153073436420783e+00
9.951969758147161116e+00
5.092172080198226425e+00
6.425829785978912412e+00
7.961460805792046180e+00
8.267402140609588557e+00
8.300498512919986638e+00
5.259936087347754530e+00
7.877043145553376036e+00
5.114800637155004992e+00
8.545500451125990438e+00
7.658380954927872075e+00
8.288421657850982172e+00
7.599284449057730484e+00
1.186860393231341249e+01
8.624362457871274756e+00
8.745113546308083130e+00
6.930666859329055463e+00
7.277208134953394136e+00
1.421742081253676382e+01
8.472500817718461974e+00
8.852840881437550991e+00
1.317271938872411319e+01
1.222018402483299582e+01
6.348823966464580693e+00
9.790079997902887854e+00
7.504785256913124591e+00
5.989654730711224673e+00
5.462005423582881214e+00
7.791404668034705772e+00
6.179484040558568481e+00
1.085219542142412585e+01
4.216316232804798503e+00
8.225718967628177225e+00
8.143899699765769995e+00
7.946888844645092043e+00
1.025921579986846766e+01
5.235798834487606079e+00
