8.603240679118238532e+00
5.131244578523181943e+00
8.452703464497183461e+00
4.461145141439311956e+00
1.003046834735767767e+01
7.788360996311750384e+00
6.552307147161472223e+00
8.276361120079599232e+00
1.109135407055851807e+01
6.028280060061285361e+00
6.955803781339516156e+00
7.469548338086884343e+00
6.569384772835099362e+00
2.285242215442457425e+00
6.109583531745652607e+00
8.244439911015620126e+00
8.384435357732128224e+00
6.549117278075371473e+00
6.923669296617534386e+00
9.736697359637046745e+00
5.899582659365274040e+00
3.529350624465473540e+00
8.315173285215294641e+00
8.646210363106661134e+00
1.025988009247210542e+01
7.311054376685659939e+00
6.452704408327391228e+00
1.302650109862535643e+01
4.931872729537867706e+00
1.064821474685460423e+01
5.911069530855966647e+00
7.380051681677377573e+00
7.918105730427742905e+00
5.562191317214110420e+00
7.578497056180490077e+00
5.636725836239724785e+00
7.971762957341998579e+00
7.447495657865149887e+00
8.665076663893721332e+00
8.903024199861704346e+00
8.175536377342787375e+00
9.082956697949231994e+00
6.375544911615580013e+00
7.201300406911034457e+00
6.077647715712262588e+00
9.563527546007714264e+00
8.730227613893585925e+00
9.518272182286917626e+00
5.906449925438674420e+00
6.688425009974511504e+00
9.248488857865366342e+00
9.072253682079793435e+00
7.251457251120072556e+00
8.367219984540939848e+00
7.733928250712351904e+00
6.646512398754440554e+00
7.339632614931268506e+00
6.887407691594009229e+00
6.796967326477343363e+00
9.315191440313583371e+00
9.279580038748445503e+00
7.633442364327935437e+00
5.987437491072651774e+00
8.035235919154473549e+00
7.989139656627333608e+00
7.551341299733314472e+00
8.572748370465417267e+00
8.455883102130920648e+00
7.340881327927951006e+00
7.200983201600173800e+00
1.107585048842945241e+01
3.535850440051149235e+00
9.232713791057491903e+00
5.036888913313906535e+00
8.655134864427735053e+00
7.496650582373765026e+00
9.863940977350701189e+00
1.004347774247547598e+01
6.484987350231834036e+00
5.525112332660352621e+00
8.056112947515682521e+00
6.965637074788652683e+00
4.297237452399704338e+00
1.370284062125186253e+01
1.059226934462853542e+01
4.779150336185697512e+00
8.138096928883431502e+00
1.181823221658027911e+01
1.041901207587240741e+01
6.298015231382183110e+00
8.914678815104602805e+00
5.795896699515868278e+00
6.085481329801799788e+00
8.902069054912248092e+00
2.092665816207563090e+00
6.340853174575500795e+00
7.408835435322639107e+00
1.021836682835382604e+01
1.121732476037798421e+01
7.455526578674933624e+00
