4.789926945164301841e+00
9.378211816500538589e+00
8.827751557297435880e+00
8.070286277692906296e+00
4.074096763314595471e+00
7.825826608197929524e+00
8.725832674313361181e+00
7.425430526816642285e+00
6.453951710179116397e+00
9.191753542590157977e+00
5.966566537306501772e+00
5.106906907756607161e+00
7.079024729442268793e+00
1.193061570889515011e+01
8.851165543583402240e+00
1.060003736977723321e+01
6.352268872051642035e+00
9.420461057639135660e+00
8.548724587529795471e+00
7.048679286513607423e+00
8.725831242975978341e+00
8.455452542108938374e+00
1.264093006308708844e+01
5.543334555234042504e+00
6.888632938321821442e+00
6.601844627980298696e+00
5.002047124649956267e+00
7.511688152115346462e+00
8.009537836602016014e+00
5.767145196874182034e+00
6.251022239367561184e+00
9.503332094158070120e+00
6.386799132580298632e+00
6.887326908614449295e+00
8.788215106479912109e+00
6.377800665730238627e+00
1.408965130250052944e+01
1.318456642369255327e+01
7.294181142887464553e+00
5.935645838674346919e+00
4.898199836684637098e+00
9.632297270568670911e+00
7.260600542067225938e+00
7.260630724783721845e+00
8.935599242112747476e+00
8.840307573704855315e+00
9.485496224650802333e+00
4.201368678409725277e+00
5.167693211664595054e+00
1.124104644029762667e+01
9.414486314013881696e+00
5.606921061845625331e+00
1.018758023531364998e+01
1.036238593764103300e+01
7.899903791225224126e+00
8.413948499113610424e+00
6.360245207108771837e+00
2.934239262444812368e+00
8.045750539013956981e+00
7.211378072752228974e+00
1.040747572479850369e+01
1.128029218968087655e+01
6.775847745250088039e+00
8.503006571158749693e+00
1.080604697480527498e+01
2.825587269393385892e+00
7.114031708216081995e+00
8.823842431395645391e+00
6.831260527482778677e+00
6.670924278631233051e+00
5.946596490124861134e+00
8.348864005353432205e+00
9.413285569055737767e+00
1.314915208688686121e+01
5.266212379526193921e+00
7.967713063556244535e+00
6.653566894025006562e+00
7.811679488256732640e+00
9.170305053188348765e+00
8.061500196010433328e+00
8.795425075621057687e+00
6.487038037734465412e+00
6.459890616358382687e+00
1.034415227068655518e+01
7.191365641943193054e+00
6.627100908851492278e+00
7.880788598958335278e+00
6.334464444605935718e+00
7.808388460195829772e+00
7.251642478623020693e+00
6.752281539863640880e+00
7.821094105170937283e+00
7.017334583265772530e+00
6.931808626120831818e+00
7.929132714983857078e+00
8.610059038977354362e+00
6.397190009585602688e+00
7.046630981020115314e+00
8.750152949619737441e+00
1.181702239049257841e+01
