2.944614582357083954e+00
7.944542869913288285e+00
5.925186977361748042e+00
7.683934373833655407e+00
1.098418891296025279e+01
7.337980887738684288e+00
4.107619159857925695e+00
1.365971413523285172e+01
5.470208012725142233e+00
8.608377186090834243e+00
6.183528136451116097e+00
8.866820928293879689e+00
6.688981933583972861e+00
4.796055391844125104e+00
1.481317072888614694e+00
5.250072038213336789e+00
7.295368486393567053e+00
5.684529487894402600e+00
5.609973195649487820e+00
8.549835406340752897e+00
7.741556674736261634e+00
1.232693298368015178e+01
7.223342173920198839e+00
8.879192764618531797e+00
6.412006538164299663e+00
9.803940986816028769e+00
7.120389400047072215e+00
9.330458626760250951e+00
9.557270862798221245e+00
8.189417044894151232e+00
7.962770418838530873e+00
1.164677701104067431e+01
7.296294836176408616e+00
6.945358394546472525e+00
5.689959901703937284e+00
4.812294773528813963e+00
7.723571471009313960e+00
3.310248881039049351e+00
5.321928514414556943e+00
6.295609710854574992e+00
8.600300390380185789e+00
1.302085714713405551e+01
7.887296806257377391e+00
8.579973207516562894e+00
9.975387886893326339e+00
6.322350238918010845e+00
8.038736058193887146e+00
7.461391283529305696e+00
7.035598591293807047e+00
1.031824803099170218e+01
4.380048857842900212e+00
6.174407222533237594e+00
8.670248926370680564e+00
1.302551987886493201e+01
7.249159086107301420e+00
5.454743604908451005e+00
5.258996308497018823e+00
4.671501418564060870e+00
7.911522040419443513e+00
7.920710762014096851e+00
6.623571289538134899e+00
1.093680368963870464e+01
9.284249032333880436e+00
5.012111921209960741e+00
7.199308954251611326e+00
8.050021275939331034e+00
7.566782408435560825e+00
7.497287419972963107e+00
5.098361344105715176e+00
7.246783591540411962e+00
6.664012506410896819e+00
5.127948429166740318e+00
1.589059413222798156e+01
7.404624207833417238e+00
5.910960396790356342e+00
8.257529692677108457e+00
7.983839111242946984e+00
5.121742882195178481e+00
8.440331332087593452e+00
6.306340062500607857e+00
6.342390725175901522e+00
6.253724512156465742e+00
8.158172214604133998e+00
6.214890102625249213e+00
9.721079665303598460e+00
9.353267331101376314e+00
4.310969540274799172e+00
6.604966301470441614e+00
6.823202223976585934e+00
5.065135960089687472e+00
7.173916274775425705e+00
6.862482621258575222e+00
5.413579665997298562e+00
5.206404417489890690e+00
8.679080466486666978e+00
7.036597358445135342e+00
6.172895698008080245e+00
7.958424851246256537e+00
1.004362015638865202e+01
1.100542049596834637e+01
