2.057005906553800667e+00
8.784236693622659686e+00
5.813073599302273742e+00
9.646431253282521823e+00
2.451469217564037795e+00
7.645077263985973204e+00
4.567654661281366657e+00
8.471618627174670735e+00
5.445482176889845150e+00
9.298107276166067692e+00
7.488092573901941051e+00
2.551523470865731280e+00
5.538386096229156230e+00
9.648854963895832526e+00
8.170234235490154262e+00
1.175180643440862838e+01
6.883119038420726810e+00
6.735024191173822672e+00
9.824041100215454847e+00
5.483469539157262318e+00
8.331802563931429262e+00
1.694401552645072684e+01
5.840309777149075288e+00
5.114004629564153248e+00
7.704680438286994892e+00
4.970324460513487530e+00
7.195334225535777506e+00
7.632624524028747359e+00
6.516373847427461286e+00
7.381343236599231972e+00
1.244846400670954267e+01
6.616096100524379686e+00
5.357997308881612852e+00
6.500485150828382963e+00
7.368248943982235843e+00
5.246281413474897626e+00
8.102398127806637262e+00
4.959213682039412596e+00
9.270272855519904098e+00
5.707620946278781915e+00
1.224364069450369286e+01
8.128574411421501722e+00
7.975142512534540984e+00
8.171852289646331258e+00
8.999263412301996112e+00
4.938021182613858251e+00
6.473096040504127124e+00
3.294953149319781005e+00
1.372545024785418732e+01
1.067756907201192718e+01
6.722202212502008223e+00
8.997675426289813316e+00
1.237033014537328945e+01
1.174354017521112681e+01
6.544173188276927178e+00
6.396198168837812226e+00
6.185114257666306514e+00
6.092918388596537227e+00
1.060692526434979754e+01
6.807886635999253144e+00
5.100347261439454272e+00
6.663052247627753388e+00
6.868292749184637280e+00
5.536236777825716437e+00
8.258052368574029245e+00
6.408322053537760965e+00
8.338027105204027123e+00
8.897329968267550626e+00
1.014116848729164388e+01
6.717750417170433863e+00
7.445402144624734930e+00
6.430436185643366720e+00
7.306473976288667238e+00
9.469085522680195766e+00
1.117722081002864876e+01
7.380768480528383080e+00
7.753103904050581363e+00
1.265313709001375031e+01
6.829503972427303005e+00
4.270539196511572655e+00
1.103524509420498489e+01
6.611951092253484319e+00
7.112377919537721915e+00
5.763484973401288514e+00
7.199974723660506726e+00
8.626142194409888830e+00
8.601760996418471805e+00
5.678598503582891865e+00
8.333446374788588074e+00
6.787628602631151864e+00
9.255895934987160345e+00
6.754878818930009743e+00
1.252952985976694578e+01
1.015897537865854972e+01
5.057034242327057783e+00
9.637731113790051651e+00
2.201615584912850920e+00
1.249753226585774968e+01
7.356258499870757639e+00
9.963325060984494996e+00
