8.148980444701912518e+00
7.599758625643634247e+00
4.896186383385168206e+00
8.632290637365645836e+00
4.645047337297980583e+00
8.160908835945974715e+00
6.253937440637805878e+00
4.910236479968979495e+00
7.625081194629610870e+00
8.370071726364329834e+00
1.015206771798556140e+01
5.241502517559310625e+00
6.371371801461692463e+00
7.543171854563337497e+00
5.881106539027529223e+00
4.479574679613283372e+00
5.993038159222087380e+00
7.995130695262251841e+00
8.887374556395245762e+00
3.601454719856320708e+00
5.772268584273183123e+00
5.089004050200403029e+00
8.718068902404899845e+00
3.581881074180398805e+00
1.033539900195418149e+01
3.621952790491699936e+00
1.135716007180765175e+01
5.575171666663387704e+00
7.576368863945541321e+00
8.165235220171394914e+00
5.231132222249735619e+00
4.811087647121162547e+00
6.416061231389380559e+00
7.864679551939441460e+00
1.121275607541258523e+01
4.792186175806868675e+00
9.979973397417237990e+00
5.158846553766267995e+00
5.029553263916025863e+00
7.898849343031554504e+00
9.286363067598550458e+00
6.308780596953133646e+00
7.483640847379209760e+00
6.302681459479315684e+00
9.348997878897892022e+00
5.163759938013990691e+00
8.002594694935210029e+00
9.222976582074833729e+00
3.729509811061956004e+00
5.194462947527592966e+00
1.161849642995183984e+01
9.811710785578039662e+00
8.664927043882832081e+00
6.632495295480853592e+00
1.005437810145229882e+01
5.598895123750505576e+00
1.163190577319754304e+01
8.207892151737251396e+00
4.158348687763991691e+00
7.280424384453492159e+00
6.907915778185714117e+00
4.461805084874506555e+00
9.784585039697248021e+00
8.721096208744901546e+00
8.592155433715483071e+00
6.205455153840258475e+00
6.995863455337874903e+00
5.342100889658659035e+00
9.841012917582988351e+00
1.452591072627148705e+01
8.870011208808913139e+00
6.406778353154273908e+00
1.003671439033356982e+01
1.057160252458937677e+01
9.384814398136850144e+00
7.646173108473531599e+00
7.160548110463433424e+00
1.238381889188280738e+01
4.911225329422482133e+00
8.108923226715775812e+00
7.565765763806231448e+00
9.601764582483554022e+00
7.435002214421836619e+00
8.367767507879136701e+00
8.840128920945096169e+00
6.234696078833589894e+00
1.221567234154084147e+01
6.779846251142623181e+00
9.726755239371575712e+00
4.487670170466914854e+00
7.381838970122026389e+00
9.379226153140010069e+00
4.960943822078693444e+00
8.077093458185983010e+00
5.032949951549359646e+00
5.072968592112984787e+00
5.031462285456854922e+00
1.157439400511711902e+01
5.264426680022840976e+00
1.121277699608976874e+01
