3.497096130394416580e+00
3.554322327199412435e+00
2.448325229713076201e+00
2.501190896550765430e+00
4.459417589717866726e+00
2.491474070799015283e+00
3.482925402745026044e+00
2.462178606651186819e+00
4.470631350724814546e+00
2.480234957189883183e+00
3.494565278943486675e+00
3.482582022142862055e+00
3.459169956058892215e+00
2.507993161076211841e+00
3.463597772416871390e+00
2.474578903521236217e+00
2.506688587042667393e+00
3.458646700997708212e+00
4.459905841125192616e+00
3.476019110806550572e+00
4.446498176811884306e+00
4.443949472267018308e+00
2.496933185425045387e+00
3.495335798950387929e+00
3.500162873978433620e+00
3.463629847817183638e+00
2.489252134857183218e+00
2.467581202585340083e+00
2.502285033082813026e+00
3.437334132834490852e+00
3.488029904633370926e+00
3.530876800043962316e+00
2.479856131502597094e+00
2.449168838533710701e+00
2.465636489368076667e+00
3.485794631803950772e+00
2.524394833507028313e+00
2.448301386472597319e+00
3.547046625129365527e+00
3.484139036404397594e+00
2.496463078027588711e+00
4.433405247384790471e+00
3.407704227687901710e+00
4.449013805266619492e+00
4.479338616225079228e+00
2.464961262001132969e+00
2.446157011332202647e+00
3.466445512354200620e+00
4.429274569198020650e+00
2.456268050744679687e+00
4.374596237801054777e+00
2.497835181758373491e+00
3.488668325815566629e+00
3.443112065860597593e+00
3.416589866414811549e+00
2.430764891702507757e+00
3.424176348325537855e+00
4.437430813174859878e+00
3.515571133378173840e+00
4.492541139004216255e+00
3.441970365139329857e+00
3.492284368257791538e+00
3.433548845948207084e+00
2.481443066479568138e+00
3.492389350008406002e+00
2.475848724573410209e+00
2.493227863355733209e+00
2.457359825469902503e+00
3.469669374147866581e+00
2.495360284671726880e+00
3.438640099115739091e+00
3.450195389889409547e+00
3.443742139582012030e+00
2.512574528849355726e+00
2.459755937509457535e+00
2.419881378575585273e+00
3.413578993327022637e+00
3.476090754639943103e+00
3.455672915315796345e+00
2.476554122763102495e+00
2.442566522920189609e+00
3.433831344653147433e+00
2.496622875043058354e+00
3.443148937284124855e+00
2.484642988266017927e+00
3.443210983271754344e+00
2.475293328340224530e+00
2.477027608036065143e+00
2.450459160030828087e+00
2.546611459900595342e+00
2.501209425458255531e+00
2.468440403507835779e+00
2.505582828487963543e+00
3.460808303544028686e+00
3.439025497961289535e+00
2.432263063248317536e+00
2.464375042048438491e+00
2.474535381245462684e+00
2.494194207688477327e+00
3.438692711501976529e+00
