3.426548636407456883e+00
2.444569794668611795e+00
2.442580066565667174e+00
4.468616537676624922e+00
2.449334858018054728e+00
2.466044863709837554e+00
2.517479365775651790e+00
3.524305476833669903e+00
3.495020617434629884e+00
3.466863163961071859e+00
2.473062178835674807e+00
3.432930734041366616e+00
2.480494034731712816e+00
3.497550978493050966e+00
3.476525292536012834e+00
3.494172802373875175e+00
2.527996596967024612e+00
4.429945428781368655e+00
2.475681016544819979e+00
2.547039825661825851e+00
2.486725144491659822e+00
3.493467839129537733e+00
3.490657436210867992e+00
4.490997754523688990e+00
5.204745558944321893e+00
4.425811097666588978e+00
3.484543656871360362e+00
2.478531534234519551e+00
3.438222501857142177e+00
2.443742525729576620e+00
2.423639565282021735e+00
2.493500571224906093e+00
2.478680451172297072e+00
4.486875411843369577e+00
2.440612376616623003e+00
3.441105615150700459e+00
2.511430751445270726e+00
3.454095049058870881e+00
3.506393787115364535e+00
3.487173478837279905e+00
2.510391822942351858e+00
2.469242007139045736e+00
4.458394713476242721e+00
2.488370025960468190e+00
2.483385183797255813e+00
2.482660424852357828e+00
2.505278179748346989e+00
4.461111308258306707e+00
2.435544307069008596e+00
4.447885514053607103e+00
2.524964537434729372e+00
3.510005889468153395e+00
2.503173129831217203e+00
3.474980999603024312e+00
2.465442601337516138e+00
2.487783210320661187e+00
2.529613438062899622e+00
3.467220691046912773e+00
2.462264772597139384e+00
2.491490770612428296e+00
2.403062374548395663e+00
2.453245557200102844e+00
2.463840926398103814e+00
4.468452824575548377e+00
2.470913578455133930e+00
2.482322815638741353e+00
2.544862540373282744e+00
2.487506195690191824e+00
2.483119203293381982e+00
2.505681757545021870e+00
2.433882583704207736e+00
2.513287675166729684e+00
3.646135969140538613e+00
4.460905977688863544e+00
2.498685658452096892e+00
2.531906847309524533e+00
3.419242996094018494e+00
3.433997375756297821e+00
3.468690445841055237e+00
3.388929066054553463e+00
2.412669898695147808e+00
3.521075601413238498e+00
2.463877370545338952e+00
3.515050382115267436e+00
2.514865978415192771e+00
2.466244779170328361e+00
2.465002157489580181e+00
3.471430739774113317e+00
2.482303280017482905e+00
3.522730041794311262e+00
4.471672815546280155e+00
3.439718910342410840e+00
3.491967631373364078e+00
3.436064571784351429e+00
2.482320630190409272e+00
2.459663230192160821e+00
3.506101506755220143e+00
3.499630793800017958e+00
2.519086292222030288e+00
2.458666339822582536e+00
