4.510662509178860802e+00
2.435108807694250199e+00
4.431922832610400320e+00
2.450818934589830356e+00
2.446612129746017494e+00
3.419010090707715666e+00
2.519477986600184849e+00
3.472910028978326125e+00
5.507338430150567454e+00
3.535650206859240807e+00
2.418562042885084917e+00
4.423934039287172659e+00
4.423247454283149693e+00
3.476711544784137686e+00
3.436216928519581604e+00
3.462746429499095058e+00
3.481240581110547350e+00
2.451677699196253446e+00
2.502845334347941098e+00
3.425290749878574292e+00
4.415251837660632006e+00
3.498229913465189966e+00
2.462963211802535746e+00
3.425912546233857547e+00
4.435787526000781078e+00
3.455712580051124139e+00
3.505371450212217521e+00
2.468811848898759376e+00
3.492855246347506881e+00
5.396323237087904623e+00
2.430815969613147498e+00
3.469929110691583940e+00
2.489624108931749014e+00
2.469997959894500994e+00
2.497751706538346550e+00
4.437024849465337262e+00
2.559990559493915629e+00
3.499773854747064039e+00
2.499483499549483678e+00
2.468308819691409361e+00
2.504121224839291671e+00
3.479134047738294377e+00
2.488630808893532720e+00
4.428373300143925384e+00
2.480053725614438598e+00
2.472585955493031840e+00
2.455802253985297057e+00
3.431362206991034558e+00
3.480785764585622832e+00
2.474679263243432015e+00
3.471446289648195904e+00
2.471334863146274152e+00
3.457520334411884999e+00
3.454680681806526099e+00
2.497103777659532842e+00
3.510927353791130301e+00
2.523119946961934534e+00
2.490353103486291353e+00
2.457679933744536083e+00
2.430868302309583395e+00
3.440065789582902323e+00
3.491943915615502103e+00
2.491148863920156220e+00
3.446427335639243861e+00
3.438318942421298541e+00
3.470677347070353580e+00
2.463773651273389653e+00
3.460753728966738496e+00
3.444430736940308879e+00
2.473998575149022550e+00
3.442001668706703654e+00
3.489090362806792189e+00
3.477154877567135038e+00
2.575520558695850060e+00
3.490213921797156171e+00
3.444959533313336486e+00
2.478196892138543550e+00
4.492445096967069063e+00
2.471615978520411261e+00
3.460312653871669308e+00
2.489925657827863681e+00
3.477355964867617555e+00
3.464726328582683479e+00
3.458194584752995127e+00
3.495925734628448911e+00
4.425479930903365222e+00
3.546433973555526808e+00
3.489645426602468348e+00
2.504525344770043294e+00
2.481579462350631538e+00
3.488536900578276256e+00
3.474731257650383487e+00
3.446869958239779930e+00
4.473756480417683257e+00
2.522055969388260266e+00
6.504171848803155243e+00
2.435523162916676920e+00
2.413450562640489405e+00
3.502140887963189453e+00
3.456276137806622906e+00
