2.474635970314202016e+00
3.516225664135279150e+00
2.457428180496307402e+00
2.472899449856340581e+00
3.495013468027616810e+00
2.493703306802497632e+00
3.482878848989208631e+00
4.457212825809425460e+00
3.411645057403097425e+00
2.479067824265664743e+00
3.465602032866986537e+00
2.477246442937262039e+00
3.471808634348709344e+00
3.468443144131763134e+00
3.562303144898387508e+00
2.428837736361466604e+00
3.481606320599897941e+00
5.473881579342344317e+00
3.431344421367058306e+00
3.523196724354593634e+00
2.438391847610150709e+00
2.512840953387862619e+00
2.491887536003380532e+00
2.482882598466784607e+00
5.325632067620029275e+00
3.472197092503804150e+00
3.439573448426120450e+00
2.516858933755052874e+00
2.463415852284188023e+00
4.519059824866224595e+00
3.478432048848330016e+00
2.509432262731924101e+00
3.494401400835105420e+00
2.494902624978871497e+00
3.482097438328099148e+00
2.497027806162209984e+00
2.478562264986100772e+00
2.461121246460650003e+00
3.446046832243087277e+00
3.477565676675675288e+00
2.505461056907280604e+00
4.466895665166648932e+00
2.501328198813243198e+00
2.498660656936195323e+00
3.503542490002479859e+00
3.435158443394092931e+00
3.493634413158376084e+00
3.541457931430219030e+00
2.492157219244216737e+00
2.507345436877997269e+00
2.523628173983744727e+00
3.454786329742455475e+00
2.441355076775420851e+00
3.458680785220001219e+00
3.445130690369408999e+00
2.482239609065666208e+00
6.361115682888498490e+00
4.412423182987625481e+00
3.499537127763930222e+00
3.462522853406225121e+00
3.447966383246142463e+00
4.429877866049743318e+00
3.423228944255266359e+00
3.528215197159641825e+00
2.444164254460830854e+00
2.465162754105936216e+00
2.474781952193193302e+00
3.500711199011059982e+00
3.439131653128013166e+00
3.450048346917388820e+00
3.471219075503638507e+00
3.488346697995932111e+00
4.463574245573319388e+00
2.457754495461295541e+00
3.475144285880108264e+00
2.542541895610165525e+00
3.411615527879024334e+00
3.473368096687985851e+00
3.480836089385990206e+00
4.439299923111665436e+00
2.529319817119754177e+00
2.497876636385960136e+00
3.485344710161907944e+00
2.452279649638929637e+00
2.425171567011025431e+00
2.480030686302413301e+00
3.476782897912711334e+00
3.477578612972622274e+00
2.550258462724142472e+00
3.463932999172012028e+00
3.425158891551298712e+00
3.413018676401927909e+00
3.465807037420742809e+00
3.507075656294103450e+00
3.459497432609945911e+00
2.485231367081512488e+00
2.484001620333498916e+00
3.463083554044359413e+00
2.552242300282375531e+00
2.512052731859631294e+00
