2.499084976506012801e+00
3.518447595858623433e+00
2.537902294112654999e+00
3.523661710372298028e+00
3.439515639662780622e+00
3.509858210808143308e+00
2.470413444426093452e+00
4.501436254032103790e+00
2.445710533332194903e+00
2.448719682837713574e+00
2.474734419392579099e+00
3.467494432411430960e+00
3.452103933172238737e+00
2.522423252491766466e+00
2.462068241051113215e+00
5.409678429839271274e+00
3.488030713170258590e+00
2.519464763478475255e+00
3.507483458874459892e+00
2.552628706610957199e+00
2.462664068861592614e+00
4.422429903239236459e+00
2.435472676570181960e+00
3.422730544266810337e+00
3.475142983249962292e+00
3.546239118752528174e+00
2.524373082567840321e+00
3.479474393834987023e+00
3.474971364463250278e+00
2.489198998160853105e+00
5.453661986108121695e+00
2.460068346750059920e+00
4.439308388065430933e+00
3.434440164888781233e+00
2.429966194250755773e+00
3.457024917466752445e+00
3.520552887900203931e+00
3.458770170581189074e+00
2.462769557396748077e+00
2.471386925356788833e+00
3.482856521511834558e+00
3.505155458086941067e+00
3.508805359917047451e+00
3.463929204144207130e+00
3.472154362671202588e+00
2.492080594793557591e+00
4.457156322088897227e+00
3.448280082612191766e+00
3.429990982764592911e+00
2.434072107726125811e+00
2.518324662993033591e+00
4.409523481904000342e+00
3.452194834707713600e+00
3.465100638514667875e+00
2.464630888383442464e+00
3.439293410683829766e+00
2.477084017577470654e+00
3.455497293526812896e+00
3.486333852139718470e+00
4.470019695982185404e+00
3.474293978715239373e+00
4.432645068293813218e+00
2.482778613955132219e+00
3.454790213110211727e+00
2.451416082427137599e+00
3.476283126620667296e+00
3.451018278728314570e+00
3.503166724733469017e+00
2.484679556686540280e+00
2.460125415190924869e+00
3.535861888069243175e+00
3.505369822665910462e+00
2.461175929592697820e+00
3.448437593442033933e+00
2.482178527390137557e+00
4.454855914984216625e+00
3.495386391552303351e+00
4.486950417249251366e+00
2.501249931278301197e+00
3.479257705055276428e+00
2.456497393352336633e+00
3.460393742460592836e+00
3.457397168009412880e+00
2.526023675794317302e+00
2.441439671148428303e+00
3.454631709473794388e+00
3.495271460170619182e+00
4.435440982049001057e+00
3.455902072323429497e+00
2.480405338628847378e+00
2.462069978145989158e+00
2.486574808029621497e+00
3.460674216688665705e+00
3.471598465347889739e+00
3.481594497776452357e+00
2.491435597567405402e+00
2.456285408543271487e+00
2.531938232955390333e+00
4.468292893997343640e+00
2.517231328900155329e+00
