3.452178031665544378e+00
3.422133549597464963e+00
6.373183121173091159e+00
3.448921653431527456e+00
2.427268556009400502e+00
3.442404557130080089e+00
3.535609484008181980e+00
2.466404220964347083e+00
2.477182312140253195e+00
3.477759219519282130e+00
3.561453078890580937e+00
2.498469147637601306e+00
3.472259345209410153e+00
3.482224707767443306e+00
2.484332563272203753e+00
3.459192939295199665e+00
3.476649369883541230e+00
2.491722787986786258e+00
3.423995187119299732e+00
3.445629115999972569e+00
3.507148714398822698e+00
3.416148880999219539e+00
2.498385438901408850e+00
2.477503343093920840e+00
3.489804745994256496e+00
3.496974995507271977e+00
2.455480237347063444e+00
3.498114926748876918e+00
4.549198338391219565e+00
3.465881453681811220e+00
2.471292931505357782e+00
2.484172129123771722e+00
2.437904163011944902e+00
3.605406946450366412e+00
2.518897299636213116e+00
4.453476504686809001e+00
4.469018146811929881e+00
2.510440684236232567e+00
3.460644885364518419e+00
3.477548526920652527e+00
4.412696094099843869e+00
3.499335716223992865e+00
2.515669874597077804e+00
3.456735534270067856e+00
4.492844149810720111e+00
2.493972457741354010e+00
2.440920852476399450e+00
3.419607215854244764e+00
3.492068631953020308e+00
3.541073644196465864e+00
5.427705505849230505e+00
3.483732704103724487e+00
3.472267746478981287e+00
3.481536700081718116e+00
3.483763972658207475e+00
2.541426163948840244e+00
3.424953518726489232e+00
2.521479678296201676e+00
2.471800714118892017e+00
3.440655186814177036e+00
4.490603041587422517e+00
2.443010111045780697e+00
4.418276700182644845e+00
2.439947091779804733e+00
2.515327337774780236e+00
3.474089894356330088e+00
4.548531280696550994e+00
4.465922271256432374e+00
2.504744868877030850e+00
2.467810189991211267e+00
2.523677688615625136e+00
3.515963108658806124e+00
3.496448783264201499e+00
2.476799539325641675e+00
4.487201102121113117e+00
3.462662240791329893e+00
4.490428604696377946e+00
3.542370577631692274e+00
3.476958158578540292e+00
3.463899824460525245e+00
2.515908552047450009e+00
5.467794493272736922e+00
3.487996550862864087e+00
5.417991383004770789e+00
3.494205399785044630e+00
2.474736151453685640e+00
2.527700967431414369e+00
2.511573438143573256e+00
3.470026715984837917e+00
2.510275249812543574e+00
3.458987709563332125e+00
2.430400495707297992e+00
2.468746857776351611e+00
2.476750531152245305e+00
3.499601740268096783e+00
2.524692437890257324e+00
2.439109679314411583e+00
3.500376006362587056e+00
5.422353486011901147e+00
3.525968005036197450e+00
