3.492018800989507010e+00
2.475004458963589560e+00
2.506226866780946860e+00
2.469846120908141707e+00
3.454036596419156613e+00
2.537967224986522385e+00
2.458754225638664526e+00
3.485467838103331939e+00
3.433217534954425165e+00
2.506355769378861620e+00
2.500876666662118275e+00
2.481623655749890300e+00
3.456966254444337139e+00
3.481154884391215454e+00
3.441043112269409843e+00
3.470285403464279828e+00
2.467632378670463478e+00
3.460109983863423722e+00
3.465731603068364031e+00
3.509245361420477494e+00
3.404322007780826276e+00
3.439287058650828843e+00
2.495215085298331914e+00
2.461480192879756501e+00
2.505415093101925006e+00
3.483984851710598019e+00
2.470458764090647019e+00
3.483932743883626060e+00
4.461726321708673559e+00
2.506607544470569326e+00
4.477346022789743252e+00
3.447115200006095392e+00
3.523941375744500171e+00
3.418475728513115541e+00
2.416106576320040222e+00
4.443323679070126708e+00
3.508460478877401201e+00
3.437446571381101101e+00
3.415813047284609993e+00
2.516432163875466976e+00
3.474289444894310463e+00
3.434789756649005543e+00
3.453353680814776006e+00
3.501965419626691833e+00
2.398769467463827798e+00
3.438162835943677997e+00
2.476560018349184045e+00
3.471795742620794822e+00
4.499332794963411430e+00
4.393109028910752833e+00
3.529912210497586411e+00
2.522263628078529329e+00
3.465377056100801045e+00
3.470708343107987481e+00
3.480172892394203910e+00
2.467636162325971938e+00
2.465442796109297952e+00
2.417366853042842489e+00
4.483663991153833628e+00
2.477971065240839099e+00
2.442220985587296944e+00
3.480420552740787876e+00
3.507140831148517268e+00
3.468875216739037093e+00
3.458696985872553142e+00
3.426272946142841835e+00
3.472156799982161424e+00
3.512487091810511330e+00
3.471543513253105395e+00
3.484101696425584649e+00
3.440905668009113683e+00
3.439449749424423608e+00
4.497189021689288246e+00
3.468925369328624164e+00
5.398524766908741057e+00
2.524544147204147215e+00
2.501694840892824345e+00
2.465955102479579164e+00
3.433823910494742560e+00
2.487079581463115918e+00
5.552091013069799352e+00
3.517728329551581545e+00
2.477810178362541027e+00
3.462095972727761595e+00
2.447179717771548635e+00
3.436664573083407781e+00
4.480360501346282831e+00
3.472198893378699580e+00
2.455901154923755492e+00
2.495208058433623144e+00
3.499879810472209307e+00
3.471582274580504279e+00
3.422591169247477527e+00
2.446621003398009808e+00
3.424183364298124754e+00
3.482399082156391490e+00
2.510839727127133880e+00
2.482784037785656928e+00
3.432922618982993335e+00
4.413037200943642269e+00
