3.509097446578334001e+00
3.498786159003199892e+00
3.435194805228977799e+00
2.455846675534709256e+00
4.486594302562075143e+00
2.457485942130930745e+00
3.519336117502470440e+00
3.565024494303406843e+00
2.476468878049113975e+00
2.428976212751415176e+00
3.464914124940828621e+00
2.536629084363344333e+00
3.485755268727127376e+00
3.457922474218119824e+00
3.522606676606350184e+00
4.532644864877113378e+00
3.484392687163107905e+00
2.474026881987681836e+00
2.467442338102584731e+00
2.462872426036944340e+00
3.498419553484794164e+00
3.406316442348682916e+00
3.465515415663524834e+00
2.435721314438511254e+00
2.494915157535141148e+00
3.420688506087183445e+00
3.456931986456234451e+00
3.480116748342923394e+00
2.429434135656178384e+00
2.504961189953434975e+00
4.471690841747428813e+00
2.388686606781666999e+00
3.435169232275659290e+00
2.427982377908845635e+00
2.454567799919213034e+00
3.472731293992221246e+00
2.500450223964530316e+00
4.496986139424109297e+00
2.519612345599226533e+00
2.501093890896708860e+00
3.446537108509382108e+00
3.461065438113576587e+00
2.511398362907962589e+00
3.464208998524490823e+00
3.517232573544922580e+00
2.542685804284167350e+00
2.462468043212084456e+00
3.516066691598267901e+00
3.547819633293552322e+00
3.522120573544458288e+00
3.433002974371173188e+00
3.517411571915558532e+00
3.448849795454955736e+00
3.480584094744529899e+00
3.455737750299769928e+00
2.527929992653749736e+00
3.519818613317077904e+00
4.502751920495859927e+00
3.437814986826894792e+00
2.473726828250036203e+00
2.483732822209471447e+00
4.444666618233136468e+00
4.387638101413907421e+00
3.506388738006195993e+00
2.414434893686977279e+00
2.497798583944605078e+00
3.513514601811130067e+00
3.525394195269427211e+00
3.464649336195368523e+00
2.492293254650389756e+00
4.492506576558896292e+00
2.548817461340487700e+00
3.429296433993963777e+00
2.465643539773501924e+00
4.486203775030494612e+00
2.512291373343521705e+00
2.504922241694694129e+00
2.481890823261752477e+00
3.444305883314358496e+00
2.492901220612598667e+00
3.518389454096817914e+00
2.492427747739974997e+00
2.581539169167477166e+00
2.447090447664745927e+00
2.514528382668014039e+00
3.517020440056477515e+00
4.432665542854453022e+00
3.419168489690592949e+00
3.465976635887578539e+00
4.436259826709318510e+00
2.465876319054511434e+00
3.484093166593326352e+00
3.446649042704210242e+00
3.440442273066637746e+00
4.497703660371317191e+00
2.454156961243834978e+00
2.452837196370448503e+00
2.494305984777787977e+00
3.459628722971920478e+00
3.432350733748830152e+00
