3.490574827083115839e+00
2.496011575681126082e+00
3.523082044262900503e+00
2.474036707898890519e+00
2.422332804654655725e+00
2.352124373289809167e+00
2.516190865651487751e+00
2.480368370451628390e+00
2.433082753016528432e+00
2.477696161258824858e+00
3.507981679961813093e+00
2.485758713683044352e+00
3.403114833472020262e+00
5.530421204714626171e+00
2.501282193647805574e+00
3.465068240715648340e+00
2.529811638699919651e+00
3.443633273608047496e+00
2.519726674530648580e+00
3.461934358751174834e+00
2.514471162755238076e+00
2.403953611017897174e+00
2.472780309545995703e+00
3.478881679813205619e+00
3.431535797893202844e+00
4.500190337911656790e+00
3.508443484104891041e+00
2.478996606154105997e+00
3.519132456351603100e+00
5.519228678897897922e+00
3.523666974834097854e+00
3.480583557546099716e+00
3.494413192041391891e+00
3.479417649293328196e+00
3.497349301680578559e+00
2.466700788537220745e+00
2.414067329781219406e+00
3.466732045082150382e+00
4.457734356656753327e+00
3.439580049865451183e+00
3.477602916809814815e+00
3.474795771911884490e+00
3.427015289424080624e+00
2.532384483427301713e+00
2.455916578783801096e+00
2.479970233081707942e+00
3.462410608636433906e+00
3.531506225776710917e+00
3.504720380138560909e+00
3.416488572037843507e+00
3.431832756554330732e+00
2.482873446733593781e+00
3.512874840445147306e+00
3.455007858905169371e+00
3.470036948681951561e+00
2.478817973916950912e+00
2.492537636081712193e+00
2.426471264842641418e+00
3.468748650592622607e+00
3.447683817316727684e+00
3.513947384673317575e+00
3.506199869851010842e+00
3.460368510046806900e+00
3.455025515085605736e+00
3.462202956851149871e+00
2.451271231684942098e+00
2.467331037465548160e+00
3.489225054438947815e+00
3.464132438196629415e+00
3.471325665521605597e+00
2.473102626749468236e+00
3.444813309336138829e+00
2.524468408669223951e+00
3.405448506338466519e+00
2.473817561305293733e+00
3.478501360261571307e+00
3.445550802114003108e+00
2.545707015590294553e+00
3.486189606107976235e+00
3.500630210022943611e+00
3.416663241474422907e+00
2.461528610977536058e+00
4.460942006954262240e+00
2.449806446751380928e+00
2.529449030617646699e+00
2.520020272492673019e+00
3.462107746508194417e+00
2.426652824385996166e+00
3.467150461695003738e+00
3.474423438759282057e+00
3.464939959665286118e+00
2.494096922607221600e+00
3.469850734901086309e+00
2.488355048726901941e+00
2.483932837241863645e+00
4.474714165442539304e+00
2.498669170075227708e+00
3.469950383835469054e+00
4.550080125085235849e+00
3.448971311234288795e+00
