2.470773411129822517e+00
3.490529401150041178e+00
3.481105576375277622e+00
2.479744414289634769e+00
3.503712665777900526e+00
2.458096479978550519e+00
3.467287694103220907e+00
3.508891932952854287e+00
3.436017060280414093e+00
3.481252279605928202e+00
4.490968058269209529e+00
2.494842524490475277e+00
2.523060356183115971e+00
2.505302497508834048e+00
3.504417034864073965e+00
4.410279205055736895e+00
2.508048436677836612e+00
2.451149500656642388e+00
3.486648758254252023e+00
3.542527876877768378e+00
2.488320342759287929e+00
3.542090058313194678e+00
2.535179815965218797e+00
2.437230692368174800e+00
3.470498859991873797e+00
2.462765076683628429e+00
2.510832992554483667e+00
2.441869936083037373e+00
3.511441504693978199e+00
3.486095994948624543e+00
2.475060342702692484e+00
4.454750801720479103e+00
3.508495483128240444e+00
3.463838463871233841e+00
3.459614046881364757e+00
2.499718901369797575e+00
2.450926917356133217e+00
2.485174488899591694e+00
2.469385089849897241e+00
3.460461380278232468e+00
3.482128568290628223e+00
2.511785864411608671e+00
3.524999011410439032e+00
2.451161751547108469e+00
2.480838000032874024e+00
2.519949102342865732e+00
2.483227515838206223e+00
2.467202980547711366e+00
4.488713766096319446e+00
3.521743328696259834e+00
5.455385846552053053e+00
2.539902119832233574e+00
3.504690308466308135e+00
3.453833733822899710e+00
3.479188255819337439e+00
3.460569863243816879e+00
3.414314929751988359e+00
3.434558038673524827e+00
3.502217844731406959e+00
3.457826758468288020e+00
2.452672686007668634e+00
3.526550961392725725e+00
2.456133584471190456e+00
2.541658243374539161e+00
5.389872429446791458e+00
3.445720624033579149e+00
3.458473998843477393e+00
3.465957763789631940e+00
3.481438824657637543e+00
2.445546960919791957e+00
3.422269096470640370e+00
4.436948391725934471e+00
2.486009992818044800e+00
4.467068484813100149e+00
2.491573932233030586e+00
3.474719957784828672e+00
2.444100219146340791e+00
2.434450386786691123e+00
3.463992947443841786e+00
2.473847998262074466e+00
3.532327446991317732e+00
3.544915586900295956e+00
3.405147131640157809e+00
3.478595437690041869e+00
2.481153235874191676e+00
2.427611786483431011e+00
2.421148720478180305e+00
3.449917529894260593e+00
3.452787019636028631e+00
4.457095305556694420e+00
3.471327094734319552e+00
3.476315340686619848e+00
3.443254907021213285e+00
3.504775859176769259e+00
3.486829389586800332e+00
3.490244660712656710e+00
2.519541529283967574e+00
3.493678804514469327e+00
2.594290429554479527e+00
4.452992028639192412e+00
