2.512153265164474458e+00
3.473204223161086457e+00
3.515412974231555854e+00
2.462433282950263980e+00
3.493651623413825291e+00
3.438441330068556567e+00
3.514915675605856382e+00
5.421095565196580424e+00
2.479409446596080979e+00
3.434181942886816330e+00
3.474942534886265033e+00
2.457811491744812393e+00
3.522813626867618453e+00
2.474848730627145166e+00
2.466892906048431477e+00
3.436965881785161603e+00
4.485718685793989913e+00
3.500202012466190560e+00
2.474217423764508261e+00
2.496381577971002574e+00
3.470210820829959797e+00
2.468596430621615490e+00
3.454427217941363093e+00
2.492893422819020266e+00
3.455235513115044732e+00
3.434734736632067964e+00
3.428408592866559967e+00
2.466169051273448432e+00
2.446920283127512086e+00
3.453928753143555408e+00
3.397727194632504055e+00
2.508117605860356036e+00
3.449520944688602153e+00
3.427154782300330993e+00
2.417979869038980656e+00
3.430209499727199240e+00
3.467549512136679724e+00
2.527897008407018031e+00
2.494111708365637003e+00
4.468849584092335903e+00
3.427329296200602116e+00
2.459888965445531817e+00
2.468200469536314223e+00
3.491045791150145572e+00
2.468984639099869316e+00
5.560432237706447012e+00
2.465576765159757766e+00
2.447300788314747955e+00
2.432981365790264583e+00
2.488116081100318677e+00
2.429288946549336359e+00
4.431617389169354659e+00
3.491159974599820526e+00
3.377222471694230954e+00
3.374303858716816151e+00
2.463193920002930692e+00
3.461639050982182386e+00
3.456581319485784842e+00
3.437801543822034400e+00
3.495308807194978939e+00
2.458768444141970821e+00
2.467095389791366777e+00
3.420787662027433118e+00
4.494215559544968208e+00
3.496085938651476877e+00
2.434587383919909698e+00
3.429451930944613647e+00
4.510648106509512978e+00
2.483330073504623758e+00
3.467160211078900378e+00
3.457497104144175548e+00
3.567660532126228468e+00
2.417135908390421584e+00
3.429682365431045987e+00
2.537846599398566827e+00
3.450765622887708606e+00
2.492669812467732005e+00
3.482042962761630278e+00
3.509628815108428945e+00
3.461405660193005662e+00
4.445491686173930646e+00
2.461181803142853397e+00
2.466667272569653679e+00
3.443013286907534276e+00
4.487096572527784488e+00
4.498556164253058043e+00
3.451801630532099097e+00
4.486573562471797061e+00
3.471310739133639522e+00
3.422761709202398084e+00
2.452772251257038238e+00
3.433913266056028757e+00
2.502465877138674077e+00
2.465679899965548039e+00
3.459288904434155487e+00
3.423701731932935477e+00
3.491845850885677560e+00
2.403644827594512368e+00
2.471264734530958851e+00
4.432977198445045453e+00
