3.489708099419190912e+00
3.445678917432756450e+00
3.459497192542825506e+00
2.457724220887041344e+00
2.440983620814233923e+00
3.433971059208820176e+00
2.470793238808696834e+00
3.467258738904859250e+00
3.456255041610047485e+00
3.493726180967160921e+00
3.539338525070180541e+00
3.469640873841461026e+00
2.455273280164333105e+00
3.423782020588788555e+00
4.456527528734681276e+00
3.451944265113072952e+00
2.530980215970552116e+00
3.499966329156557254e+00
4.397389725687399498e+00
3.454899165073760603e+00
3.458437098486188965e+00
3.531744309353572753e+00
2.477352670805548662e+00
2.462644027276031267e+00
4.491104908622753022e+00
3.523728243690395168e+00
3.506833439468040492e+00
2.463229492429626966e+00
3.479110813771085109e+00
3.451560123473648378e+00
3.527780339473896909e+00
2.436979738515181015e+00
3.510768935199362506e+00
3.516869402220521135e+00
4.469969607239970166e+00
3.505780595237292907e+00
3.430126862059266646e+00
3.442615421837151413e+00
3.483192247521365026e+00
3.465333529932891121e+00
4.419181264862351632e+00
3.430483348381117459e+00
2.511690823723217836e+00
2.436256454509074576e+00
3.493510130967045768e+00
2.494607295413288295e+00
2.502372078460607607e+00
3.459773449024771352e+00
3.472516552129987222e+00
3.450784564661114828e+00
3.464054807569950434e+00
3.486694353582531658e+00
4.478193442760060705e+00
4.409030295601735538e+00
3.444912308059432160e+00
2.495012716110164952e+00
3.477547025705099326e+00
4.495823012441882760e+00
2.499155688427459499e+00
2.483434456603079266e+00
4.464561724242961382e+00
4.489612495392491631e+00
2.445438086049595672e+00
2.537541001987097200e+00
3.478316290998683336e+00
3.424282533487602365e+00
2.458319050031008146e+00
2.557627180008190670e+00
3.431787697026015493e+00
3.426375948242744052e+00
3.496343610401232649e+00
2.456814583399841379e+00
5.440528207694685925e+00
2.428736759858270311e+00
3.484828171446320955e+00
2.472949532957897212e+00
3.445711393090668206e+00
3.468949586313184064e+00
3.509423826730171836e+00
3.501380565153211499e+00
3.467036650017357058e+00
2.522640137014938055e+00
3.508252001949785370e+00
3.385418230790823824e+00
3.446601088793199263e+00
3.503091343223188048e+00
4.468176652878952382e+00
3.469372203588156900e+00
2.420049235242496710e+00
3.483816504448419948e+00
3.415910586636190960e+00
2.511768805351271450e+00
5.473328424629577249e+00
4.465064712713057382e+00
3.435247712591817049e+00
2.461096193308330182e+00
3.475063203191885552e+00
4.399012282340454050e+00
3.438122856874035627e+00
2.418264323558906526e+00
