3.496723195550300645e+00
3.438897380696117612e+00
3.469588152619532906e+00
4.440546929455571501e+00
3.445594116504852700e+00
3.446474074840792046e+00
3.492126309436316856e+00
3.414668514948643541e+00
3.489981340503256035e+00
3.488359807256714795e+00
2.478599699171466053e+00
2.452407025538288377e+00
3.494067221296275783e+00
3.522748484932400004e+00
3.491828556549029461e+00
3.426336869966119192e+00
3.450075615178201272e+00
3.459624612020144596e+00
2.489335054274438352e+00
4.460763763894961542e+00
3.473473976594430024e+00
3.473104560009316000e+00
3.496345415309199289e+00
2.459984450095739739e+00
3.543756488425231055e+00
4.463684660973253671e+00
2.441162298933374775e+00
3.487491642386601587e+00
2.503491011186210091e+00
2.441585768554012326e+00
3.451489184338175864e+00
3.449945084921117733e+00
3.465536193946751720e+00
2.476315554404487251e+00
3.438556295139222119e+00
3.451299199951520791e+00
3.450403754562432201e+00
4.398921524915713199e+00
3.453653138806072942e+00
2.475648672064475253e+00
2.466132977901273726e+00
3.514916432629077825e+00
2.445043520916832414e+00
2.485850793533040282e+00
2.504318317771833780e+00
2.518812483531036150e+00
3.462990615965926278e+00
3.466387030869309438e+00
3.449201607239260614e+00
3.500824974981109339e+00
4.382316259074754861e+00
3.459836377760689086e+00
3.471166343985411018e+00
3.503383248321902066e+00
3.426674124720872072e+00
3.412349835608328164e+00
3.501480549272849796e+00
4.431010252001924776e+00
3.479291540702872165e+00
2.459009790012481211e+00
3.465290257448975897e+00
2.468642096630809579e+00
3.454004866539905017e+00
2.432036349974652012e+00
4.440028506499833938e+00
2.446538249425142197e+00
2.427916775318915032e+00
3.421515861997578956e+00
3.517474348969678477e+00
3.518927587484471875e+00
4.423585919109711995e+00
3.510811792183881508e+00
3.428643537338567526e+00
3.487499624249226660e+00
2.530147159754527308e+00
3.420367739381053429e+00
2.476424464184163288e+00
4.437067048861729646e+00
3.507000097860173859e+00
2.497576787524707242e+00
3.500080897149219883e+00
2.545233932531975274e+00
2.422968204895631583e+00
3.429869057269318677e+00
2.508738454803550066e+00
3.493366898077155280e+00
2.514298482368892085e+00
2.531296573373885028e+00
2.461484910215240518e+00
2.506249816599072311e+00
2.459059721764922823e+00
2.429021539944327124e+00
3.434656798693746182e+00
3.455661427434488786e+00
2.450393422337562743e+00
2.469415096771862217e+00
2.439499595325258063e+00
2.488990365826609708e+00
2.494106789788364864e+00
5.232034801362801524e+00
