4.529267448559069820e+00
4.473137360349876523e+00
3.496104070777840356e+00
3.447260061306085088e+00
2.493880676104252014e+00
3.507704390165066410e+00
3.440960268869810434e+00
2.489064111685509229e+00
2.461255098520129359e+00
3.456988699182838243e+00
3.501098173761926446e+00
3.547109809663208324e+00
3.510713465800876065e+00
3.466605358187706987e+00
2.462459416593923756e+00
3.444719094859895581e+00
2.505104044397370000e+00
5.344949963666392634e+00
3.485814142515207603e+00
4.443929105673419144e+00
3.421687676819128221e+00
2.481314088001610685e+00
3.484273257200023455e+00
5.493149516092886486e+00
5.493222060738604640e+00
3.489780502961589814e+00
3.471727603150554842e+00
3.497172193110326788e+00
3.459738961936251300e+00
2.514345935546615340e+00
4.421948903373620787e+00
2.546507650030027659e+00
3.499329303845196915e+00
4.472326910786718734e+00
3.423126801011522780e+00
3.442154650430100382e+00
3.441430548453957350e+00
3.523930418658673958e+00
3.387514591952010878e+00
2.529573934269058633e+00
3.506138488899479100e+00
2.495158226034106530e+00
3.448513658186514341e+00
3.453462862558302149e+00
2.433405548021075671e+00
3.375982041792330524e+00
3.464540105014113802e+00
4.475962980414366577e+00
2.463389328142717272e+00
2.591112810264935895e+00
3.525095648137182458e+00
2.475616951279299816e+00
2.493325732946565676e+00
2.464900056004126760e+00
2.513502637939481588e+00
2.521158789565684621e+00
3.494722541014972261e+00
2.526306251972262995e+00
2.496802723995246165e+00
2.395923664055746194e+00
3.436571855464258807e+00
2.491408954918095997e+00
3.500148955436120701e+00
2.431379348778972105e+00
2.480300945167920101e+00
4.411284921500627121e+00
3.452528687645837202e+00
3.452181370715671438e+00
2.476505346428957921e+00
3.453037307753036966e+00
6.393512751036094954e+00
3.526513071666215637e+00
2.507138746354824033e+00
3.419359636410545633e+00
2.498989237260953900e+00
2.507726564834810379e+00
2.470158543818404162e+00
3.492538152373222182e+00
2.448026699762012370e+00
2.494400706459625194e+00
2.443972849126335056e+00
2.433024622392416791e+00
3.442824086042994391e+00
3.454505560729865365e+00
5.439036440674731132e+00
2.483833365036886232e+00
3.445298456664402043e+00
2.460409343410917327e+00
4.426730725156691193e+00
2.468126002045688328e+00
3.427474547357092227e+00
3.492673485927554555e+00
3.448531446368676701e+00
2.428768179391613380e+00
3.489397060312611210e+00
5.402084961388522899e+00
3.468569951850307920e+00
2.551867805355834129e+00
3.520407899424497167e+00
2.462845422183361777e+00
