3.458050143333436743e+00
2.500503800644724439e+00
3.456694617318542662e+00
2.478300402297334948e+00
3.465319558076711104e+00
3.422042159624305580e+00
2.516552643780201048e+00
2.475039853322506644e+00
3.512457618078742794e+00
2.499719509212107393e+00
3.512914242234959072e+00
3.459109342180559210e+00
3.418854296377094926e+00
3.448345013760277133e+00
3.465731214672737703e+00
2.465257626139661706e+00
3.481117599195788781e+00
3.529166627389678013e+00
3.455585789773517824e+00
2.495149822455571709e+00
2.466445880138114610e+00
2.450481942574731065e+00
4.471510008182840501e+00
2.475669226795323752e+00
2.431447695047129098e+00
3.448191492427887805e+00
2.513191360464324564e+00
2.466599801258787306e+00
2.491497067121425601e+00
2.509365587970274092e+00
3.524630906301572608e+00
3.518725689974941506e+00
2.476040331616864432e+00
4.384330667300390338e+00
2.483928230461337705e+00
2.480591884751723430e+00
3.018695247386577574e+00
4.485116232601523478e+00
3.491342398243071798e+00
4.521063358174975733e+00
4.480553896396869185e+00
2.451235876780028189e+00
2.509652548386767990e+00
2.531792816287187886e+00
4.491238124023452016e+00
3.490707803226586581e+00
2.464928269791505588e+00
3.472777199059215114e+00
2.468969638558625057e+00
3.458650656983755844e+00
2.482366892033095240e+00
3.490595572677773095e+00
3.460528807504791082e+00
3.448980027729318998e+00
3.479033043489097921e+00
3.488081676466369352e+00
3.424302025607823374e+00
3.504574650828989668e+00
3.526832802271081313e+00
3.507249746477545393e+00
2.422450766919677978e+00
4.437694808216475550e+00
4.418888067385450924e+00
3.448571283170263069e+00
2.447093160866447903e+00
4.432287967780445648e+00
2.523366275826577354e+00
2.449226184456036126e+00
3.481600463682887447e+00
3.502111546534905528e+00
3.474210527657373149e+00
2.493811401426880181e+00
3.462061432508366732e+00
3.517856426873927855e+00
3.522464121424675465e+00
2.424332654291877720e+00
3.513030225225565850e+00
2.527796906460098469e+00
3.459501181978246631e+00
2.501122271880061199e+00
2.567104395541675910e+00
3.490266025131080418e+00
2.451304604773220763e+00
3.511663425025648877e+00
3.501148319868939041e+00
2.480714532197692890e+00
3.543548350985058715e+00
2.531808844888224552e+00
2.460049380033719313e+00
4.460647898312827486e+00
2.468694975349381870e+00
2.460499314105692559e+00
4.454833961322916203e+00
5.472361106083990734e+00
4.467648644665193736e+00
4.432205653440124848e+00
2.459524789123896493e+00
3.457529091699936163e+00
3.475065183399382640e+00
2.456349747433527408e+00
