2.443114141227032743e+00
3.467164298846431958e+00
2.560444637703552573e+00
2.450431205606660168e+00
4.434771225647645032e+00
2.487578645305366098e+00
2.470585719955003867e+00
4.409687726639092809e+00
2.460155946769160717e+00
2.449917400455577710e+00
3.456372065243445757e+00
3.438073659239297086e+00
4.397945909570984746e+00
2.472522416084454111e+00
3.467760339357270905e+00
4.416695402503640011e+00
3.566640413665401521e+00
3.431294975458594632e+00
3.492352291802624187e+00
3.464821211630797926e+00
2.478224444094655254e+00
4.471488967551377591e+00
2.521122160672853774e+00
4.460682902935067418e+00
2.467272928833034840e+00
2.451140509570972181e+00
2.470026814540302151e+00
3.492853243698766708e+00
2.482721809516733380e+00
3.484373337830350970e+00
3.409255611314909729e+00
4.432279476882848179e+00
5.449739433121152388e+00
2.566352462619628572e+00
4.425752014318419469e+00
2.502435110920888661e+00
2.428979661735037876e+00
3.531749006319160333e+00
3.460020682191368380e+00
3.466436971560119762e+00
2.524635791767346760e+00
2.480337593382005323e+00
2.538173829725061559e+00
3.427005718662449407e+00
3.495343538899749358e+00
3.471734011226420336e+00
3.454594643379849117e+00
2.453505083279290400e+00
2.529139914371421494e+00
2.502735645540196785e+00
4.470559975966768462e+00
3.396567162491011871e+00
2.489105550211948348e+00
2.471895624682910242e+00
3.516000609660964837e+00
3.494936167589500098e+00
3.507325922793933959e+00
3.523023238527547729e+00
2.553034700950891356e+00
2.489411530508990111e+00
2.492675088412240836e+00
4.429868290158966992e+00
3.463302556027828771e+00
3.466467584249409040e+00
2.461580438420941430e+00
2.525742892235589121e+00
4.436369477122530824e+00
2.501756267076121976e+00
4.391811495660393305e+00
3.522213986897926752e+00
3.492040674126861255e+00
2.469047605521334177e+00
2.453776446235753195e+00
2.432396179951006321e+00
3.475288478489703792e+00
2.524958328104916383e+00
3.467071939808281655e+00
2.529156439778383003e+00
4.401163206209791845e+00
4.450034264843239384e+00
2.508506055697481862e+00
2.465289129111922772e+00
2.412023985726287290e+00
3.506725747973667318e+00
3.509218076902503647e+00
3.449640865801928857e+00
3.475448190394470949e+00
2.488237297104050505e+00
3.427413633660806536e+00
2.483042986947085584e+00
5.422549893473195048e+00
3.466501935138661672e+00
2.464013777124542059e+00
3.521780394591476515e+00
3.470319915869967353e+00
2.405737353688560898e+00
3.460745110213564679e+00
2.518479606348304145e+00
2.495053202228529887e+00
3.496799461268254028e+00
