2.517227427917763993e+00
4.426675836386473328e+00
2.509337994374101211e+00
2.433560552892127138e+00
3.462827703324877771e+00
3.497560476226455162e+00
3.527397687399082660e+00
2.470065235560156225e+00
3.463854841350930691e+00
3.437426977316987209e+00
2.552836189674682732e+00
2.470039104264868612e+00
2.541518013661022479e+00
3.469495652787660145e+00
4.468005957020118935e+00
3.450856468067668104e+00
2.433651362507533999e+00
2.461569727606323532e+00
4.444003988221452595e+00
3.458203450015057800e+00
2.455781571272204644e+00
2.484065875647558652e+00
2.509714650878401176e+00
2.494797787492682328e+00
3.452941507750245886e+00
3.380251158710344317e+00
3.476964960527522575e+00
3.471286140984940261e+00
2.559018014093025872e+00
3.516597432589488648e+00
2.471460459292778911e+00
2.468782365123999956e+00
2.477484142276344503e+00
2.509822516447347329e+00
3.469050939050066340e+00
3.495696082220422607e+00
2.529112832870643146e+00
3.413727451839947857e+00
2.466073284152280998e+00
2.422553909309518971e+00
3.477853422099046021e+00
3.491182548371716265e+00
3.396568620239750480e+00
2.552543165430474215e+00
2.436718695901225029e+00
2.430782538855624342e+00
2.458586510826551663e+00
3.483085747404287780e+00
4.400518186606792170e+00
3.432533277586657938e+00
3.487573972168252379e+00
2.526297877391723734e+00
3.456345143077902193e+00
3.453060745660760489e+00
3.455523059950971199e+00
3.444162545742292636e+00
2.532509137566606672e+00
2.443701263715923222e+00
4.192005478198136181e+00
2.540608169858663334e+00
3.460806098078761828e+00
2.497631933346457611e+00
2.538018380551783970e+00
2.495347486772045986e+00
4.151100165400977815e+00
2.475849547689847885e+00
2.427944564940937688e+00
2.444443258990443457e+00
2.481703574053055306e+00
3.443318143410110110e+00
2.465475696169297404e+00
2.486200586303452642e+00
2.519851065021520675e+00
4.511170656344486218e+00
3.472801699930489594e+00
2.500543872692484015e+00
3.468780742553943863e+00
3.520677003779791203e+00
2.456098576068363126e+00
3.484974910270342896e+00
2.482103854882987459e+00
3.477586332104312561e+00
3.474377521067526065e+00
3.454121418771301855e+00
2.490994814855709727e+00
2.413858295274362575e+00
2.452288134189113844e+00
3.411248053007702286e+00
3.543134415596438824e+00
3.531311821720628519e+00
4.417779866950835910e+00
3.485089955160651787e+00
2.508392336769297515e+00
2.491243126754665305e+00
3.544485216290944152e+00
4.517217350497061190e+00
2.445087215735555652e+00
2.429685255244391495e+00
2.461388640844853093e+00
2.540354154905617889e+00
