3.493605317509757668e+00
2.545083721843371727e+00
2.471039650564235135e+00
2.486399605313626804e+00
2.511479268710217205e+00
3.512955773320454611e+00
3.438441140138491114e+00
2.496811650741274757e+00
3.439547306779799030e+00
3.514315891814486115e+00
2.475122528184633186e+00
3.456476378678904116e+00
2.447204685492845755e+00
3.427499763422086954e+00
2.500026160334950731e+00
3.463493755709924127e+00
2.496912278164869381e+00
3.429360987174627784e+00
3.517824684529664125e+00
3.572281726415114100e+00
3.495567888283237945e+00
2.439493539853784920e+00
3.428566701650201054e+00
4.490853942152085665e+00
3.465641484169274200e+00
2.480531025921210997e+00
2.495498004742744858e+00
3.451550241736285329e+00
3.454541636104294877e+00
4.442253437871376498e+00
2.480988384432043059e+00
3.437642835199750113e+00
3.444626253891043710e+00
3.428848276910192894e+00
4.426174508855730494e+00
5.479999274266789122e+00
3.419655720340590399e+00
3.450086748036870876e+00
3.456154499609267017e+00
2.515674725472535567e+00
4.453370567003915426e+00
2.451715600081596946e+00
3.469219680431430142e+00
3.458011810933808938e+00
3.477930198748028001e+00
2.520557217396778515e+00
3.474108969756003695e+00
3.460152068095021960e+00
3.481858112177609321e+00
3.515068747082571221e+00
3.435192855438580661e+00
3.439140181665918838e+00
3.454043255629351439e+00
2.419346733501137159e+00
3.403942816465167276e+00
3.513310905526145778e+00
2.496353927051438770e+00
2.467809347366666906e+00
3.518689338476820083e+00
2.472207374694161963e+00
2.489840893346096262e+00
4.272657431178376264e+00
3.445617728579879913e+00
3.482739881671157889e+00
3.534218067655829021e+00
3.446251990366702600e+00
3.482853158988412634e+00
3.489140778414061561e+00
2.462666253534529393e+00
4.439014078150940179e+00
3.487013491309872926e+00
2.474141552102213204e+00
3.489590095028817007e+00
3.531259411413447236e+00
2.472463029231073417e+00
3.503247426479425997e+00
3.458994616720633353e+00
2.443329612870312584e+00
2.544298574478643715e+00
4.443014577706871471e+00
3.473051012072871924e+00
2.491088721852044774e+00
4.437954378983632431e+00
4.432001284939503627e+00
3.517185361762380058e+00
2.482595884607892156e+00
2.472825599569908217e+00
2.437216121648578593e+00
3.523280096672987582e+00
3.441735787324520235e+00
3.468443875024046719e+00
4.457350283051087381e+00
2.453596058529464052e+00
2.471003746956231595e+00
3.482857316767206335e+00
3.483439741188700367e+00
4.448234787997469297e+00
2.524743238817056756e+00
2.509692464714738058e+00
4.394317438068071624e+00
