3.496085218450900811e+00
3.462923763675893607e+00
2.569232168383359216e+00
3.482667604401656014e+00
3.439292684199060535e+00
3.464140484296832856e+00
3.506051449810701826e+00
3.503132920773372128e+00
4.522946476682223604e+00
4.394454716795187288e+00
3.412045075310933040e+00
3.473511034425919242e+00
3.423191873915560457e+00
3.482077281085644405e+00
4.419971880957564991e+00
2.502485976197172945e+00
4.468968380841555010e+00
2.414142095836119939e+00
3.423926568799389614e+00
3.429173447683378395e+00
2.464133392736004513e+00
2.477584227069967948e+00
2.506224696898223137e+00
3.455951067310449432e+00
3.415771007875475274e+00
3.450864502217556140e+00
2.478943288012377621e+00
4.486653522886994594e+00
3.436436478643774439e+00
3.444697779205848853e+00
3.455160561089560822e+00
4.451347901825616127e+00
3.428698284592409884e+00
3.506726836268187153e+00
2.483724980336329491e+00
2.488905979600064100e+00
3.479020032842896626e+00
4.411239205826355203e+00
2.497764327503608328e+00
4.452263835298094108e+00
3.464238592916038417e+00
2.511925533128262167e+00
2.475054616209659386e+00
2.463102401855157719e+00
2.474803529019881765e+00
2.509440586959634789e+00
2.458111641273303505e+00
2.446905737159680072e+00
2.433354819022427673e+00
2.468786333964985591e+00
2.525411784756233846e+00
2.450139463362669634e+00
2.497869516013810465e+00
3.442078233978969060e+00
2.450373402474653961e+00
3.461405305255827347e+00
3.521131532773608352e+00
2.483948141758007377e+00
3.421049040900209448e+00
3.456175715963259343e+00
3.425134865117112071e+00
3.477141149108012197e+00
3.446644893151581179e+00
3.474227197187767402e+00
2.483895893931926224e+00
3.461575560342631697e+00
3.402498277819015815e+00
3.532433481233014927e+00
2.433279130002768298e+00
3.467309847764844744e+00
3.425095534331338509e+00
3.462665366826657820e+00
4.369282581372826435e+00
3.499122470786614869e+00
3.486270623502969013e+00
3.434913504511106996e+00
3.457340579231344524e+00
3.434322541365619319e+00
3.488553292325929700e+00
3.469591499042698590e+00
3.491049468439902714e+00
2.507980424018471766e+00
2.527510763022526863e+00
2.495497320607463987e+00
2.492048702240758473e+00
4.425749162488378019e+00
2.477490564238621129e+00
3.500013654026820298e+00
4.441820382749163798e+00
3.451627272090064924e+00
2.483708056885927551e+00
4.458613155638499137e+00
3.441470214018768292e+00
3.464253483287032864e+00
2.501790435830562931e+00
2.531326424570214062e+00
3.509560596234953422e+00
2.462664793925152473e+00
3.452166663052188778e+00
3.485649569394609237e+00
