2.455968967668407998e+00
3.437572184492238225e+00
3.455568958190100570e+00
3.420561071061167802e+00
2.460277852574765500e+00
2.430623124923090739e+00
3.470348339094095902e+00
2.494170535135475486e+00
3.458027046465178778e+00
3.471351066798094465e+00
2.484871806857875676e+00
2.527010085577353404e+00
3.496983974918023819e+00
2.447562375937103685e+00
3.475889563054590958e+00
2.426552972218646076e+00
2.475989714315677492e+00
2.465869076056480758e+00
3.470873282151501371e+00
3.446294065079417823e+00
2.470160849200298880e+00
2.503824562733326431e+00
5.445595750082175002e+00
3.466705813868550035e+00
3.437569187359288847e+00
2.485194024253117639e+00
3.483169176665390054e+00
4.067784767434062587e+00
3.457943833644824938e+00
3.483438097450475279e+00
3.456221985014465758e+00
4.470331363903503608e+00
3.969782015862155067e+00
3.472017526818611532e+00
2.510090596839205102e+00
3.417500922866476110e+00
2.494110314288168428e+00
3.426733257494825047e+00
3.476936176186129490e+00
2.505257669182217040e+00
3.473832751813828779e+00
3.486751241449082883e+00
2.515801498856074403e+00
4.451388969074016266e+00
2.477014265308321583e+00
3.543591117573936078e+00
2.472246668416308690e+00
3.477606823545241088e+00
3.323214811246300915e+00
2.431796550450465944e+00
3.480196514318692813e+00
3.499379487303395209e+00
3.462964353377212756e+00
3.436100465930089776e+00
2.456541597156684187e+00
3.462018638035346818e+00
3.459914591745293588e+00
3.522801016142760311e+00
3.513237952383554408e+00
3.525747577022119827e+00
2.480505899891792598e+00
3.486891238400950499e+00
2.443999616963928201e+00
2.487872362297316453e+00
2.450372042306685483e+00
3.411436811577988504e+00
2.460345298745476583e+00
3.495273218209693056e+00
4.482648328222635925e+00
2.510727830690458351e+00
2.535090864653799514e+00
3.432158970329155956e+00
3.456188527449969072e+00
2.442315215627405056e+00
2.478088411804947544e+00
3.453775611739451357e+00
2.499608178543210268e+00
2.490965807132562659e+00
3.442767883429676434e+00
2.550656664168682752e+00
4.424321347573782148e+00
3.470523648172441078e+00
3.414945086347688896e+00
2.507858540918201040e+00
3.498589250933005879e+00
2.491183869536047535e+00
2.519005557194480271e+00
2.484188415855345777e+00
2.465836449028497412e+00
2.451673760990202400e+00
2.455322165083201114e+00
2.447274232313413123e+00
2.477671937890788989e+00
2.549676904473079375e+00
2.431985213192559669e+00
2.532116044293271973e+00
3.506986739282398791e+00
3.476276579725456006e+00
2.493435060120960056e+00
2.473617802399548093e+00
