2.467287192917396066e+00
3.453796636260979991e+00
2.569595866432802911e+00
2.501140495020310883e+00
3.429947835985310167e+00
3.500592690969807297e+00
3.388399795287308613e+00
3.440147991520829063e+00
3.459357028092104880e+00
3.424770935192025245e+00
3.448872518517113406e+00
3.499442376448185676e+00
3.504509489666816968e+00
2.484875791211334839e+00
3.463509329932102254e+00
3.500886496405159587e+00
4.445852186055261335e+00
3.553269840884687891e+00
3.446478704418987515e+00
4.476047540637758004e+00
3.497271426429882535e+00
3.412963232069382791e+00
2.471286623762032342e+00
3.459770447112294978e+00
3.491824165649882961e+00
3.423488884718195902e+00
2.530967024133707444e+00
2.519465904900535680e+00
2.437759156343383360e+00
4.498153180496214709e+00
2.495723718043715067e+00
4.507175544416251789e+00
3.454383552713402583e+00
3.501601378455466929e+00
2.518332885449326763e+00
2.492545961763820817e+00
2.545042271158545866e+00
2.484756970576560864e+00
3.490713495786362586e+00
3.518140640616876702e+00
3.435486757907105559e+00
3.442233611327209619e+00
2.498332193036829185e+00
2.471979284023205103e+00
2.459650004757437891e+00
2.533212069374156439e+00
2.496569028076325303e+00
3.427922412807302699e+00
2.463590207895929751e+00
3.463630875393298947e+00
2.397140028623785390e+00
3.532532231250197441e+00
3.470958257289997739e+00
2.493390515939710284e+00
2.460302090226728744e+00
5.456562704934293961e+00
3.457338183662936881e+00
3.868181452140879717e+00
3.515541901478716813e+00
3.470263074441286566e+00
3.480986341351138158e+00
3.463997695130785814e+00
3.381961207512682144e+00
2.474036175924276826e+00
4.424835869172157210e+00
2.491293069888435685e+00
4.443145386717763934e+00
2.458404795686622624e+00
3.460557863336456208e+00
3.487004267804445501e+00
2.504571458764551117e+00
4.455553509643280563e+00
2.457892200831281571e+00
2.407761219143462306e+00
3.473034882714976845e+00
3.493107070089276345e+00
3.507536978490713331e+00
3.470316359949755292e+00
2.498609906685320681e+00
4.440742203411348399e+00
2.482840826873001561e+00
3.493884865632628678e+00
3.515042390034416986e+00
2.499357564128198206e+00
3.563361314672446323e+00
2.506151811114732730e+00
3.429711233383126334e+00
3.506061160046263225e+00
3.695491324854546455e+00
2.475018468716917663e+00
3.515709269122684777e+00
2.535885428744836023e+00
3.466322899843289562e+00
2.464101493989149461e+00
2.481259855073988163e+00
3.490348033407980388e+00
3.521696666550182542e+00
2.453084989840006891e+00
2.472750077401848934e+00
2.457162213387313443e+00
