2.512202075478067620e+00
3.482913164207738888e+00
2.452125075795208886e+00
2.508834439951251216e+00
3.578811590372417140e+00
2.463011680445716944e+00
2.452085821477189231e+00
4.423657101438272399e+00
2.467440797981121925e+00
2.441504807086090967e+00
4.468052222434330645e+00
3.500130660840040875e+00
4.459816636487447639e+00
2.444028435102709285e+00
2.508508128468712961e+00
2.555077723142671786e+00
3.460964058856042413e+00
3.637618906526321361e+00
2.566683872043807213e+00
2.485707406239955120e+00
4.509253191054741094e+00
3.514411696450830735e+00
3.458399267892805273e+00
3.479505005694766062e+00
3.537545682568091987e+00
2.479630358788799782e+00
3.511884304356407416e+00
3.422842104430807719e+00
3.432125059602257888e+00
3.526051798317538122e+00
2.466942802318357053e+00
3.481049669944798364e+00
3.418274679022473617e+00
3.550530185753207668e+00
2.457171228360821580e+00
3.452145777234086665e+00
3.481220956958082091e+00
2.504522687107685108e+00
5.483185541976471455e+00
3.516470102202503778e+00
4.500867044685087137e+00
3.466896771608062533e+00
3.404966209084427486e+00
3.469614257592914974e+00
3.390314105062677719e+00
2.504163710513522378e+00
2.469826329928165976e+00
2.496082054750472068e+00
2.486257956808377134e+00
2.436122843971013641e+00
2.519333479493556460e+00
2.452908724954802278e+00
2.515883306586922608e+00
2.425575539272307957e+00
2.504276151277541551e+00
3.406382796160112303e+00
4.472287394960102525e+00
3.467284079225965598e+00
2.437594253397225241e+00
2.532377437862023850e+00
3.498842325071346959e+00
3.462267485326000926e+00
3.490378739851773382e+00
3.470079847786470051e+00
3.514813157163083179e+00
2.516786958951601427e+00
2.476489311553944361e+00
3.452373415127909961e+00
3.416481652526456525e+00
2.468088707696173056e+00
2.450077522009294295e+00
3.531888074640571862e+00
2.458829410507358482e+00
2.445687357624612090e+00
2.453421199284361531e+00
3.452148296261268179e+00
2.542595056039691492e+00
4.411985817751077121e+00
3.428812501943431457e+00
3.441939629432617220e+00
3.493170153053598348e+00
3.486671864770178875e+00
3.495306153789955239e+00
2.494894704627301785e+00
3.480272461205886625e+00
3.458850625443699922e+00
2.500916594629179368e+00
2.502589602767249399e+00
2.532392812435552809e+00
3.457092959690079237e+00
3.470891749140319504e+00
2.489288070785581120e+00
2.523541602245537696e+00
3.504892906371438688e+00
2.486759721622132435e+00
3.463319764691229263e+00
4.463629855058264262e+00
2.494443353451876622e+00
3.527763486225024891e+00
2.470563364655870675e+00
