3.454084354522799050e+00
2.460611513819358720e+00
2.472169005121376717e+00
2.436942511846219350e+00
3.435997563322357173e+00
3.461848761378272687e+00
2.522576267749663703e+00
3.519866151997482540e+00
3.460295890040203659e+00
4.447063813187511094e+00
2.484940425363983518e+00
2.462534071707046746e+00
2.459000715463226072e+00
3.522121100187939557e+00
3.483040760455441198e+00
3.439877748006756608e+00
2.508952239631849768e+00
3.520347849192598133e+00
3.498854672443177272e+00
2.543676427618157376e+00
3.502570792687791368e+00
3.462063011821585601e+00
3.501120320181574819e+00
3.419810554117454604e+00
4.963653116497243722e+00
2.462734863658948559e+00
2.468454342159495774e+00
2.492192558165466476e+00
3.464578626442582188e+00
3.500871795208672754e+00
2.459255776699693197e+00
3.504428106553039601e+00
2.471298157652691341e+00
2.490994520058301021e+00
2.480494430499305736e+00
2.481079380236368870e+00
3.443649867784042140e+00
3.547812838080957043e+00
2.504981171862533884e+00
2.553806543965821074e+00
3.484807480158442328e+00
4.453394712807526190e+00
3.510628388458549409e+00
2.442130836102280877e+00
3.508792144595997087e+00
2.503225708678528783e+00
3.481180232842369993e+00
3.488482635456606307e+00
3.453903062377493782e+00
2.435381673879600140e+00
3.493120709170236093e+00
2.505880446523727212e+00
2.516993959818712767e+00
2.467956848450926000e+00
4.504655240676241235e+00
3.514522227202219185e+00
2.447630118679667621e+00
3.524084520413115484e+00
2.447274131208468262e+00
2.503410895415515647e+00
2.488035697902172494e+00
2.422659331474775524e+00
4.504903950893484499e+00
3.439640799561536344e+00
2.493904774132369440e+00
5.381482137801849142e+00
3.539347469082836817e+00
2.514511502724743774e+00
2.494846032867936714e+00
2.462576508566909350e+00
3.431110919666246151e+00
2.463699937232072035e+00
3.502293961308682757e+00
2.435914274894609211e+00
3.473672208803114003e+00
3.443887821003745575e+00
2.467364004706864566e+00
2.460955597830813524e+00
2.495985933642362209e+00
3.465580430763020470e+00
3.413650622435762116e+00
3.464198065999801290e+00
2.467654042233703660e+00
3.457811192251043941e+00
2.513289882718800605e+00
3.458277848137149668e+00
2.532642748356183304e+00
3.471103939848048103e+00
4.468508633670766450e+00
3.468854964327093615e+00
3.471588291561300110e+00
3.505337724373847497e+00
3.498381839252924674e+00
3.456241728932810009e+00
3.456902260708431651e+00
3.417288565727615079e+00
3.482373090687539197e+00
2.443768544197385317e+00
3.428262542551974157e+00
2.466630782275056610e+00
