3.469904145120809247e+00
3.390895196106523013e+00
3.470221863544625585e+00
2.505452417748482041e+00
2.501135933505164832e+00
2.463842346813638784e+00
3.510777102658514170e+00
4.504096017155000631e+00
3.506137293330667593e+00
3.463709343808500929e+00
2.487957982011747227e+00
3.469386989142223765e+00
3.453896295147571127e+00
2.494209702286834585e+00
3.456095361121132470e+00
2.482155683572607074e+00
5.483613107885267901e+00
3.483381373567856265e+00
2.505786174145258727e+00
3.499323928134932427e+00
3.484077802088408671e+00
2.497960830954651268e+00
4.398044216275676987e+00
2.449640614303714603e+00
3.463135615268640333e+00
3.464028995791059273e+00
3.453538491058266491e+00
2.401159115797562027e+00
2.500175181683600645e+00
2.469138626273608583e+00
3.519827301954026488e+00
3.468688625124904501e+00
3.435259139424550412e+00
3.460574740661949811e+00
4.409978094534144688e+00
4.508651588873935800e+00
2.523096121767824940e+00
3.454306232156969525e+00
3.541343441541630277e+00
3.459124750935752779e+00
4.499713279249844433e+00
3.524784002738393873e+00
2.497238520166741083e+00
3.461897467546775964e+00
4.500113712265276789e+00
3.507653379908946434e+00
3.429746325234262372e+00
2.498088193553686054e+00
4.464450273115804890e+00
2.485415375902576773e+00
3.519829754306571523e+00
3.458378820009140764e+00
2.484711369150531812e+00
3.465030467424328631e+00
3.429968294768487969e+00
3.471498466607188860e+00
3.453715688175351683e+00
3.470662056333876588e+00
2.494377208505110577e+00
3.468731811489600858e+00
2.480144315750990369e+00
2.502369300939350172e+00
2.462455325784005833e+00
3.412753820584475850e+00
3.500418212736894574e+00
3.504122755323500815e+00
2.468567450057259194e+00
2.428746643027670959e+00
2.492451892322853801e+00
2.401698948033380354e+00
2.507497574869141488e+00
3.497236704200104018e+00
2.454625633944635066e+00
3.417084319784247981e+00
3.497262703839817632e+00
2.562183734634939647e+00
3.575903674623801543e+00
2.502693408178547241e+00
3.414457604589732576e+00
2.516462901091798265e+00
2.469256926213943881e+00
4.461960626562139431e+00
3.418022836332551329e+00
3.479639304607001993e+00
3.486233594624269738e+00
2.572045468875206353e+00
4.498859625650847960e+00
2.399587710137760066e+00
2.483394647115623854e+00
3.515804528839859167e+00
3.482813951474287961e+00
2.497607978857925737e+00
2.450994055661627868e+00
2.466983077216632569e+00
2.449794872263565182e+00
5.422844097581560163e+00
4.519570959637974283e+00
3.518865512121746697e+00
3.460743317705710531e+00
4.480515638256552080e+00
