2.473297158059066803e+00
3.498684693199159312e+00
2.509810616240926162e+00
3.437854528210816607e+00
3.447675608839242400e+00
3.465259021610329615e+00
3.455433992128200682e+00
3.511124074576061460e+00
2.512843636551088444e+00
3.465776392029047859e+00
2.496724920660381652e+00
3.524377137903518253e+00
3.513091359044462791e+00
2.524019430350854964e+00
4.415904019198623409e+00
3.490674015268920183e+00
2.461907850398487252e+00
2.472171180918935729e+00
2.494045547635422189e+00
3.397571698044921096e+00
3.456066925492332409e+00
3.515442446495996798e+00
2.467564936187726321e+00
3.512384708859359161e+00
3.502667125720289487e+00
3.503663451621198632e+00
3.443605192052991981e+00
2.496995267253458550e+00
2.446169423125884368e+00
3.562894794255814013e+00
2.496740071255953985e+00
2.488245185052467612e+00
2.440001502497488595e+00
2.494409908955657507e+00
2.519200521628415235e+00
2.491020181683188728e+00
2.493619384728528843e+00
2.454273981829886431e+00
2.467173587009696689e+00
4.384423469628676351e+00
3.451386131524899259e+00
2.549161508887476835e+00
2.477448541867365961e+00
2.458952053504772639e+00
3.489141772650474760e+00
2.480678488956466143e+00
3.388430268202208051e+00
2.486659556360949708e+00
3.440377808021832795e+00
2.453950063380970548e+00
3.500944624302900543e+00
2.433766863713660467e+00
3.482502141230678916e+00
2.476378345848798901e+00
2.464163139771338162e+00
3.397364719088187712e+00
3.500816438140672116e+00
2.511128516132205668e+00
2.461379539123541349e+00
2.469175525207596866e+00
3.483893715362968102e+00
3.467750508158282230e+00
3.559320710881349825e+00
2.443665886392528463e+00
3.452992798671801644e+00
3.381295084123365324e+00
2.452298487158572904e+00
3.496521044515940257e+00
2.445117797319560360e+00
3.471722167308487261e+00
2.513435780587267576e+00
2.453942256194932447e+00
2.461108272074840730e+00
3.531690740146341323e+00
3.456913298325145600e+00
3.450548664960572331e+00
3.494397203010545905e+00
3.450511106530281591e+00
2.533556469126820865e+00
2.448368692773502886e+00
2.466207506958838724e+00
3.429790917298494168e+00
3.488232690212306863e+00
3.495959409107825433e+00
2.458392999583944416e+00
2.453893598538138487e+00
5.492752650222826105e+00
3.455576020176538421e+00
3.486577308956679833e+00
3.454028544942264745e+00
3.477575609947395563e+00
2.497564889735456095e+00
3.502420931144100358e+00
2.423649622579206575e+00
3.442863383213147443e+00
3.475382538731823345e+00
3.433460025328106902e+00
3.486911836660828268e+00
2.534021931678104966e+00
3.507614403513169776e+00
