3.450063586224933143e+00
3.466717968186272980e+00
2.514891253451940756e+00
3.490519776100340810e+00
3.449514172919700528e+00
4.315176109313131114e+00
3.456862888528546396e+00
3.457354200343448092e+00
2.510562827077615911e+00
2.516209651398488845e+00
2.474253896795287400e+00
3.489742192375954399e+00
3.495776061535575963e+00
3.483419750431186124e+00
3.467650890028910471e+00
2.462325143375011738e+00
3.470976011084557999e+00
2.527071160905520752e+00
2.467227192506766809e+00
2.505717766175592942e+00
2.452737206486403920e+00
2.489441743338212554e+00
3.526409150311700547e+00
2.454419647368335955e+00
2.475117084847411331e+00
2.503028552957797359e+00
3.471977632163103955e+00
3.467586831092849042e+00
2.487343929420645861e+00
2.486452064037452558e+00
2.477800708964420284e+00
3.437342425172706939e+00
3.271943051448265027e+00
5.415151403655944939e+00
2.427095645775851018e+00
2.496561540661538459e+00
2.512893583038902978e+00
3.425626057793087487e+00
2.526023571934258971e+00
2.504480306034784665e+00
3.481982662879808732e+00
2.534623763433846211e+00
2.450756956225632610e+00
2.468567148360989005e+00
3.466412435361286626e+00
3.477108148429540080e+00
3.460611687844942441e+00
3.462901645390894512e+00
2.489399987857404017e+00
3.495031938592770615e+00
4.547979480767576632e+00
3.487317758769454379e+00
3.438348606527036999e+00
2.486757314896221871e+00
3.471266082349707460e+00
3.489520060546359215e+00
3.495210557826563758e+00
2.572064931420105172e+00
2.546185961325921010e+00
2.469890902908207231e+00
4.418857098167610076e+00
2.504075254803917350e+00
3.461443038769533853e+00
2.437091768840514039e+00
2.472185318090783568e+00
3.536653274218417575e+00
3.447271269557893980e+00
3.466635549290675744e+00
2.501939866046874350e+00
2.466583592781064205e+00
3.441617528147413729e+00
3.461713501755656175e+00
2.502347970957525369e+00
4.513195106408439905e+00
4.401141918950806087e+00
3.440718413187149327e+00
2.436309705528743486e+00
2.448600166667666667e+00
2.443040955296471139e+00
2.448401722242828704e+00
2.502726621478631230e+00
2.510713826972463369e+00
2.482175393616631975e+00
2.527735951227057853e+00
2.496628710690023567e+00
3.491493937871455788e+00
2.473809157985593199e+00
2.521606444416599313e+00
2.534632586252761666e+00
2.501080058393945649e+00
2.498297039748326842e+00
2.475018279877221783e+00
3.496793844116896643e+00
2.460138236116093502e+00
2.482593731738124365e+00
3.551528542446891645e+00
3.449663454225614601e+00
2.506310274413408479e+00
2.487248021690590338e+00
4.447427459397119698e+00
