4.248791665050490884e+00
2.457114988014915902e+00
2.407917184331541893e+00
3.475189475591565103e+00
3.473017013104223505e+00
3.464867895045113944e+00
2.480497119810427531e+00
3.448941094295544740e+00
3.446362492393152621e+00
2.449560052715016756e+00
3.524862054769655639e+00
3.492324622683944391e+00
2.521638889103030134e+00
2.445051568506960038e+00
2.504810075666497937e+00
2.486534748863335142e+00
2.538873009747721898e+00
4.394000799758035036e+00
3.497844977034985536e+00
2.529231419524003766e+00
3.507148031578014358e+00
3.432216572177979153e+00
3.484099252687775650e+00
2.481121425269058989e+00
3.461891528777441440e+00
2.458382540163368546e+00
3.432170074159108797e+00
2.471014143211951897e+00
3.477624404089017407e+00
3.460428881939665580e+00
3.427810075561923409e+00
3.398397968163800353e+00
2.435791081649791856e+00
3.518966605761437716e+00
2.519405152804006232e+00
3.483341719278202575e+00
2.501967721468516093e+00
2.454281247295545754e+00
2.483789562689042718e+00
3.488926897359744039e+00
3.529213324279993458e+00
2.489855242280865077e+00
2.510590555294903048e+00
2.499280822209706265e+00
3.509038124923598900e+00
3.474242835658230888e+00
3.435309856957661445e+00
3.467682695500309276e+00
2.520225025358014292e+00
3.512965891150438669e+00
3.500952574026143793e+00
3.412457646278613588e+00
3.393114019725891328e+00
3.451300227952932342e+00
3.483076022641550473e+00
3.553363949945774980e+00
3.433640633687182309e+00
3.500158144630272972e+00
3.473302300783012164e+00
2.514712606095721892e+00
2.466610914101421859e+00
2.455040353201057624e+00
2.441915379812121589e+00
3.459650990710495755e+00
3.491987691665920046e+00
3.466338624130044455e+00
3.519545467941163963e+00
2.455286866400355095e+00
3.443805653551022861e+00
2.493016510418914145e+00
3.386990461330024793e+00
3.464661114246679663e+00
3.501595000381359846e+00
2.424121630281393269e+00
3.522785064948389167e+00
4.219860395774518658e+00
3.497931872390709795e+00
2.480050292924809607e+00
3.519106600257141615e+00
2.538566647768157214e+00
2.493443425655635259e+00
2.427261692083824141e+00
2.503085437398035573e+00
2.452362734791052379e+00
3.542475339884004537e+00
3.492206384937973862e+00
3.464076565791114337e+00
3.478296952057133851e+00
2.423169379085194475e+00
3.449069736535997688e+00
3.472283277016756209e+00
3.465441318870270848e+00
3.515502814530925058e+00
2.532393184127453623e+00
2.462282532518159428e+00
3.441599104364003292e+00
4.303246151601182845e+00
2.448340128446311770e+00
3.399092154831656831e+00
4.431212068461458209e+00
