4.471712713988765131e+00
3.470664463979650005e+00
2.493530228027740492e+00
3.512833420616203295e+00
3.481262031165640813e+00
3.487405592148702826e+00
3.467705339537240583e+00
2.488326559466907728e+00
3.522383757438166008e+00
2.470060476325876220e+00
2.488336628658527339e+00
2.421783544349255468e+00
2.512176156066005195e+00
3.493025069082900558e+00
2.471952982148252431e+00
2.483468182516848533e+00
3.425293450492268299e+00
3.464603358813163059e+00
2.456902818115520137e+00
2.479381013646110965e+00
4.321423445412318820e+00
3.512145246989351488e+00
2.434050269251814225e+00
2.500763893897779866e+00
2.458532360045089238e+00
3.481980176130545335e+00
2.485587254993020245e+00
3.440296298178246559e+00
3.525631474605008364e+00
3.410053205035207480e+00
2.544169839951423207e+00
2.439277967488181265e+00
4.400951192804161138e+00
3.502104703332775237e+00
3.467012530643608592e+00
2.457871132200409203e+00
2.466649847385217420e+00
2.473828077739292919e+00
2.544514351477503489e+00
2.501966860808959581e+00
2.470362026687439094e+00
3.507074775085933016e+00
3.442106145736568923e+00
3.410986298263046113e+00
2.464424375801644640e+00
3.400542628477630114e+00
2.509381025098383677e+00
2.433836466243236352e+00
2.487791621001759879e+00
3.413328162010466293e+00
3.443110174288366299e+00
2.435757264794579324e+00
2.481466792447388325e+00
2.485367275029473522e+00
2.533042088757053278e+00
2.475251169604903545e+00
3.495178236695437590e+00
2.511334299608249498e+00
3.437921624772461549e+00
2.479949667868153185e+00
2.440838153131609456e+00
2.501674507303669692e+00
3.515110466896361086e+00
3.471856508862249946e+00
3.514222598066361503e+00
2.504688314317483400e+00
3.483019263641881302e+00
3.520261594048539777e+00
4.432368520665224132e+00
2.421986409292343545e+00
3.448444422683758059e+00
3.451882962028579804e+00
2.433042268423368348e+00
3.466736277755811724e+00
3.487155889143128906e+00
3.532427271047085426e+00
3.469849260489858978e+00
2.465373737852859737e+00
2.550548834151794342e+00
2.483409740639595853e+00
2.488112815269056810e+00
2.463542278097288651e+00
2.513066419738930524e+00
3.450735362114300209e+00
3.455768331106276126e+00
2.439261021444803390e+00
2.440538585961542495e+00
2.645682243191306515e+00
3.466255543388361282e+00
3.473380211337460111e+00
2.482505490691444994e+00
2.513809772184340652e+00
2.445027763764716422e+00
3.490275894933880796e+00
3.484248869553215666e+00
3.418814701781685450e+00
2.497031437990666181e+00
3.500130614309482358e+00
2.442056166743702406e+00
2.451790108349821917e+00
