3.426866395815904021e+00
3.450214487123487217e+00
5.315495224459386492e+00
4.305657800259393042e+00
3.469845159415323899e+00
2.486738561144707482e+00
2.485099148467818875e+00
4.292739056086781524e+00
2.489156390640443917e+00
2.486307626946508975e+00
2.524183357773910341e+00
3.496414266233489165e+00
3.530136148994734491e+00
2.494340719317920563e+00
2.447886263131604512e+00
2.529445680804526031e+00
2.466504981574599853e+00
2.482335424978651783e+00
2.474833383668438636e+00
3.504654994376161348e+00
3.538987486008332795e+00
3.479545445295981754e+00
2.499484011498553482e+00
3.449353685369931810e+00
3.436284557329863265e+00
2.452411791839474997e+00
3.467632172936385704e+00
3.424217612495992658e+00
2.460168381900736723e+00
3.469627858295076805e+00
2.470317729398364026e+00
3.480162536263900375e+00
4.448089343172194177e+00
3.483794141681637146e+00
2.449146706648597682e+00
2.454737501426267787e+00
3.471784184626641956e+00
3.503503352269109250e+00
3.446219312478831398e+00
2.432145727745764763e+00
3.332421386066636515e+00
3.465248012719150505e+00
2.491063713371537425e+00
4.459252113177573307e+00
2.494478909097565644e+00
3.499384823958862079e+00
2.495341944030092574e+00
3.425335380377918515e+00
2.459169674146130191e+00
3.525493867296536799e+00
2.499851472531044116e+00
3.433226227877051340e+00
3.501012126297984750e+00
2.509895818121127942e+00
2.483704100415264460e+00
3.438180509052522815e+00
3.418392950213733350e+00
2.420519658526759876e+00
2.487466882486113473e+00
3.455387082992787295e+00
3.444206002998014160e+00
3.462386573109713428e+00
2.500188914079881197e+00
2.452557868584183787e+00
3.533503991108322584e+00
3.422267382602667052e+00
4.445941022450910829e+00
3.475806741986566806e+00
3.543834777164533545e+00
3.479337395360220686e+00
2.505091630671830938e+00
3.471665675429366438e+00
4.231401769983542671e+00
3.436221296507727452e+00
2.421618812064419757e+00
2.514154787749251607e+00
3.483256718100144145e+00
3.534578806131543960e+00
2.484381034166702751e+00
3.516085024233688738e+00
3.457717153008654787e+00
2.462099370195157455e+00
4.452381668292908046e+00
4.523420894746418064e+00
2.495664465821021416e+00
3.425180975822222695e+00
2.417162596334933244e+00
2.529610018230861179e+00
2.469159397341530227e+00
2.466508922826673889e+00
3.439997814236073204e+00
2.543990122590654490e+00
3.444623666652251170e+00
4.413386011268531028e+00
3.489753138540155231e+00
3.553479847322025265e+00
5.376232865736918498e+00
3.483620324461482287e+00
3.447064941563317664e+00
3.481710566544703678e+00
