3.470252117417661708e+00
3.479146493197402101e+00
2.445207807851315973e+00
3.427242648045981888e+00
3.501020287148626231e+00
3.433873170337361280e+00
3.420297367925793086e+00
3.426960553531672726e+00
2.520845999729581344e+00
2.457215603363576584e+00
2.506863511847927217e+00
3.419148897919917385e+00
3.434392404562679690e+00
3.464362674638341577e+00
3.485211734304399567e+00
2.471537769562723419e+00
3.493606924118762613e+00
2.466135348792201309e+00
3.489322425237864511e+00
3.484132265960102171e+00
2.503906768537232264e+00
3.466782128660575779e+00
3.415637071040431572e+00
2.518620395005241708e+00
3.453098752322341536e+00
3.458537433057250254e+00
4.514930075188263281e+00
2.497884262429099334e+00
2.521897712231298438e+00
2.503901047568199090e+00
2.428451910827463145e+00
3.404956799026087388e+00
3.480974059483739946e+00
2.432841292183400839e+00
3.516717527758105089e+00
2.516330071849821159e+00
3.515427610246652623e+00
3.449030313131673964e+00
2.448770698474575180e+00
2.474251659172463924e+00
3.502172372339647843e+00
2.474099572504339761e+00
3.470987038919247869e+00
2.484292174956411969e+00
2.468190741474541205e+00
3.458206987976964797e+00
3.467323024421799182e+00
3.493134383538027521e+00
2.454728223683085186e+00
3.422742714930150143e+00
3.520702710675985614e+00
2.483970603587649872e+00
3.425699546679582319e+00
3.477444952151602653e+00
2.494592054953586935e+00
3.557086278333112972e+00
3.528561240144600486e+00
2.542781162241747772e+00
3.464121386451733287e+00
3.428775984597401738e+00
3.440465983887764256e+00
2.455194257057309315e+00
2.426007539730105744e+00
2.504171779149639399e+00
2.459256140852737804e+00
2.433027048175173235e+00
2.468361172817637339e+00
2.455648218502583191e+00
3.446389026551199830e+00
3.423161010577736363e+00
3.462111548551181084e+00
4.122244809919961561e+00
3.444527156386749223e+00
3.450368023976447596e+00
2.480844419582572069e+00
3.504395708555385625e+00
2.522217501107298698e+00
2.480667156014707331e+00
2.483414665092058993e+00
2.462554843886105793e+00
3.459994609308525870e+00
3.503596352336685982e+00
2.510675679379868352e+00
3.461157867836477386e+00
3.376141492092053831e+00
2.499706288094057705e+00
3.522354634756767133e+00
2.474339258992363622e+00
3.492067316858928017e+00
3.502368349174275419e+00
3.431203356682067884e+00
3.480466006263573941e+00
3.477985331826709103e+00
2.510618335711366722e+00
3.467304970405773457e+00
2.471152224585588364e+00
2.458529472775970337e+00
2.490968573213624637e+00
2.490379614176168044e+00
3.289647081872709933e+00
