3.431080215906935127e+00
2.490025511628767507e+00
2.476533442960820786e+00
2.526041811002411208e+00
3.466926019591699770e+00
3.495634672996052572e+00
4.205105744917847055e+00
2.445487374592333563e+00
3.446076864450754673e+00
2.463086257267286694e+00
2.539944229982928459e+00
2.489805018086971078e+00
3.435783907169118745e+00
3.435877558238721097e+00
2.465587561764814861e+00
3.449704909398649377e+00
3.500168934601967319e+00
2.495259164983619993e+00
3.436200615094785693e+00
2.510098581095237869e+00
2.459246309620326087e+00
2.500730079133577366e+00
3.489242791085795936e+00
2.431570278487895642e+00
2.472898060586561808e+00
3.411301082105137716e+00
3.562637533235744058e+00
3.430873851608627234e+00
2.434871321242025211e+00
3.454575729869595602e+00
3.449548453855767693e+00
2.561427149342284437e+00
2.473215065871900986e+00
3.521813511025964960e+00
4.515010716558424342e+00
3.455310880723590827e+00
3.525270095878706655e+00
2.542212459904053645e+00
3.507852780204109067e+00
2.486598372477035301e+00
3.506522927060000683e+00
2.525792556104935915e+00
3.323425923540833882e+00
3.473419818625713251e+00
2.432604665104215247e+00
2.418072674321904092e+00
3.448750755820225056e+00
2.498709610834920714e+00
2.494674810196010561e+00
2.452488463993947043e+00
4.310828355134609602e+00
2.508586881756928566e+00
2.473867232534510574e+00
2.459346504636231501e+00
2.439604526859032507e+00
4.478527860737430366e+00
2.492427073478283184e+00
3.471697720769827633e+00
3.500369912499883274e+00
3.477928194826661823e+00
3.481130094181486001e+00
2.494277819616124603e+00
3.479638625689711606e+00
3.462428391173651754e+00
2.477808894154438502e+00
3.411979371989865228e+00
3.535307104913702148e+00
2.523609645327547835e+00
3.421557484681291506e+00
2.433071069509153528e+00
2.457469912251134758e+00
3.512487670755281233e+00
3.490003559273957556e+00
3.475452504563541378e+00
2.489472571386013300e+00
3.452897057755510257e+00
3.522937669053669119e+00
3.445228618062943671e+00
2.465187355560780613e+00
3.483497843722270115e+00
3.437819040290794437e+00
2.477022532163148494e+00
3.483189753339778427e+00
2.490425557449499117e+00
2.508656098532061840e+00
4.473492312944174820e+00
4.356328243906020248e+00
3.417818516032426146e+00
3.528728130278215414e+00
3.459944202228205867e+00
3.439685987121070099e+00
2.486864929786808620e+00
3.440642538884523649e+00
2.525938077833175033e+00
3.500992609596129235e+00
2.482556922221176521e+00
2.509623845261724107e+00
2.470177115793342093e+00
2.458104073833776937e+00
3.437770261290809870e+00
