3.409366861194405462e+00
4.474450775514626777e+00
2.459684888711153761e+00
2.489775780643334269e+00
3.489161116406100493e+00
4.495562583847146243e+00
4.330761132526230739e+00
2.448902835719426907e+00
2.438230229905503865e+00
2.477344680130327603e+00
3.473372353272127899e+00
3.406245490530727782e+00
3.430376305359427391e+00
2.479466671257485544e+00
2.485354032678428915e+00
3.458270651110656679e+00
2.549883224704084572e+00
3.456215047663706130e+00
2.525672842874622237e+00
2.525938830108211075e+00
3.357330303637155122e+00
3.467498024661078038e+00
3.464776181335650129e+00
2.488763978195197346e+00
3.449210805372462829e+00
3.424482908648846635e+00
3.414844932846868630e+00
3.483222278225731827e+00
2.467453803319025418e+00
2.555018396878773412e+00
3.508611590531133029e+00
3.486006671328129691e+00
2.429299555604582217e+00
3.481102951830536529e+00
2.454986185701462098e+00
4.348923414025150258e+00
3.502093969672053220e+00
2.505332114959271106e+00
3.503308616338723702e+00
3.407270472871302136e+00
3.315044209002697251e+00
3.424458532899577357e+00
4.398296859442289097e+00
2.512484842263685181e+00
2.478537084227399045e+00
3.483587783883046463e+00
2.518388418350213875e+00
2.450896568173765555e+00
3.454818640436757793e+00
3.531762019620036330e+00
3.412942141368012550e+00
2.445421776543680092e+00
4.365488913575853225e+00
2.504404916448128571e+00
3.438786447371839028e+00
2.528825925263300523e+00
2.500780318718987427e+00
3.499730343905853136e+00
3.496757325137207051e+00
2.454251062797554006e+00
2.479769785213195021e+00
3.476216409386879924e+00
2.448210533494207475e+00
3.491868338021913765e+00
2.527534571601853131e+00
2.561142332648202569e+00
3.449089451521411220e+00
3.489862779683476024e+00
2.495303356521001437e+00
2.505080594876187838e+00
2.433241788409658657e+00
2.485865361960909237e+00
3.457503196127052814e+00
5.176009810751381224e+00
2.481415206034724985e+00
2.435645139147569971e+00
2.481663624920065647e+00
3.480370558240408307e+00
4.190716132442049435e+00
3.439039795932762544e+00
4.368888107146203126e+00
3.340471362270981626e+00
3.484639514132413574e+00
3.480465804959977927e+00
2.454752904781504430e+00
3.497373446141033071e+00
3.440795395958398561e+00
2.458156222128525581e+00
2.444717254919471117e+00
2.504548273973889572e+00
3.518683118719095226e+00
2.445914613197428533e+00
2.455849004927403989e+00
2.543301127769067360e+00
3.488777355991209639e+00
2.449059025036962378e+00
3.502853472823167724e+00
2.522464058505990980e+00
3.497345084133281379e+00
3.445460424436516789e+00
