3.469462176590976110e+00
2.500429347499388832e+00
2.453942615827449991e+00
3.488936786361506837e+00
2.467960403596708208e+00
5.152693491935835368e+00
2.477186077613620085e+00
4.459202823496212886e+00
2.515957326658474269e+00
2.469437957458898492e+00
2.512101790757786723e+00
2.482825987913540811e+00
3.521356639243049980e+00
3.434866144286655487e+00
2.502359374176237328e+00
2.492826816636275034e+00
3.467584074398676108e+00
2.430927892526760559e+00
3.468462603330523919e+00
3.448296691522762192e+00
2.500905479405713727e+00
3.544417355359847033e+00
3.485907896819353535e+00
2.492649079465300233e+00
2.516132690491862611e+00
2.473451270264619417e+00
2.526689680780624503e+00
3.425346490777153363e+00
2.483943873968185390e+00
2.500788398655215961e+00
3.467117473016950502e+00
3.427098094237193138e+00
2.446087709099764584e+00
5.213999645071275779e+00
4.262615830991474120e+00
4.412777509239091955e+00
3.454013817433320366e+00
4.237341266286858144e+00
3.499437670472798079e+00
4.457048862839957160e+00
2.477609171272760591e+00
2.459916732861886057e+00
3.490059458814331439e+00
2.534442460380255557e+00
3.443646005424471301e+00
3.461516750737496650e+00
3.477695276593878670e+00
2.472391437649768431e+00
2.503320055587967108e+00
2.544050393760615147e+00
3.414910708299913722e+00
2.443922687074847389e+00
3.458572381955194786e+00
3.427720142895827049e+00
2.438419007159318586e+00
3.509410709465369926e+00
3.518777095047975312e+00
2.393219401829288273e+00
2.446437845866878735e+00
2.475047492612034272e+00
3.467076077954189373e+00
3.507166192196979004e+00
3.512917993556864182e+00
2.463152961014428932e+00
3.428892016433114698e+00
3.450306589738374008e+00
3.400989924807021669e+00
2.528799111701230284e+00
2.255181394538489315e+00
3.471048043872521749e+00
3.457248436107124956e+00
3.453310204571526487e+00
2.474918698301654896e+00
3.475867660273404436e+00
3.535447021065335704e+00
2.465161480881029821e+00
2.448489499506198985e+00
3.460642244072708706e+00
2.486380395988929681e+00
3.493259631709710877e+00
2.414597461924134603e+00
4.501247512002577444e+00
2.488794042483719160e+00
3.500350036367898987e+00
2.473259969807201308e+00
2.467047291953821109e+00
2.477722613477835178e+00
3.406066218097220766e+00
2.421019845913294777e+00
2.518089136826204388e+00
3.394209910592159041e+00
2.457960055002371469e+00
3.458534892693948315e+00
2.477810709068009487e+00
4.405111742113176021e+00
3.478805539948516490e+00
3.477726987180604468e+00
3.447169785945379150e+00
3.441074359706473018e+00
3.475937636273488174e+00
