3.564641827671385155e+00
3.431261129936226340e+00
3.339481854236780567e+00
3.477802162134968178e+00
3.488674249833762619e+00
2.446968473738185601e+00
3.445961951382796151e+00
4.234084669493145547e+00
3.487083543347940573e+00
3.433054811232595149e+00
3.492818050290992016e+00
3.429271171491673265e+00
3.454662449755736997e+00
3.539642843578832743e+00
3.447830373641900259e+00
3.343165213783274137e+00
3.474423397564861293e+00
3.457678235868725025e+00
3.518758366616739686e+00
3.467116229825159657e+00
2.477216762115908910e+00
3.507028382886368867e+00
2.416061803205370673e+00
3.451747763235755162e+00
2.512924166380811730e+00
2.497529355196370648e+00
3.456290444675097273e+00
2.538753932850922546e+00
2.528735983000601095e+00
4.467002002538027483e+00
3.327898709410024747e+00
3.973352842310858168e+00
3.456924084312766876e+00
2.439753879838586936e+00
2.585408774294687184e+00
2.473243468131199663e+00
3.319117231329145046e+00
3.321404787163459549e+00
3.463613799837862661e+00
2.468792574189734523e+00
2.458718932221096498e+00
2.424649692994350847e+00
3.458095884640090212e+00
3.496895843096113232e+00
3.483355249698911749e+00
3.388830112984517751e+00
4.266233089262044587e+00
2.465638139034449505e+00
2.459372181333587815e+00
2.490305380816856928e+00
3.415987528172867549e+00
3.496525990717338495e+00
2.530917214625284739e+00
2.510686294716620193e+00
3.317149363598826284e+00
4.196558916788614368e+00
2.446127628835510937e+00
3.431033437990935298e+00
2.521366147754400711e+00
2.437005540604309406e+00
5.068817044556575446e+00
2.461919283843673423e+00
3.491684528880129257e+00
2.483839554540034023e+00
3.475251079115869501e+00
2.468066227600887341e+00
3.484852597330592605e+00
3.437735546424529165e+00
3.446077584619794187e+00
3.451501450242809632e+00
2.505565840298073166e+00
3.411892073755733445e+00
3.489604317698015379e+00
4.013157624769862153e+00
5.252033009921051487e+00
2.461242718990673595e+00
2.508511388782661111e+00
3.446566939437003541e+00
3.425963177844577157e+00
2.456148135503170682e+00
4.147968060740720553e+00
3.520154068172273831e+00
3.513844303310474704e+00
2.479653182924430155e+00
3.469568924679029109e+00
2.457367322202886228e+00
2.512795252224742093e+00
3.268025874165717770e+00
3.433076079679168835e+00
3.301252786402526951e+00
3.262699919528564863e+00
3.505787407494326935e+00
2.475908058824378699e+00
3.485687477071258034e+00
3.473526353448919579e+00
2.489456181844962757e+00
2.454165972061909340e+00
3.518715443634589768e+00
2.452146042491036848e+00
2.442952941096829811e+00
