2.497467738474483223e+00
3.332969007049392030e+00
3.468071732865769086e+00
3.455361263995738952e+00
3.235809284545903886e+00
2.454076147910857042e+00
2.526192803364717854e+00
2.514541906580106012e+00
3.461665562958363473e+00
4.799786970983127787e+00
3.299442082326002890e+00
3.247426681885311694e+00
2.416743935677675648e+00
3.464223394659772914e+00
3.408380543465936441e+00
3.477540598050998799e+00
3.453819915154323184e+00
3.499279651161729010e+00
3.219705527843776505e+00
3.513888244595503529e+00
3.505573376518255291e+00
2.437159925090532475e+00
3.453695836284635501e+00
4.181740934114301922e+00
2.546725787436365795e+00
2.496839821766017931e+00
2.457668014210492302e+00
4.252059546627200426e+00
3.430868879624048962e+00
3.361961800559142954e+00
2.469448529814603166e+00
3.474290852136858732e+00
2.554119071054713253e+00
2.447731507083442892e+00
2.472986738519514116e+00
3.351068138021843001e+00
2.470027684905438115e+00
3.306723776913836677e+00
2.508660006662794650e+00
3.533416945462873215e+00
3.377332067402966320e+00
3.434900602621889121e+00
3.480717362534573756e+00
3.482112583810569983e+00
2.488751248684094364e+00
3.502923126046110447e+00
3.483346100777854559e+00
3.469250341604574572e+00
2.482398499777310086e+00
4.216694225130879659e+00
2.453913930075200422e+00
3.471251332656728916e+00
2.549563086540619583e+00
2.519987576402429319e+00
3.473172968101660096e+00
3.480069772885288959e+00
3.402391136578868380e+00
2.480881151743798974e+00
2.475033391020991402e+00
3.524995661635884403e+00
2.475204677117600838e+00
3.448319147030877385e+00
3.488016701153667576e+00
4.199605563992069968e+00
2.506808071710834085e+00
2.459208389885351398e+00
3.446471529343136275e+00
3.297981161546702289e+00
2.514784259881135409e+00
3.433382252130830370e+00
3.553846669930639912e+00
2.524620452412090099e+00
2.426886817408770547e+00
3.414515338161068669e+00
2.470503060682923024e+00
2.448073584855471552e+00
3.403740344063446166e+00
3.431984174308776225e+00
3.449841317073212288e+00
3.333583606438359936e+00
2.443691383085981883e+00
2.498690585427836286e+00
2.495136661397657551e+00
3.479497374844067625e+00
3.462655707809568995e+00
2.540846468608709774e+00
3.285765252548807691e+00
3.955196320663109777e+00
2.460755523372464726e+00
2.454254698273422353e+00
2.447338770931982488e+00
2.465088836381093440e+00
3.527239244440637744e+00
2.498365678673429180e+00
3.397131175344557441e+00
3.473058339042655707e+00
2.459238999027733463e+00
3.458642771226807966e+00
3.285484499991623064e+00
3.531050305789546595e+00
