2.491633959066410497e+00
3.494620039868894690e+00
2.415178840954995021e+00
2.467672320112924478e+00
2.525709259781316884e+00
2.479676018795895054e+00
3.269178975052085434e+00
2.498425858166161362e+00
3.396263670243833133e+00
2.527355425179425463e+00
3.544171613923138064e+00
2.490799492058354048e+00
3.259673131606075636e+00
3.353362936030371610e+00
2.480731384629150771e+00
2.560546872478734581e+00
3.344378476695172964e+00
3.428981308779839754e+00
3.301587148995567045e+00
2.485713380276262541e+00
2.499483121447576117e+00
2.550343403368828810e+00
2.432307024571041421e+00
2.463363422010433013e+00
2.559919073186275540e+00
2.515250293624306188e+00
3.370651670148937296e+00
2.455876800501479273e+00
3.507008928725225072e+00
2.549525453046485701e+00
2.476642515522597066e+00
2.502794994528241723e+00
3.440421502281372224e+00
3.321545370720668799e+00
2.461725185614449529e+00
2.486278891014276127e+00
3.452978243527343061e+00
3.467630756689990879e+00
3.371743338241247834e+00
3.428672090086377189e+00
2.495331903509423910e+00
2.414680325731950461e+00
2.480567100748526155e+00
3.410017883603306377e+00
3.435117031211106564e+00
2.475783409940849555e+00
3.288002297385778760e+00
2.516906315280511564e+00
2.509835211406894029e+00
3.574417837437243506e+00
2.488989931921272714e+00
3.524737336946176747e+00
3.449957713540862780e+00
2.493052098481685075e+00
3.500221893308820498e+00
2.441056801422091915e+00
2.468070260681646921e+00
3.397209574952306355e+00
2.486199345984857700e+00
3.498801498997881954e+00
3.374447494161891825e+00
2.429379544016872838e+00
2.534700475694338984e+00
3.448778804201353854e+00
2.479401298905416162e+00
4.174901179602056978e+00
3.499287510908232424e+00
3.420479788485639716e+00
2.467213174380665119e+00
2.499331721359835612e+00
2.489026157674731454e+00
4.209003898498848706e+00
3.476301411767912519e+00
4.268437113907539882e+00
4.136773501718835178e+00
2.500338382488217270e+00
2.552545519189067136e+00
3.446549383528119126e+00
3.336258814988406929e+00
3.500130022970899812e+00
2.484308726989211014e+00
2.429261501163429759e+00
3.404867897278569977e+00
2.484629961164139367e+00
2.466710461706087543e+00
2.495737833126847605e+00
4.122312597998747385e+00
2.503823028283077345e+00
3.282707680770752035e+00
2.455039802675266003e+00
4.399844545745159152e+00
3.401983671432700529e+00
2.501077551111067443e+00
2.505631723091191088e+00
2.504263697191453808e+00
4.169693024674194781e+00
3.485138643547886605e+00
2.485466791799017638e+00
3.423950108859747932e+00
3.510544790229607859e+00
