2.457677520734641963e+00
2.559551086179140178e+00
3.334166135735716185e+00
5.092630680940493093e+00
3.445846188422224898e+00
3.467475773079286228e+00
2.420968872945746142e+00
4.406168134320225249e+00
3.367884610858689065e+00
2.529323260233159232e+00
3.493188441013301837e+00
3.487813016663152688e+00
2.539351144162231400e+00
2.487758569135720688e+00
3.525327856298749118e+00
2.494824185066951028e+00
2.446924099055809876e+00
3.494786156726498838e+00
2.495990346107479940e+00
3.441227135683754490e+00
2.496500637044379634e+00
2.504846064249350857e+00
3.462926657490067228e+00
2.443460376074315654e+00
3.457115524648656901e+00
2.459288145481025811e+00
2.461376448563914909e+00
2.475875791981961616e+00
2.518022842191720567e+00
3.491871244423896403e+00
3.487640011211247781e+00
2.497293577910251194e+00
3.437173743706838369e+00
3.474133912827654047e+00
4.277912197109214887e+00
2.508662761427397303e+00
2.460208387069924729e+00
3.535147888365256286e+00
2.444649516002232570e+00
3.418586066237666810e+00
3.538368057505075548e+00
3.477160185706603901e+00
3.453636175365304872e+00
3.444811761290858865e+00
3.457711123774465101e+00
3.473589379683842626e+00
3.479985530870298494e+00
3.498711736105124537e+00
3.437759464824115430e+00
4.444819817961209729e+00
3.437674836019514846e+00
3.424299621556270878e+00
3.458125975107432915e+00
3.504498475889744835e+00
3.464484178037465778e+00
2.475580849242138282e+00
3.478662831510250797e+00
2.481154014186604861e+00
3.514134524449445074e+00
3.372591594720307562e+00
2.545610223044145748e+00
2.424622975682738435e+00
2.538863181770167010e+00
3.445697654248244035e+00
3.521326231588064903e+00
3.429671020677016458e+00
2.529664267198056482e+00
2.474877672786056859e+00
4.409442576434667416e+00
4.425572305902610637e+00
3.323459816559088953e+00
3.541134315474616212e+00
4.312460898470691362e+00
2.499939583711101143e+00
3.474358358914953371e+00
2.443090423225000585e+00
2.489556096054672096e+00
2.563969835776868766e+00
2.455062628825211757e+00
3.510103485735464712e+00
2.490251769995367681e+00
2.531668589408437420e+00
3.460377345643955493e+00
2.423038353296371294e+00
3.493671070804120316e+00
2.475614562353951165e+00
3.415924176257556510e+00
2.456446908983151545e+00
3.387833706168374537e+00
3.409415075023622066e+00
2.492093486664344493e+00
3.462617313280141662e+00
3.407306648710196395e+00
3.402853178391971323e+00
2.429225165473012371e+00
2.535051808234399129e+00
2.491029645105454993e+00
2.444863554995427180e+00
2.507223385612248112e+00
3.448151345146652780e+00
