4.228603233885078083e+00
2.523958219143246140e+00
3.369122969709469118e+00
3.506298420586881903e+00
3.534375932664592934e+00
2.469274451963509698e+00
3.446664129774777319e+00
4.342417340802222192e+00
2.545903417681586678e+00
3.488485126694745198e+00
3.416819140725827264e+00
2.440741743503291428e+00
3.516364877333439498e+00
3.378836210425636200e+00
2.464397724217760377e+00
3.425918182873931794e+00
4.235617276741018067e+00
3.461023810999626082e+00
2.403867395413960661e+00
3.416771500718084109e+00
3.469300682396519786e+00
2.955718076224372659e+00
3.511891966929139297e+00
3.459452588735245637e+00
4.261822114077516765e+00
2.515038931994701077e+00
2.503513622790149107e+00
2.510854913707576852e+00
2.414991782213599780e+00
2.483483784438786035e+00
3.465077635406712098e+00
2.429236114337188113e+00
3.460820311317045483e+00
2.482902888674417330e+00
2.471763542871211250e+00
3.373425296651818783e+00
3.461514395077506467e+00
2.450165182335648950e+00
3.477685376561059361e+00
2.558895145518311320e+00
2.460540042765595459e+00
4.266368261635540726e+00
3.274930679097856512e+00
2.456658505095540956e+00
2.489376352203727549e+00
3.502412877736011065e+00
4.331603184896574810e+00
3.489793812543650287e+00
2.510362419710088666e+00
4.145078374636446128e+00
5.935019478194332621e+00
3.426442640274035778e+00
2.483638244932110162e+00
3.427139338213709863e+00
2.475837874398463256e+00
3.476730034865975316e+00
3.476725334073191398e+00
3.433523816127790784e+00
3.435002799156272602e+00
2.449556483674380836e+00
3.428165381353827090e+00
3.487718033407277485e+00
3.407384910554285717e+00
3.425710847102085399e+00
3.444416031908336340e+00
3.412835042292603038e+00
3.433844391987518119e+00
3.441465748914597444e+00
3.409291719494150108e+00
2.485253058379529811e+00
3.440563653962463331e+00
2.439481442186133719e+00
3.575538275140941025e+00
3.475403958138932214e+00
3.432455377503474736e+00
3.420388118412535761e+00
2.465369775292450605e+00
3.430153676099458870e+00
3.451477707750411295e+00
3.439656764258403943e+00
2.431386427851121468e+00
3.361648480474467959e+00
3.471193582854887438e+00
3.477758122695397525e+00
2.426697738227381329e+00
2.445293478870349979e+00
4.494689691462524728e+00
2.499278091715640748e+00
3.432519173011734370e+00
2.488831266468484404e+00
3.423293595353662067e+00
3.495568758788418773e+00
2.473448567147938704e+00
3.446370211279722096e+00
4.245594258367444418e+00
2.520676484659107874e+00
2.429901981042970061e+00
2.517670515348593430e+00
2.507411797190174596e+00
4.231435685589011619e+00
