2.440001789636165874e+00
3.266945732433507388e+00
4.225020311276677099e+00
2.413176987499492832e+00
2.451745217367349738e+00
2.394530751916363442e+00
2.474352331054439524e+00
2.505800198318365091e+00
2.515370644113245291e+00
2.517289777978477971e+00
2.479083824213718312e+00
2.528970682376555867e+00
2.522978790366924073e+00
2.476744275156418595e+00
3.295599856016749207e+00
2.449830165111406721e+00
2.546206174694250812e+00
4.481033437483922022e+00
2.477255764651433267e+00
2.436123801474696648e+00
3.395584704333450166e+00
3.491672292647429732e+00
3.443008390438385469e+00
2.510825955803086984e+00
3.448649308751988496e+00
2.437976766855034949e+00
2.447325340007434402e+00
2.511431694121478486e+00
3.450206144463897395e+00
2.480555160065328391e+00
3.424295419015008335e+00
2.452246577187936261e+00
3.346716120186016497e+00
3.419518325575436890e+00
2.515815769437031335e+00
3.226975798283631569e+00
2.504048795175587649e+00
2.512880455794590073e+00
3.266543505045173212e+00
4.040383791003452352e+00
2.502573605728082295e+00
3.267076444978030292e+00
2.431310340853555019e+00
2.515268944812535601e+00
2.534194713883376249e+00
2.442480455307733944e+00
2.486747042047839695e+00
2.511593093939914922e+00
2.507858168832375334e+00
3.509960435824963199e+00
2.459467881863177219e+00
3.399402358302891614e+00
4.438296555891362516e+00
3.466463948512270132e+00
2.441310611600810532e+00
3.402784173341760532e+00
2.489446389417846017e+00
2.455318380599422312e+00
2.542274430945095087e+00
3.430815893044083520e+00
3.258449694631472493e+00
4.375192898762252369e+00
4.355789330760721612e+00
3.489156799243224416e+00
2.540256084033409412e+00
2.446820086398577843e+00
3.496497237455776563e+00
2.493578388443896898e+00
2.459933891748423473e+00
3.468092143918878101e+00
3.494699469446024498e+00
2.453268625879286180e+00
3.451133442807774898e+00
3.505398232254548052e+00
4.282884826552086466e+00
3.509138152706573255e+00
3.329548566730028192e+00
3.461722962110986401e+00
3.309659584990077619e+00
3.221335581178099705e+00
2.471580254863428028e+00
3.459993133608173732e+00
3.487867033958696794e+00
2.467011816437919336e+00
3.473960989571804436e+00
3.546052938511565333e+00
3.462651686242412818e+00
3.381388833429083807e+00
3.329742707664142820e+00
3.442959745840641350e+00
2.483299929164695996e+00
3.253228935813906819e+00
2.487694415737450981e+00
2.446188542616800188e+00
3.448223763108912543e+00
3.450751654818875025e+00
4.073504016711988029e+00
2.509475986405996562e+00
2.488021167492688868e+00
2.467175424131525130e+00
