3.454153829628563876e+00
3.440600721738519940e+00
2.491716973888351117e+00
2.497860218204863703e+00
3.533584896935738850e+00
2.500689620686881831e+00
2.411612378638347209e+00
3.405884769006315871e+00
3.510015005964776336e+00
2.471702193534589753e+00
3.398266044642116235e+00
2.502174875465377202e+00
3.437225879798047057e+00
4.224712174801292797e+00
2.503913910175389113e+00
3.448049533750369822e+00
2.479414570652907379e+00
2.385819746148560849e+00
2.527255403593109850e+00
2.461297227404798615e+00
2.445155000611398677e+00
2.482927813503534864e+00
3.517509422781536887e+00
2.492820633263660213e+00
3.316398767113946544e+00
3.459654623093991521e+00
3.514920809238487376e+00
2.515300152676464229e+00
3.365950194911604409e+00
2.479014686468891782e+00
2.490482596188020814e+00
2.459678887677595238e+00
3.391700489608767466e+00
3.472678753556859288e+00
2.550420802609842497e+00
2.517579256594989712e+00
2.474824052799412755e+00
3.536815756773479702e+00
2.513677745930742891e+00
2.508808744479837038e+00
3.446100187610330767e+00
3.565686027638869326e+00
2.466278015218717812e+00
3.267864700789644861e+00
3.284724341444672291e+00
2.458919598636423842e+00
3.527968651743660811e+00
2.429366958796619347e+00
3.430743683093855356e+00
2.465190876915799301e+00
2.417140814049156816e+00
2.495609559363157093e+00
3.464236418363062064e+00
3.416450408253865589e+00
3.457374987137405764e+00
2.422572408699255053e+00
3.525028328520031451e+00
2.490309224787119025e+00
2.483835526305521402e+00
2.456470416790647260e+00
2.486227841819347084e+00
3.485880747873552288e+00
2.450226797096033415e+00
3.457337595750598513e+00
2.444913440009817585e+00
2.509315908800472616e+00
3.501132098684706762e+00
3.524123781708440539e+00
4.379756932078575637e+00
2.441483335581888792e+00
3.444933151121355230e+00
2.506482344177206389e+00
3.488726289010738224e+00
3.511447933218240447e+00
2.475791973197343232e+00
2.460015236644747638e+00
3.351417263893452070e+00
3.494678170085008695e+00
3.428284164193150740e+00
3.488944532557856082e+00
3.457442344590210048e+00
3.448090076926209946e+00
3.484288314698868128e+00
3.456456933950381227e+00
2.437855043235032326e+00
2.450700631069329560e+00
3.509888262203506137e+00
3.428730652965490844e+00
3.410875536261426699e+00
2.515290289708157712e+00
3.476113304550575656e+00
2.424498992871556791e+00
3.282471914264025958e+00
3.434913670682024023e+00
2.449009786014323176e+00
3.461174040075477354e+00
3.287530260676783556e+00
3.476857979728039894e+00
3.369714274443657676e+00
2.447081570337938938e+00
