3.472642928124662465e+00
3.249868948576351002e+00
3.499487578189834469e+00
2.467375266175722004e+00
3.315071654163351145e+00
3.446837056547456424e+00
3.472357305794435245e+00
3.385826628414269734e+00
3.359921926921619395e+00
2.521724988175417792e+00
2.528231789570837940e+00
3.467334481980767436e+00
4.168305106368245028e+00
3.223883039194037181e+00
3.405160113500772301e+00
2.448050104426982898e+00
2.454847263383430178e+00
4.016139461608532635e+00
3.370740534603863026e+00
3.485623624281693811e+00
3.460244114243427926e+00
3.442378604513836926e+00
3.280446170417167018e+00
3.451471277794602610e+00
3.394949490698099481e+00
3.287843102282683283e+00
3.359478482399884669e+00
3.322799489879516344e+00
3.338579607454092102e+00
2.502443325716984468e+00
3.385047669472254217e+00
3.325897355980119041e+00
3.440492218480458497e+00
2.510248165756224115e+00
3.487399962590362890e+00
3.222351638442683353e+00
3.262952574731773581e+00
2.464532877226520036e+00
2.538588580413279949e+00
2.460913176055519624e+00
3.312969239307675284e+00
3.408950316612845644e+00
4.226955276386983762e+00
4.526092922987618117e+00
2.457604072450220833e+00
2.488583854045733013e+00
2.418638647731921498e+00
3.472767556744100759e+00
3.442588470600510320e+00
3.224296547287924586e+00
2.508688050312249285e+00
3.415162050496109547e+00
2.532403778438693021e+00
3.473595830207729662e+00
2.490524319509930695e+00
2.532068193610895968e+00
2.493286454625084581e+00
2.415519925215800168e+00
2.531714037577199150e+00
4.205840846607777017e+00
3.234584234621207699e+00
2.523370602150531106e+00
3.363808001210818244e+00
2.484932731836618558e+00
2.517947027947041505e+00
3.345406165257987841e+00
2.271402822390440779e+00
3.259146587413495055e+00
4.146159819974575278e+00
3.199040919956255724e+00
2.466293415997401262e+00
3.485233603955397275e+00
3.420776489974320267e+00
3.206139415582867969e+00
3.338792150201093545e+00
3.418372973222367772e+00
2.444668348207001962e+00
2.486696722555288286e+00
2.489306085527689838e+00
2.478739432632712791e+00
2.449631009640350854e+00
2.515004209167612803e+00
3.259837895059276569e+00
2.504127984793993011e+00
3.242851232850855414e+00
2.519805783270640642e+00
2.483405011088769765e+00
3.395576746188802453e+00
3.229480648018955069e+00
3.431963115648994922e+00
3.467563317235605513e+00
2.437611040384953132e+00
3.494371259361196191e+00
3.387010502126251321e+00
3.419738907510879944e+00
3.340600341003789886e+00
3.318716573949087145e+00
3.448875661183429031e+00
3.230325143664963150e+00
2.487663967824398359e+00
