3.454062338668737908e+00
3.310043284294766242e+00
2.474683566603479878e+00
3.422105472083072364e+00
3.482118264453242684e+00
3.404579541914671825e+00
3.336367608939568186e+00
2.558622981826046416e+00
3.309721833041580297e+00
3.237292115237335288e+00
3.352645423742802944e+00
3.463908397682839535e+00
2.453363272582875343e+00
3.504016148869532721e+00
2.495718231176059732e+00
2.450429144240165336e+00
3.478550530398235363e+00
3.470627004944097038e+00
3.385096766365238707e+00
2.498858027394064596e+00
3.317993533837635844e+00
3.425709269049491024e+00
3.427899276805469242e+00
3.365594602943856373e+00
2.487245615575048419e+00
2.543361258138991943e+00
3.425826025682934262e+00
3.310003037334088738e+00
3.419160266881295041e+00
2.536974610923647067e+00
3.338218941016335428e+00
2.461055904569707575e+00
2.535869600665953794e+00
2.510465110140351896e+00
2.453236014637801610e+00
3.439253483384777876e+00
2.486817492356430126e+00
2.490835122174527516e+00
2.476108510347620584e+00
3.503254360312602067e+00
3.512606738240198645e+00
3.225344568918342425e+00
4.887869061695321982e+00
2.432862725742274357e+00
3.454796687229136687e+00
4.230391278865778482e+00
4.195302169386815550e+00
2.449012752729789799e+00
3.306660129489010114e+00
3.228896213138445770e+00
2.487917112504871131e+00
3.332577700992589431e+00
3.315180840270726570e+00
2.418970508819543674e+00
2.481703917686728822e+00
3.340392376434932586e+00
2.458462648763501512e+00
2.517852150777959430e+00
3.420548665124667487e+00
2.421777862864689101e+00
3.267386480370262802e+00
3.299719502269526927e+00
3.351626205392777891e+00
2.533929118629715926e+00
2.465221467395957600e+00
2.483002549183938257e+00
3.458563838088569042e+00
2.475702885565698175e+00
2.435134874431344354e+00
2.458276552689871775e+00
3.390041796031402210e+00
2.475370142378050087e+00
2.483955594589073002e+00
3.497989879259173929e+00
2.531522689481901622e+00
2.508444886221399717e+00
2.482123280111070862e+00
3.411620404898834114e+00
3.509208049392992468e+00
2.553913349788726084e+00
2.456485061049750840e+00
3.386450017642113508e+00
2.491976790949196996e+00
2.492784972769710894e+00
2.476807681365607916e+00
2.479739475609883392e+00
3.440993309726650295e+00
3.311926080006072137e+00
2.493744973698472478e+00
2.481682164854091432e+00
3.315014095075162537e+00
2.461273900060066744e+00
2.459590113375085263e+00
2.464153531742812930e+00
3.475038924235954951e+00
2.468678612947751816e+00
3.407833356542166570e+00
3.986571721010343961e+00
4.238977417057625097e+00
3.208002849188659411e+00
