2.458074053296150030e+00
2.455560422895583184e+00
3.522541567214038771e+00
3.481421121821925979e+00
2.447212790927129067e+00
2.547305103581352537e+00
2.487144271544667440e+00
2.519820867507148510e+00
3.439475995745986392e+00
4.482351018099026696e+00
2.478759714862861951e+00
3.484638916407991172e+00
3.489355419142242010e+00
2.489936560015960865e+00
2.507629079122088545e+00
3.524177112663547717e+00
3.419823370975622723e+00
3.514547755083145208e+00
3.486708222682109337e+00
3.472694903462945515e+00
2.468843891252534561e+00
4.450436648188429878e+00
3.464763640060758654e+00
3.502029408961685242e+00
3.459943517689963777e+00
2.446468764627348413e+00
3.543179742136308263e+00
3.421005815475917977e+00
3.475639469968748063e+00
2.473396068365878442e+00
3.412893750712862051e+00
4.413652440911585373e+00
3.437981144800397182e+00
3.420795255503874976e+00
3.433717406743827194e+00
3.466556650934332851e+00
3.469693173294217559e+00
2.432004980299474983e+00
3.498033953661597639e+00
2.463459381531178494e+00
2.444234054222527153e+00
3.455539776293907739e+00
2.508012378980342127e+00
3.505991608393919545e+00
2.499688316463059223e+00
2.522524465772294722e+00
3.461894850956165559e+00
3.453837215176796427e+00
3.431494690279650150e+00
2.451478603559500868e+00
2.444534279061898463e+00
3.444081673371359287e+00
4.527590463677847232e+00
2.426627528832522529e+00
2.495549908441578868e+00
3.465237135496951559e+00
3.499092748839388367e+00
3.534542008169349714e+00
3.416608839305002920e+00
2.510647050338823405e+00
2.430997978842008855e+00
3.454785421860127048e+00
2.506286480001021832e+00
3.539703656285177580e+00
3.472730614086052103e+00
3.437769486468459590e+00
3.457056533210372873e+00
2.533453451300872850e+00
2.475641071217563827e+00
3.503855669386184424e+00
3.460116752511136262e+00
4.450564424568067778e+00
2.531008960731945923e+00
2.509744659649966625e+00
2.499646465985220889e+00
3.490424999591462019e+00
3.494248335773723291e+00
2.476760641041449773e+00
2.508089080181863828e+00
3.497016438237661617e+00
3.418975953108837285e+00
3.402131307735453802e+00
3.462429216153866562e+00
2.474696411867197909e+00
3.530593508916799905e+00
3.479308565149092480e+00
3.471315944308427159e+00
2.510309569520767337e+00
3.438421621779222725e+00
3.521642425500138174e+00
2.549973850253502761e+00
2.510092417037090851e+00
3.484831068884879812e+00
2.461813615690451318e+00
4.504684105624797041e+00
4.493767302938580066e+00
3.447530424942422567e+00
4.394735189624027427e+00
3.435947632425638165e+00
3.434903059678726223e+00
