3.444576055309492180e+00
4.183517065912548460e+00
2.490289071796274900e+00
3.330418104655221700e+00
2.459249599359184302e+00
3.315980995018189326e+00
3.424438270017819974e+00
3.249381973702533788e+00
3.355249326775910035e+00
3.324821930840973216e+00
2.508035768248844999e+00
3.469176229153068558e+00
2.512441667543044765e+00
2.500139676777154207e+00
2.410233247326652339e+00
2.471455752122560412e+00
2.419734003790638521e+00
3.353370804467251887e+00
2.485451443612824551e+00
2.455465387030487445e+00
3.400264446834020404e+00
2.478087132494988687e+00
2.458841642960436946e+00
2.450042970260878139e+00
3.346667336125136227e+00
2.481959223247056201e+00
3.287223313586503881e+00
3.281410832116463450e+00
2.440553324062056717e+00
4.234865653819151810e+00
3.238137745023520697e+00
3.335295893805120926e+00
3.367281053712081196e+00
2.442980186418649780e+00
3.994484939696955283e+00
3.169636774282261982e+00
3.335239977028209513e+00
2.516682410440088447e+00
3.356974123906088181e+00
3.228342786648810137e+00
2.477326235473155780e+00
3.460613382315415709e+00
2.470766618307123963e+00
3.399890355996937785e+00
2.481806003058316890e+00
2.454704868398825290e+00
3.507410136498643194e+00
2.468962757392988205e+00
3.302175132757831921e+00
2.480762403714347641e+00
3.412825926497904394e+00
2.509354454200765083e+00
2.493899983769141127e+00
2.439558900444465550e+00
2.499223995982014834e+00
3.452519672013369512e+00
3.490861764888613994e+00
2.407518226384872673e+00
2.501715331526217945e+00
3.280214379945536329e+00
3.342167251702809594e+00
3.272254442578559797e+00
3.464681262709188747e+00
3.476041941030878490e+00
4.245777272883963782e+00
3.508790166427784740e+00
3.265070037554903326e+00
3.481469225853286442e+00
3.468499858234882716e+00
2.540850806291337527e+00
3.246559005927422081e+00
3.289256152843520020e+00
3.490214538347241380e+00
3.377916184700916702e+00
2.507220944340201374e+00
3.345316158384578298e+00
2.448296258998253538e+00
2.438422614496724705e+00
2.507695134753533672e+00
3.954734483589910088e+00
3.311056308651218139e+00
3.973263197604597785e+00
3.294049288629449457e+00
2.489149356085093245e+00
3.293194996636522376e+00
3.390426225788003123e+00
4.205789373546299892e+00
4.024225751785354355e+00
3.539482611204879614e+00
3.452849453385024692e+00
3.452816364832352214e+00
3.331609483072735856e+00
3.331674322254193576e+00
3.275165230215125067e+00
2.533586654290187923e+00
3.560371974765255132e+00
2.476773622490066273e+00
3.348411802569182250e+00
3.243953900666768142e+00
3.215720036302400331e+00
