2.482287579911602649e+00
1.510716768470240279e+00
1.501973182843311605e+00
1.478412003419504295e+00
2.463352523086634882e+00
2.521197492368290938e+00
2.504232928720966811e+00
2.442336405334905258e+00
2.430267734777125543e+00
2.460197844429886871e+00
1.452186536171113707e+00
2.444399137441650272e+00
1.511123468033327200e+00
2.432599155622181542e+00
1.468531960077574583e+00
1.501130982055248531e+00
2.493057017323503377e+00
2.471361493360014094e+00
2.476609453403190830e+00
2.520210733428675187e+00
2.503107576415354973e+00
2.486427698680480525e+00
2.471402810531067029e+00
2.469176339012174370e+00
2.393351139399749528e+00
1.434225642436700143e+00
1.475374206138150512e+00
2.504338123886971079e+00
2.430091058610435173e+00
2.501140321799335986e+00
2.513407949298691602e+00
2.517244694756024082e+00
1.508413844527052738e+00
2.469226269064896062e+00
2.479039038783179993e+00
2.524668503775148398e+00
2.535102497609205585e+00
2.459656799474177813e+00
2.430066731325387863e+00
1.479780802056913869e+00
2.522420364638458423e+00
1.512465806517825362e+00
1.460018987333108420e+00
1.463061069775033030e+00
2.462859526625035933e+00
1.423022824921382101e+00
1.496155451037276540e+00
2.518583557560537312e+00
2.518949638894188325e+00
2.499535256256617544e+00
1.529311946299971359e+00
2.459343165256711927e+00
2.521371871777036144e+00
1.510876324768566148e+00
1.480270539012325415e+00
2.504577483712504105e+00
2.493961631620791763e+00
1.483462406829313629e+00
2.460194666413975106e+00
1.441188684210028104e+00
1.478949000169955674e+00
1.522010931125870048e+00
2.429633285677686327e+00
1.499815300895025461e+00
2.527366459757142358e+00
2.452300678911329523e+00
1.478999677262534673e+00
1.539443454184096893e+00
1.544041954602565436e+00
2.410883239528451405e+00
1.439073977107471425e+00
2.511434433242478281e+00
2.472211297165443522e+00
1.506189010692321251e+00
2.457318039413871169e+00
2.527725825610661836e+00
2.499723898518066534e+00
2.492607108521361692e+00
2.496134407760150165e+00
2.513151106384708289e+00
2.461827864689142498e+00
1.537012703253518797e+00
1.522252780514278037e+00
1.481318009843564765e+00
1.462202747977246364e+00
1.529470283488776117e+00
1.481048790270269810e+00
2.506312311405149984e+00
1.479295927983409920e+00
2.478813927539579964e+00
2.485907095777752041e+00
2.505954525512433140e+00
2.461928915129001805e+00
1.529111580823798278e+00
2.454833287431280819e+00
2.473462609295514536e+00
2.465206859725432409e+00
2.524009755136054967e+00
2.414128737534020797e+00
2.507115213303790835e+00
