2.444041559988253010e+00
2.498747039902773359e+00
1.478239533461645161e+00
2.469226424588918611e+00
2.475399380703455776e+00
1.526885141159957548e+00
2.453756511659626938e+00
2.509258821999339695e+00
2.446861618073998823e+00
2.535828616111451606e+00
1.448651833196362038e+00
2.506661833904010095e+00
2.447057951925623254e+00
1.467704015368813009e+00
2.451202533345864243e+00
1.538209161256734792e+00
1.454783809500569403e+00
2.582113676673406744e+00
2.517721511126870926e+00
2.468664411768829670e+00
1.496800323972170776e+00
1.503010875407265967e+00
1.509790094584969600e+00
2.440610569532920771e+00
1.543353457875189516e+00
1.473453720637771358e+00
2.520625829664246531e+00
1.466816355415374806e+00
2.485852167770200349e+00
2.449277316780042568e+00
2.453609369880783486e+00
2.528629242868949412e+00
1.462535720586908949e+00
2.473267933175206323e+00
2.536491773030373320e+00
2.485823670537126162e+00
2.484171895629611271e+00
2.501649806935754672e+00
1.461094889373235839e+00
2.514924524415296236e+00
2.534492934359986016e+00
1.479719484211630132e+00
2.428428617763387809e+00
1.544995289392260718e+00
1.542331311228491986e+00
2.450401662153753435e+00
2.442679029122709622e+00
2.458878924954168266e+00
2.472252621121869165e+00
1.444286909339965508e+00
1.497524546360253561e+00
2.438299716280531104e+00
2.552090397576606051e+00
2.506494066998502301e+00
1.521945752277695130e+00
1.466981580407203722e+00
2.417826390852642504e+00
2.451982015788514602e+00
2.465622552782213539e+00
2.512099050581753534e+00
1.465122410338730585e+00
2.466216890384384186e+00
1.490429184801197460e+00
1.552920959226101294e+00
2.484191706232086183e+00
2.484816937968396644e+00
2.548160042186728091e+00
2.485723936957581870e+00
2.510681527419656778e+00
1.507229865591588558e+00
2.561346815760079387e+00
2.499203535091495620e+00
2.489686806412104048e+00
2.473893674330767567e+00
2.498155642078894179e+00
2.451388889781216829e+00
2.451493268632842337e+00
2.415208843809132588e+00
2.474872966606180391e+00
2.487440223886176582e+00
2.468043585176008747e+00
1.518775051267237997e+00
2.451051779076578452e+00
1.470285043032667271e+00
3.515237355059563917e+00
2.528637337677070551e+00
1.492685300894831091e+00
2.501650728289169123e+00
2.454447676453396010e+00
1.530858272343445403e+00
2.468559320268492119e+00
1.458698358284426178e+00
2.474575153273156580e+00
2.500548140073941994e+00
1.460711770564725676e+00
1.463413827816042012e+00
1.486716322630941223e+00
2.454870600309793982e+00
2.459216088202413886e+00
1.469840358098425170e+00
