2.509710329785699301e+00
1.479147059136610487e+00
2.499971382187768931e+00
2.458706627970614900e+00
2.467382949424886895e+00
1.468629806690446626e+00
2.503614473008230590e+00
2.392305575164443088e+00
1.556968357961010518e+00
1.476532464377890319e+00
2.513544827919815372e+00
2.443983318922196002e+00
2.460366208358436779e+00
2.540288135873358666e+00
2.529553691935072735e+00
2.490389554060124855e+00
2.502594306660633539e+00
1.461488848235503957e+00
2.497521905282419574e+00
2.430411652871181882e+00
1.453026050879280273e+00
1.466640093240927145e+00
1.477915496820640717e+00
2.531110883814320367e+00
2.456732316207657973e+00
2.456928174501198381e+00
1.564142164623005149e+00
2.547918592886230904e+00
2.554060711042689835e+00
1.536268560200564126e+00
1.462899213294569289e+00
1.468413966968454165e+00
1.489427174598698222e+00
1.537832182683829263e+00
1.515162522055585770e+00
2.438485750226962789e+00
2.420944585743402211e+00
1.513291971870050823e+00
2.473958758359795951e+00
1.429898601843605288e+00
2.497255531965528519e+00
1.476998422857300319e+00
1.486959408665609939e+00
1.495087513887265018e+00
1.506647442001365134e+00
1.509398591449258031e+00
3.417185902373578887e+00
1.425927414376782387e+00
1.522853860345400934e+00
1.506997675357953259e+00
2.511084299116938645e+00
2.530757072513786898e+00
2.469285960906396848e+00
2.502990938821937572e+00
2.438770436835170585e+00
2.515569719904110713e+00
1.474889258245486667e+00
2.486084405734135583e+00
2.484166351181474663e+00
1.457208822008089655e+00
1.451922995418744922e+00
2.547101598421090074e+00
2.438900991262572759e+00
1.502972420881395932e+00
1.518461830425025472e+00
1.493926388142744699e+00
2.476096923248185089e+00
2.503631288861084769e+00
2.419674520534418782e+00
1.441548867487613128e+00
2.527747804506553120e+00
2.456351199052805523e+00
2.513351484264055191e+00
2.424345265341505851e+00
1.523934904282860714e+00
2.484153765381930778e+00
2.515544569704962097e+00
2.494996864459646080e+00
2.538061519940760569e+00
2.435936422645515798e+00
2.509383985047064058e+00
2.476010308322962317e+00
1.489099026357287636e+00
2.470531711514621698e+00
1.456520266529502949e+00
1.469937406901677956e+00
1.492154242731153158e+00
2.460997620108441364e+00
1.499100151002692893e+00
1.463714080966690423e+00
1.503936277230974561e+00
2.473686868315008169e+00
1.452269305828515211e+00
2.499942534425411367e+00
1.528105220352895532e+00
1.510372585846740723e+00
2.440633301262491450e+00
1.497391411809697814e+00
1.506588965290554860e+00
1.511669509405955347e+00
