1.489464051300560365e+00
1.498323158654242260e+00
2.520294031707284166e+00
2.437402085277161401e+00
2.536929267620487316e+00
2.459788038975721403e+00
2.468840104950078551e+00
1.454051064883869593e+00
1.478577348750356624e+00
2.481981256810894987e+00
2.424711127570858160e+00
2.493238259476365570e+00
2.445694862023406024e+00
1.521422937786647056e+00
2.513679540539393020e+00
2.492457511500263401e+00
2.492604037146865181e+00
2.486402079920150054e+00
2.516122226640223225e+00
2.463974533638269904e+00
2.454090601869916455e+00
1.461431046160243108e+00
1.585213183274417847e+00
2.455910182886178461e+00
2.487238454273798638e+00
1.496556156537690141e+00
1.489541281098133663e+00
2.499311729965815854e+00
2.483710198898148480e+00
2.506867353020673761e+00
2.418479146044530292e+00
1.457430606097384507e+00
2.446168174041627896e+00
1.497554858391978660e+00
2.431816727734883887e+00
2.481582590579019865e+00
2.475657883353079569e+00
1.495039939078117719e+00
1.465589595408083090e+00
2.452276077038417768e+00
2.475732712144843362e+00
2.438240118907745835e+00
1.504165968832014366e+00
1.495552739191374103e+00
1.448743071527974102e+00
3.451810208156000481e+00
2.499192188034551343e+00
2.470172915570053362e+00
2.438382929879813421e+00
1.496334583675711816e+00
2.554081551474497669e+00
2.500984028614441357e+00
2.404927697741625625e+00
2.481059846245799339e+00
1.489441797400257617e+00
2.457668951943002611e+00
2.438410188356396446e+00
2.498549040139883548e+00
2.549625997618599094e+00
2.484436962439767083e+00
2.472077587291788170e+00
2.488293632345384143e+00
2.493514020234405937e+00
1.536369174670867421e+00
2.465644193897632785e+00
1.449144763819869119e+00
2.478173683247892889e+00
2.445735253182521163e+00
1.432725123232489572e+00
2.447435279034904987e+00
2.557975040654393961e+00
1.549067381357422946e+00
2.508757124248968129e+00
2.519936027892582420e+00
3.456724337598612529e+00
2.477028662922527769e+00
2.542032799242696761e+00
1.465874422994343229e+00
2.461916403704970779e+00
2.431565058738410556e+00
2.469464012805084874e+00
2.449670947170648816e+00
1.486131364079416928e+00
2.477073247532096900e+00
2.533701648783740268e+00
2.498170473751734288e+00
2.441742578485186055e+00
1.544040002311322546e+00
2.490684012970343808e+00
2.527512132084554164e+00
2.504232249506401775e+00
2.545503174971708304e+00
1.460049156511247892e+00
2.521236375090517789e+00
2.514099024614094624e+00
1.500004591916728414e+00
2.483415623467869704e+00
1.465900278679300284e+00
2.496194945945336308e+00
2.529875881469240806e+00
