1.488508227369520043e+00
2.520558802819184763e+00
2.414501339532491020e+00
2.528235919463421411e+00
1.450228549651845000e+00
2.471692385292776795e+00
2.448883672695682634e+00
2.444680929677330639e+00
2.496875056966384676e+00
1.456753027016311819e+00
2.439265296483171586e+00
2.504727852832951296e+00
1.491250470123623995e+00
2.470941022667794140e+00
1.497206474722521330e+00
1.487232983694808830e+00
2.478805251003568522e+00
2.470052301240353021e+00
2.457668693059657183e+00
2.464587409412512198e+00
2.467733222078431599e+00
1.463588645252491105e+00
2.510241052309092336e+00
1.465632307038128523e+00
1.509169538154652823e+00
1.490775983635698188e+00
1.463350513022109167e+00
2.543543849800190326e+00
2.417160619714945557e+00
2.487801312911801066e+00
1.479619642166168036e+00
2.512355110690914106e+00
2.473587381420180975e+00
2.420140349974263305e+00
2.547790483148865359e+00
1.509284806513377042e+00
2.558716918566646292e+00
1.493846393256579086e+00
1.547294223125882606e+00
1.466540733637080152e+00
1.501267807076228422e+00
2.519098116701449452e+00
1.505511226806586000e+00
2.465906399072593125e+00
1.464064042625777606e+00
1.495772819866542092e+00
1.485727016915426635e+00
2.473332474698415773e+00
1.465654328792882710e+00
2.469401982091346870e+00
2.481353043704401795e+00
2.451031314123813143e+00
2.494087183719161605e+00
1.507258893008008638e+00
2.485264820357348192e+00
1.527496003411380698e+00
2.465910624871760604e+00
2.505362265142188960e+00
2.499734447142452964e+00
1.451389657038614667e+00
1.497405714143633215e+00
2.477632953246942549e+00
2.506710867923067187e+00
2.473209710999451971e+00
1.546591012811905586e+00
2.442200013140859216e+00
2.452797145162273651e+00
2.518600909904739726e+00
1.470280249852220944e+00
2.457429569945912995e+00
1.570224922574767534e+00
1.488058201028669592e+00
1.411672411085813206e+00
2.469374160276530450e+00
2.553874043075017308e+00
2.481055554306594413e+00
1.508729934408363338e+00
1.476497633086563566e+00
2.521854318590960542e+00
2.427038811524205197e+00
1.462345950801083871e+00
1.485031096603934397e+00
1.518728389565529246e+00
2.442489731133205222e+00
2.521366225656235915e+00
1.575837499598426117e+00
2.433666215197472837e+00
1.462560623235446444e+00
2.573668868090351225e+00
2.485504867304637600e+00
2.454616758322417436e+00
2.545521063243718629e+00
2.507348589406225070e+00
1.544618702970180557e+00
2.511393984161217396e+00
1.426071137351355711e+00
2.466227785244603066e+00
1.456855304525089823e+00
2.471886367962709219e+00
2.502171852106714667e+00
