2.486056414326962560e+00
2.507660852744628244e+00
2.510102753817176957e+00
2.456248563336103530e+00
2.462465293643478326e+00
2.494195052728552575e+00
1.499452248246676334e+00
2.449765944568975229e+00
2.523765244661018592e+00
2.527999919746843016e+00
1.499186418345849869e+00
2.481212954817409333e+00
1.502235576181488286e+00
1.495924496024047867e+00
2.515615090313328306e+00
1.472177033275380964e+00
1.491048965899740342e+00
2.515955655392567714e+00
2.545849729348949264e+00
1.479399697083346066e+00
1.489276516499675296e+00
2.470439385631017171e+00
2.451318540030844151e+00
2.515193630647387213e+00
1.484307530403992104e+00
2.479928242156223650e+00
2.458386821222500629e+00
2.510080509225602885e+00
2.464090914400427490e+00
2.563218624335651175e+00
2.466976764795382415e+00
2.496628736949233929e+00
2.523305493791026421e+00
1.515651219168106412e+00
1.479118863488915858e+00
2.514085895588566988e+00
2.497895739567681961e+00
1.462832867463620179e+00
2.485324764551989585e+00
1.476873586225467161e+00
2.444611955585521024e+00
1.468371086535034564e+00
2.475935341515067112e+00
2.497613292842472354e+00
2.469017826527091231e+00
1.534679067901070670e+00
1.476576782044273228e+00
2.487935507932389267e+00
1.493367802492353125e+00
1.469755736141497460e+00
2.456141429519051567e+00
2.445919461309311593e+00
2.492699702695365005e+00
2.400388165929609130e+00
2.494837355341238183e+00
2.531899088332754566e+00
1.482734194357478552e+00
1.444140549161774256e+00
1.476031925386289689e+00
2.460983425278530312e+00
1.537496568817344311e+00
2.473633518660046882e+00
1.537571163982783595e+00
1.558659506452829024e+00
1.495410647229542755e+00
2.484546754246091282e+00
1.492629160202021410e+00
2.443396537055542161e+00
2.501834971074961000e+00
1.456735366435035095e+00
2.480375645482674418e+00
2.474087118269749030e+00
1.535051723506768662e+00
1.508835716572572316e+00
2.538910672771612642e+00
3.479462008756693869e+00
2.480947873170262330e+00
1.534848161038715020e+00
2.483946442750221362e+00
2.467426165289683837e+00
2.429724242215801411e+00
2.481471293841958303e+00
1.469855208919264467e+00
2.523705561874570957e+00
2.439335505758309264e+00
1.522765874859142610e+00
2.494041815754592939e+00
1.510015684898680766e+00
2.450076984009676995e+00
1.511529614056951631e+00
2.454923450616968594e+00
2.499150598491203912e+00
1.495086655176281809e+00
2.477562798076059281e+00
2.444371616788272306e+00
2.483074983737708408e+00
2.526025580509184021e+00
2.515317051637206536e+00
1.478325104091386066e+00
2.491001537896942786e+00
