2.471305344163785556e+00
2.458172500332439725e+00
3.502358931884345772e+00
2.452693618307042467e+00
1.514956083081230975e+00
1.525273384879953564e+00
2.475828706903647536e+00
2.450629443919834394e+00
2.470003963725638574e+00
2.577631282301164894e+00
2.418421323757204533e+00
1.520757395690183422e+00
1.489059955076297737e+00
1.474329961169719594e+00
1.430723927373833027e+00
2.490234743182321964e+00
2.489021453876158585e+00
2.485052148138718664e+00
2.485686512476870558e+00
1.495663176062499433e+00
2.478357298228176742e+00
2.458569150740431475e+00
2.460084061490412921e+00
1.473024363267718906e+00
1.458507834260717395e+00
1.448447000342846680e+00
1.462398285503392348e+00
1.530230347606652552e+00
2.466868141459535035e+00
1.501499260661157242e+00
2.445026397796992157e+00
2.469702114900764300e+00
2.453060173009012246e+00
1.509792663089494447e+00
2.456027994881406329e+00
2.454692794762948438e+00
1.449175110813694323e+00
1.517246961374072445e+00
2.522632857436457599e+00
2.517095129224113048e+00
1.487825872644108038e+00
1.536058487257109029e+00
1.551704430010901747e+00
2.481656404731922283e+00
1.519591623839380512e+00
2.451499560558027646e+00
2.541341658116203384e+00
1.510578127778392066e+00
1.494188345655816264e+00
1.513153873953475559e+00
2.489517552036975445e+00
2.523814280923188935e+00
1.453733503377357739e+00
3.432278716972422039e+00
1.480341469835549484e+00
2.477496485526128556e+00
2.499452001485880981e+00
2.533592784203324566e+00
1.517331632134478747e+00
1.550233571071896410e+00
2.487825631360443879e+00
2.448103706735541785e+00
2.475235045541337886e+00
2.491385212472085442e+00
2.450824603260778556e+00
1.519826272503023823e+00
1.489194745522309349e+00
2.450052651591017039e+00
2.495158632647571206e+00
1.482635656482183206e+00
2.470964017254001721e+00
2.464628697736879648e+00
1.482480058882649887e+00
2.536529257883423316e+00
2.414830332495240484e+00
2.445072773813014244e+00
2.484716872268485588e+00
2.484040479952728475e+00
2.470437940309659020e+00
2.437819747950531024e+00
1.469888582189875947e+00
2.480411055572765644e+00
2.533699496222746816e+00
2.479055241663626674e+00
2.464469589894203949e+00
2.433223110022558533e+00
2.507498363609802716e+00
1.481995895505671568e+00
2.478508049430808047e+00
1.503908769048448724e+00
1.542112617477676251e+00
1.430139018470354628e+00
2.489785222418093191e+00
2.523995382687797218e+00
1.511553777277954813e+00
2.470100212242977378e+00
2.518531672082641393e+00
2.453768321313460454e+00
2.482461104093725002e+00
2.455216839601201073e+00
