2.478182027161115464e+00
2.496571975609811478e+00
2.441351802527388593e+00
2.476198216770382210e+00
1.532058415887103786e+00
2.442831598515499358e+00
2.490901313082957813e+00
2.498482907031203570e+00
2.458289012015752562e+00
2.437648891248668459e+00
2.529945550268770216e+00
2.429062262799264627e+00
2.480340740796249221e+00
2.508958942809765613e+00
2.509542820235384664e+00
2.481364483835402535e+00
1.503459524405896808e+00
1.536240120485574900e+00
2.463383745732556473e+00
2.460931978324116809e+00
2.414829569158679856e+00
2.521186552463971164e+00
2.422463951177651342e+00
2.432840036407074358e+00
2.485396774348739957e+00
1.470775186556889436e+00
1.479416353139999529e+00
2.519189757370197569e+00
2.482005450595937912e+00
2.473410758224845907e+00
1.500645902252125907e+00
2.505141884695967214e+00
2.474820914974780184e+00
2.477160713367094313e+00
2.498797624684997221e+00
2.511199198665851284e+00
1.477089067128533273e+00
1.566074785999360675e+00
2.492423507286041229e+00
2.423508271638616485e+00
2.405400309017962979e+00
2.482125488425022564e+00
2.519948620580238607e+00
2.449188044498205930e+00
2.472121833805299040e+00
1.556397342530796202e+00
1.488210029179026339e+00
2.532265758709668635e+00
1.506862384618095518e+00
3.458934099872413181e+00
2.532674172187824535e+00
1.517818004932121490e+00
2.521030371964040118e+00
2.446875850988322831e+00
1.489991715046150578e+00
2.470592275336357169e+00
2.450272047180042545e+00
1.479720849587452092e+00
2.471748272710038385e+00
2.541496646739745291e+00
1.498976284501319478e+00
1.501955959099418481e+00
2.470032799518046218e+00
1.469998374771792182e+00
2.511947798983972469e+00
2.531036982078896713e+00
2.490160167708741934e+00
2.482181660713378868e+00
1.460800109321250151e+00
1.548024693592117140e+00
2.539854277389243187e+00
2.465703493884209507e+00
2.461204727481049570e+00
2.434876297583740801e+00
2.490448577776130268e+00
1.543383640272196544e+00
2.434150923803064526e+00
1.502586843062076349e+00
1.501883274259541601e+00
2.498165908994762319e+00
2.527174968619140483e+00
3.461539939130016563e+00
2.455778041302275394e+00
2.438803218747815027e+00
2.477346955337082157e+00
1.503495599732741939e+00
2.494057744294170487e+00
1.476881296271629562e+00
2.505904024481793169e+00
2.513472963915978742e+00
2.507742701327294377e+00
1.562087100652201022e+00
1.489360918159629010e+00
2.429401702597277612e+00
3.488180290624837809e+00
1.462247331229478586e+00
2.513819493750252931e+00
2.452819454018078993e+00
2.463659782815696531e+00
1.510245886806038884e+00
