2.503446269285200199e+00
2.504448732753685736e+00
2.513451007794779368e+00
2.486428339039578717e+00
2.480237039795967213e+00
1.491137500386343184e+00
1.483657193902862659e+00
1.500850151430902057e+00
1.497937611124339652e+00
2.515744286833349275e+00
2.496937123371087530e+00
2.455416357099391433e+00
2.481401121779591712e+00
2.446666863204353781e+00
1.470764578522178567e+00
2.496954546957824039e+00
1.452546132444078486e+00
1.449044496512563729e+00
2.466744590967616446e+00
2.559767839610637363e+00
2.503866873240004676e+00
2.497873437309046984e+00
2.541977009575379753e+00
2.479632901908698450e+00
2.427209136666375056e+00
2.434762092379511689e+00
2.491535479367589900e+00
1.541785914109953692e+00
3.488325652708727631e+00
1.461947752337510620e+00
2.437588740251903641e+00
2.490362047444333538e+00
2.440354845207902912e+00
2.450936535384232062e+00
2.505679574888930006e+00
1.498484663976032083e+00
2.528672974798881423e+00
1.482857665838060335e+00
1.514459725971349924e+00
2.528716791253275531e+00
2.466550953799563572e+00
1.478612384243156663e+00
2.500207189305632571e+00
3.448830087536954636e+00
1.491897820012864528e+00
2.466728837975311173e+00
2.495167375071833060e+00
2.455331920507716870e+00
1.486482024099258670e+00
2.510685316197330152e+00
2.435874288773790752e+00
1.530513737260781104e+00
1.453836724721083717e+00
2.486831937234175172e+00
2.488811415999323984e+00
2.506012031666906115e+00
1.512069570120565087e+00
2.466239604018832132e+00
1.476973660671452748e+00
2.422468059756595071e+00
2.418109461638504154e+00
1.557331063135730442e+00
2.510581147694157078e+00
2.527735911975259597e+00
2.464677888723273647e+00
2.492932284367205931e+00
1.492996812586704358e+00
1.506670884549484946e+00
1.524748643153827077e+00
2.496778426305443777e+00
1.526791017529871564e+00
2.476546740474356856e+00
2.474663734148154326e+00
2.434416882128821680e+00
1.496999271523833608e+00
1.553385897589279363e+00
3.469302302493781021e+00
2.482704407924377854e+00
2.563810448746712378e+00
2.492052399528695616e+00
2.483618766085756935e+00
2.452252605586195955e+00
2.540380027378756456e+00
2.582122871062081604e+00
2.466852377292281240e+00
2.502961083126507891e+00
2.468644327311336983e+00
2.484956838172375893e+00
1.486879706789235867e+00
1.412903616123041495e+00
1.521149242953635516e+00
2.466148388870730734e+00
2.461998187921999204e+00
2.530135111293659644e+00
2.530599694919491771e+00
3.471546356271872913e+00
1.507689978290869925e+00
2.558101939971422212e+00
2.486080224921197512e+00
2.466882907009186443e+00
