2.425918834690367731e+00
2.495094938304267540e+00
2.471391912324065743e+00
2.471659453049206867e+00
2.415938754267331845e+00
2.503962944745622643e+00
2.489439932496103847e+00
2.515444207201358306e+00
1.500437697664540826e+00
3.468698719453232826e+00
2.467073249216253483e+00
1.522719504307991301e+00
2.447124238242195382e+00
1.457106843098602278e+00
2.464332299434763396e+00
2.485971193093519549e+00
2.441447727903460763e+00
2.535928019741964690e+00
1.465718279373943389e+00
1.446210964569152102e+00
2.516641106852203436e+00
2.461500990715655757e+00
2.491960386579809228e+00
1.491123895651625952e+00
2.444423577152408988e+00
2.469410444741718003e+00
2.496457742175157701e+00
2.449222387765186415e+00
2.468068913078407256e+00
1.461455805875917280e+00
2.470785433602967540e+00
1.462675097790488099e+00
1.497674456154894695e+00
2.479021607591051168e+00
1.512788450342547719e+00
2.501971212511473475e+00
2.432744156169258876e+00
1.501944355582037094e+00
2.424225435637386905e+00
2.474625902271091693e+00
1.489266578031174015e+00
1.473801786557757287e+00
2.533376859664960179e+00
2.491322045716893196e+00
1.424194461965308189e+00
2.456666962813865318e+00
1.470520024037148321e+00
2.517872265618664507e+00
2.459554716499002591e+00
2.524663787504333179e+00
1.528022064457362994e+00
1.479455153552051705e+00
1.512980916844019585e+00
1.442653016633921315e+00
2.496990009334911331e+00
1.431863720419759289e+00
2.468173887472826511e+00
1.470980696304857505e+00
2.533766125869927333e+00
1.482598178048072590e+00
2.457255046794134756e+00
2.486180607603007076e+00
1.523438241113419078e+00
1.563690495831053351e+00
2.453906625348110992e+00
2.420529480161646152e+00
2.523467195638575689e+00
2.516538466919978401e+00
3.485231613218280788e+00
2.481999178727632316e+00
1.490790768142258749e+00
2.508633306492122905e+00
2.499666865066206611e+00
1.542853166600426373e+00
1.451419310156588649e+00
2.486014209774458195e+00
1.467940988723660078e+00
2.437167154849058104e+00
2.483405305182881051e+00
1.463942617716844197e+00
2.494491031967225769e+00
2.428999943357637470e+00
2.487269012792876932e+00
2.489710804862010463e+00
1.468445670339573850e+00
1.475837189094024282e+00
2.505576373245634425e+00
2.459003793775385027e+00
1.476144078485192468e+00
1.509805850061467503e+00
1.480262782930567456e+00
2.500943955893823123e+00
1.487850096725942706e+00
1.445799117807470058e+00
1.487887811623133771e+00
2.470543292383764911e+00
1.500026686523456609e+00
1.516037660687270305e+00
1.443856141731068687e+00
1.478507890248809353e+00
