1.468042065572923160e+00
2.437769024796955897e+00
2.495194647486102202e+00
1.481267490393212372e+00
2.445858535845030435e+00
2.548419663483360242e+00
1.563120355830810881e+00
2.463328955819606314e+00
1.488156874969630561e+00
2.473807777342974745e+00
2.498499396583187426e+00
2.470990323577749948e+00
1.470079553888083312e+00
2.475152066698753650e+00
2.458756445236502941e+00
1.478238094367833266e+00
3.501476886035824521e+00
1.485869551191630000e+00
2.468399688157220773e+00
1.507475235186366502e+00
2.486510628331199513e+00
1.529307799302808135e+00
1.547051293855541632e+00
1.448901336325972400e+00
1.510918335307442684e+00
2.465305204117170579e+00
2.522715690149142986e+00
2.474466905200585209e+00
2.493927667068365217e+00
2.435939881578327082e+00
2.460844819903241554e+00
2.481659028452726456e+00
2.475485668107479054e+00
1.476731766636891763e+00
2.487287462622370438e+00
2.503433403280616698e+00
2.540474286656271730e+00
1.518434333085182386e+00
1.465119429643038318e+00
2.470762924540414573e+00
2.542347016434796103e+00
2.467865576951038253e+00
2.495597539703645396e+00
1.511695913735314090e+00
1.480347964012270312e+00
2.551294951966982971e+00
1.507750141629191631e+00
2.497205080971607760e+00
1.534522316920679419e+00
2.453324503603612872e+00
1.478378899052444240e+00
1.489005160241003045e+00
1.480273367442375143e+00
2.517443437594867106e+00
2.429232651965265166e+00
2.485598719486894481e+00
2.445722281665156927e+00
1.490309124933394402e+00
1.445447001129912756e+00
2.420973964743617479e+00
2.468637012590763735e+00
2.437788795907797734e+00
2.497490193382291501e+00
2.473150917656385506e+00
2.447948320936890187e+00
2.483701065485459658e+00
2.502496715331464561e+00
2.454655820616493234e+00
2.452522596226752949e+00
2.497514366721337531e+00
1.517056845487964045e+00
1.471451760851946844e+00
2.515780278955172200e+00
2.447679960670359200e+00
1.440858515050778665e+00
1.516696511526802515e+00
2.434097459137227304e+00
1.484684583709031225e+00
2.469487729693526923e+00
2.503888132395025057e+00
1.502846224351792381e+00
2.527450860043480851e+00
2.508508994025003158e+00
2.463328071068798586e+00
1.490006937828650901e+00
2.462612062690856529e+00
2.483142216210399766e+00
3.465641365492786896e+00
1.505348830653396641e+00
2.460014800024142634e+00
2.474792552840445303e+00
2.475666126461172567e+00
1.502310442700208748e+00
2.505067302393940487e+00
1.512375517404766168e+00
2.448899211502052253e+00
1.542061748749258943e+00
2.489325552740189629e+00
2.557817342174850683e+00
1.490565895750246339e+00
