1.475089783816883937e+00
1.513407055085665975e+00
2.497561789150594347e+00
1.508687323274320757e+00
1.537543873043657028e+00
2.503763115120979155e+00
2.438767323756685368e+00
1.429748597453689873e+00
2.509288303646580509e+00
1.492979881385656959e+00
2.466722943746849861e+00
2.505214957061167258e+00
2.488801462937409337e+00
3.428585337505615893e+00
2.516675758227241655e+00
1.482591838528953598e+00
1.503894453835123102e+00
1.456716758534844391e+00
1.547785294499838926e+00
2.487134826598859760e+00
2.513005949255458837e+00
2.519147880512140780e+00
2.478599881689738549e+00
2.473627648670920554e+00
2.458295498315034688e+00
2.484621243832110249e+00
1.482833571261713557e+00
1.482946402819771636e+00
2.487356808224747251e+00
2.440302522185942902e+00
2.414338528302874209e+00
1.510472183975841931e+00
2.484144899922174243e+00
1.502474807590682859e+00
2.476929984230636705e+00
2.475125624347969566e+00
2.487863758797166813e+00
2.488330391481105242e+00
1.472806842972490982e+00
2.457756159483214020e+00
2.531495695683637415e+00
2.482763389463169545e+00
1.474312244370629799e+00
2.490463010639088814e+00
1.523086449804192721e+00
2.517842865465605318e+00
2.484565506333602958e+00
1.532913264629637506e+00
2.438350879348100797e+00
2.440131902164863309e+00
2.484140747252340464e+00
2.440124002100905187e+00
2.472697169059181022e+00
1.547066051858822178e+00
2.493397192532129658e+00
2.497781079677236615e+00
2.516059215573332342e+00
1.536502268777120817e+00
2.430100962786992280e+00
1.536902341168593367e+00
1.444328722027194090e+00
2.483494517290341541e+00
1.500864107690524474e+00
2.477834485774333739e+00
3.425850227788824753e+00
1.470622544289907907e+00
2.482013494459506475e+00
2.498410789206724214e+00
2.502714505561739244e+00
2.442681194195480021e+00
1.474300279531350677e+00
1.514744695979565181e+00
2.498229677780402724e+00
2.461006503201275120e+00
2.505285113321889412e+00
2.502213058234759036e+00
2.459541497936755139e+00
1.498000406181945854e+00
1.516769781682891116e+00
1.474227372271374570e+00
2.434120515580428190e+00
2.415735201413379052e+00
2.469631453542901145e+00
2.493199167001356908e+00
1.490426848472265808e+00
1.517896409347698539e+00
2.515015453482458252e+00
2.531383555000536578e+00
2.479466628103006887e+00
2.506313943337150629e+00
2.509715826158799956e+00
1.496584406108687926e+00
2.505083885001425870e+00
2.413546845532552165e+00
2.488757349364681737e+00
2.523064431409780095e+00
2.561129955738324249e+00
2.477663029009580242e+00
2.481592317704786499e+00
1.499897101152011691e+00
