1.440568564128797746e+00
1.475065437263891166e+00
1.459280769428236590e+00
2.531985300712416009e+00
1.503004244407026402e+00
2.492789146669890599e+00
2.500443271586612060e+00
1.451256573698688879e+00
2.506938270296430460e+00
1.516996904657290424e+00
1.441563966411268050e+00
1.476064371840381861e+00
1.460986250608083514e+00
2.501075456204974401e+00
2.508488288710352787e+00
2.531963236091314240e+00
2.564854071711805350e+00
2.438599301922110385e+00
2.437398786037509257e+00
2.510925272357439564e+00
1.519343838814152692e+00
1.460860181465470475e+00
2.509380043095488233e+00
1.501943136601028295e+00
2.474726574138748525e+00
1.433233400718304518e+00
1.479035086645908104e+00
2.406719761638859811e+00
2.479942732777177472e+00
2.467763980257763556e+00
2.480121067062212692e+00
1.473321702883089834e+00
2.491848195350552686e+00
2.442654157529188463e+00
2.476564059840015819e+00
1.507330627255206057e+00
1.460029969037451192e+00
1.566370333012436333e+00
2.437671792096840484e+00
2.471215138428631608e+00
1.492295949979772995e+00
1.457306725954433668e+00
2.470519416339971297e+00
1.529380317884001972e+00
1.526662145276074467e+00
2.496060579738567764e+00
2.447237796994946812e+00
2.445965402148665646e+00
1.491240972271023146e+00
2.461130572910984693e+00
1.479235907245805448e+00
1.506554157254174520e+00
2.456114219084514882e+00
2.458522486179068878e+00
2.470779590395597136e+00
2.492279501291588595e+00
2.428892337758784770e+00
2.468773886249503224e+00
2.437309667671369251e+00
3.439108270231943987e+00
1.519395711755427314e+00
1.450576138660885528e+00
2.541631875038885102e+00
1.551353066132455050e+00
2.544920932375798639e+00
2.415673022851215546e+00
1.503543654852142142e+00
2.432286097877692566e+00
1.503969604868165444e+00
1.475481182645303591e+00
2.523927130326797386e+00
2.468211567711863008e+00
1.486930685270104524e+00
1.460010435859814271e+00
2.501651108795072354e+00
1.475395667603212280e+00
2.527800580784234530e+00
1.513678894222963311e+00
2.458010784862834974e+00
2.420049924724543722e+00
2.472992246795318039e+00
1.471600449286277312e+00
2.497182954746296701e+00
1.471756399203994148e+00
2.447376291147808747e+00
2.479695673975225834e+00
3.476429320597176353e+00
2.566661491288845021e+00
3.471766406407977179e+00
2.527958113755381930e+00
1.466121974729936106e+00
1.491175590257062478e+00
2.496994483011070631e+00
2.492672008975007625e+00
1.488703020342036165e+00
1.528467394918070266e+00
2.447655999600439891e+00
2.506325932181997729e+00
2.485154698327574962e+00
2.526440732625139240e+00
