2.517008668428290186e+00
2.484348022632480557e+00
2.469346899153535446e+00
2.432802673123310555e+00
2.544424374799169275e+00
2.484715490797772652e+00
1.458444627415210304e+00
1.568269764645738418e+00
2.388546824153157555e+00
1.509488477902351855e+00
1.487099003512613482e+00
1.492233142460771766e+00
1.504943292082855155e+00
2.503392708543139111e+00
2.501257665250873785e+00
1.504758254463401057e+00
2.532106521488174611e+00
2.425584647261801674e+00
1.484539800612223459e+00
2.479388948905742129e+00
2.499534898934570482e+00
1.520471420816706276e+00
2.461756246344965593e+00
2.440708174898537752e+00
2.442993252378144575e+00
2.492080249129499325e+00
1.503461051414365368e+00
3.469976238091321274e+00
2.506445643757102548e+00
2.483483369208667302e+00
1.487431188593337561e+00
1.494414510807785312e+00
2.494320669843649085e+00
1.514837860728837748e+00
2.524687974813484281e+00
2.521266351469759304e+00
2.483757588567220509e+00
2.460374900686729482e+00
2.532489377199439673e+00
2.510751496015924733e+00
2.452458468559873150e+00
1.442719816537838984e+00
2.454508519217692086e+00
2.534324880381259248e+00
2.519663036051642546e+00
2.538310438539779224e+00
2.463038339181237824e+00
2.502094779624679077e+00
2.573982382264560886e+00
2.480829814163208802e+00
1.557346509086830366e+00
1.465075967502202703e+00
1.447092900049791409e+00
2.499455203250388280e+00
1.508046760363185967e+00
2.507405861330764374e+00
2.495820052586136040e+00
2.499139517334598271e+00
1.441989606791330258e+00
2.457517938611966990e+00
1.469085879952072515e+00
2.478441276675386717e+00
1.468505616081225984e+00
1.525366020300270797e+00
2.518511246610327881e+00
2.496826288169019747e+00
2.489561754222393120e+00
2.546435126622210721e+00
2.514088633919144389e+00
2.463473597605298604e+00
1.496480770386504622e+00
2.532190881718349829e+00
2.499387236257167633e+00
2.514688441103260175e+00
1.531314348562996530e+00
1.478908560720120224e+00
2.500472621735418066e+00
2.462800931869335130e+00
2.472099120285530471e+00
1.514513615073719510e+00
2.439031009450920440e+00
1.476634509861356470e+00
2.532061592042042619e+00
1.513860260620134346e+00
1.497887526038041761e+00
2.540166462976482631e+00
1.472878732122736789e+00
2.429255503952305162e+00
2.470357172836426418e+00
2.432947997057815837e+00
2.471797465607346034e+00
1.474155700346786002e+00
1.469225350410049202e+00
1.498025011432181142e+00
2.477762587473053113e+00
2.464146170851487572e+00
2.492173770492659646e+00
2.490197344863974926e+00
2.525170919715198359e+00
2.430055825479449982e+00
