1.505872216972704569e+00
2.461669646526071897e+00
2.439308526249480469e+00
3.400836068239507792e+00
2.464486323444337934e+00
2.513642066701645472e+00
2.424784060032173283e+00
2.448403615485700957e+00
3.467559511745306633e+00
1.504167474126779425e+00
1.459130332843221911e+00
1.470092568199153016e+00
2.429354540707132415e+00
2.408244439552812199e+00
2.500486511436795123e+00
1.474598549014994875e+00
2.469552597947440198e+00
2.466588669026862135e+00
2.483899039785317342e+00
1.454866430300460811e+00
2.507365723101497856e+00
1.517888362990937656e+00
1.484175634874892236e+00
2.497001415612874808e+00
1.453352166841735293e+00
2.500635264333416430e+00
2.546688379932708468e+00
1.480158689974220732e+00
2.485262752055514390e+00
2.534329770458760844e+00
2.511917436563101180e+00
2.561829068752218053e+00
2.535837034774503174e+00
1.523147528533117745e+00
1.548197977592121077e+00
2.461744923246713679e+00
1.511296857849258490e+00
1.506299309816340637e+00
2.430739221004661221e+00
2.500672492954951309e+00
2.431188127380938369e+00
1.479684119945093190e+00
3.478973231402229693e+00
2.451468942248160143e+00
2.436857328044373716e+00
2.420896307451657403e+00
2.460338991837758282e+00
2.477570111507548578e+00
2.422356969606505928e+00
2.459362570631733913e+00
1.510621420868128117e+00
3.484980959135556944e+00
2.489917741724794631e+00
1.490862015996228029e+00
2.501900172644506704e+00
1.570585073589758185e+00
2.519687240226015756e+00
3.559937203133688666e+00
2.462412786731493775e+00
1.482561053932622164e+00
1.555614022301658572e+00
1.467321187599234023e+00
1.429513573853145036e+00
2.438229693678846566e+00
1.495638563401135990e+00
2.527424699575040457e+00
2.543031645137313834e+00
2.447071206331099091e+00
1.456836089172424131e+00
2.528772881241877268e+00
2.469562868699961111e+00
3.521729829460782835e+00
2.474846814646286308e+00
2.473288294430584067e+00
2.491685249831819604e+00
1.550718535849048729e+00
1.500471015559449617e+00
2.470597496570813068e+00
2.455124548962854814e+00
2.400175876693031896e+00
1.440090780295693040e+00
1.515240696363416406e+00
2.476085186057549237e+00
2.514293618495659910e+00
2.523673132963450971e+00
1.535309793625025510e+00
2.479855169067244791e+00
1.460139564662843226e+00
3.531824023386622713e+00
1.474986583235035509e+00
1.517869012060398815e+00
1.426172458488444761e+00
2.510351577286365821e+00
2.503912406396615609e+00
1.464918383147718162e+00
1.535206157938908911e+00
1.469952580631648464e+00
1.542719116247518452e+00
1.469043513909638499e+00
1.472898776873964310e+00
