2.513354459094918614e+00
1.496363989763237701e+00
2.495237214038702245e+00
1.560199965487507612e+00
2.533658444560602963e+00
1.555709829444578585e+00
2.466487347969504196e+00
1.501754670279189519e+00
2.491828400022522594e+00
2.514233003509815045e+00
1.492583492717426408e+00
2.457204372175919804e+00
1.463184159184818034e+00
2.536037970576843659e+00
2.474765047194364520e+00
1.516985131590198543e+00
2.472125678416791761e+00
2.450878269733611781e+00
1.479393672698480655e+00
2.481731004450220102e+00
2.472866354373925990e+00
1.444875278275237207e+00
1.502158856576214951e+00
2.488303444390377539e+00
2.511698987818287154e+00
1.533603292188659983e+00
2.460809895905478051e+00
1.449128807772702476e+00
2.475269045333292617e+00
1.482448920426696182e+00
2.414423907801627855e+00
2.482770333446095101e+00
2.419506065237525316e+00
1.480640309755489659e+00
2.426776834182572173e+00
2.549961458577310491e+00
2.562497782035434213e+00
2.528775844358411184e+00
1.484131798964293036e+00
2.561067650904187420e+00
2.523885299861777565e+00
2.442200191355939243e+00
2.480844845410612454e+00
1.486879290275733068e+00
3.435504178803392872e+00
2.532153404958417120e+00
2.450644004001419241e+00
1.493677796154675663e+00
1.496042817186882923e+00
1.471956291137112460e+00
2.549308162325839788e+00
2.487648631276502265e+00
2.474820023607727126e+00
1.469454956321035954e+00
1.498600950160621892e+00
2.445050440493185206e+00
1.512911362417999506e+00
1.467391594782031516e+00
2.496256471859851445e+00
2.475097830589880754e+00
2.548512964176679940e+00
1.500651181414320190e+00
1.463213066762798942e+00
2.444417202543191614e+00
1.438636694635993196e+00
2.502068008384029874e+00
2.476576787335521779e+00
1.491042222450544408e+00
1.518084681830720539e+00
1.489325796685665004e+00
1.480184986433442873e+00
1.463559122097324083e+00
2.517537802564691951e+00
2.511418435987778697e+00
2.495070825283867144e+00
1.580001661324713425e+00
1.486239201356633011e+00
2.455005468019434200e+00
2.481043319392136848e+00
1.411322742448933409e+00
2.524372084227644031e+00
2.516812797776054378e+00
2.501673826309228854e+00
1.479051246383190632e+00
1.522255123925082332e+00
2.474739124556101011e+00
2.532322569010129865e+00
1.456505851325798906e+00
1.482380489171629456e+00
1.436650008145713864e+00
1.509003717879042306e+00
2.468772159330263172e+00
1.496166058155552481e+00
1.511728164074384928e+00
2.589345436155904512e+00
2.522164405915079399e+00
1.463780038129214534e+00
1.475145566880644354e+00
2.505735216638835361e+00
2.463029186328974163e+00
