2.488373409702634209e+00
2.445382958268418339e+00
1.481946145984917473e+00
2.514196078016167846e+00
2.458753097213516536e+00
3.430617149526536291e+00
2.471942255506570874e+00
2.458495927167468675e+00
1.471432455332111866e+00
2.474931850458987448e+00
2.446341859448726286e+00
2.499012850494957139e+00
1.470808414458388613e+00
2.509107979482868789e+00
2.424040975795980213e+00
2.478924471720374001e+00
1.522493385437136082e+00
2.496627195422802981e+00
2.464748678952563221e+00
1.491394628691545821e+00
1.470568131583674054e+00
1.481213648056871834e+00
2.483004516553197316e+00
1.518100461417989600e+00
2.502724931561778554e+00
1.492347377909383876e+00
1.535758394703757190e+00
2.406468776749279392e+00
1.516772385519211674e+00
2.475613395257524996e+00
1.503521083630551036e+00
2.419534631738187169e+00
2.399464762695446396e+00
2.455517517984890041e+00
1.475101345160416910e+00
2.461102504898599275e+00
1.482025805449196376e+00
2.516417351341843744e+00
1.463935718907973582e+00
2.472353817511804053e+00
1.473501831425876762e+00
2.410238274415801296e+00
2.434929416750736042e+00
1.446825763687682231e+00
1.472732631246602031e+00
2.486752565031052686e+00
2.525242730263703717e+00
1.525794706667348732e+00
2.418132496795559749e+00
2.480159477627169373e+00
1.514867735079968414e+00
1.571295913631000518e+00
2.503703264035384901e+00
2.453562075411413801e+00
2.474662128430694441e+00
3.435055005439596076e+00
2.475141672352859423e+00
2.487466385724594442e+00
1.547809468288243728e+00
2.499091636514259029e+00
2.507799302823578103e+00
1.486450805063981973e+00
2.457747298198824648e+00
1.514714100883852943e+00
2.505730419152419675e+00
2.499228238867627017e+00
2.522283789465018966e+00
1.456608317432964261e+00
2.401160541126089676e+00
2.444954731607479115e+00
1.460552949157872371e+00
2.457911320222715190e+00
2.524185583468620209e+00
2.532241566587021264e+00
1.542085895880985102e+00
2.523346110078925175e+00
1.466939827024944965e+00
2.499549800084185147e+00
2.488613341318357985e+00
1.525276863511099590e+00
1.525939115006162528e+00
2.454577306683938698e+00
2.492279858646063939e+00
1.492389834389411751e+00
1.517953941861708511e+00
1.540869876474067368e+00
2.495175196111720783e+00
1.465094640015262684e+00
2.434082128805984180e+00
2.472010931444785786e+00
2.512503655085869703e+00
1.495453653712377262e+00
1.489393941579428837e+00
2.530537342629268327e+00
1.495758827234201060e+00
1.498673514468467749e+00
2.487077299378606110e+00
2.515827818070090149e+00
2.537687717157588896e+00
2.404019045149035083e+00
