2.407895890004021489e+00
2.484981607485163835e+00
3.433669629168255355e+00
2.486485386182371471e+00
1.433380785127293944e+00
1.510749878779373612e+00
2.502281849865785723e+00
2.472056568832894374e+00
2.463219065281196496e+00
2.512561426314751767e+00
2.454719804160409691e+00
2.481180874416298199e+00
1.489810948564521675e+00
2.477017042158730309e+00
1.445553901786356565e+00
1.524271947757397827e+00
2.465221673413263037e+00
2.454580977707990552e+00
2.454416039200197464e+00
2.499916672268969187e+00
2.530050209874886047e+00
1.491557462101256615e+00
2.457190057751279966e+00
2.450731025037678812e+00
1.478147866854496284e+00
1.492222290097024562e+00
1.476276648485957743e+00
2.458868724728259458e+00
2.437059872193430010e+00
2.506618063560927201e+00
2.462525499477873581e+00
2.427397400596103871e+00
2.506337654760509626e+00
3.525375053307754580e+00
2.467551039348070852e+00
2.517280685132135432e+00
1.486621452108476849e+00
2.454036022450956533e+00
2.449778566112690292e+00
2.523695407365553312e+00
2.459202884585556248e+00
2.500526429442889498e+00
2.579375101188233543e+00
2.463331437310463112e+00
2.499803844903032868e+00
2.459949299498610298e+00
1.490527003366217462e+00
2.562389871874017899e+00
2.508311534643495655e+00
2.517178049731370049e+00
2.458481012555361556e+00
3.494119813698305599e+00
2.472907550935276255e+00
1.421225941796549375e+00
2.434785794074953991e+00
2.457213307854055895e+00
1.458740064000721537e+00
1.481171105807193245e+00
2.534810347563638988e+00
1.519902795282187524e+00
2.452478309272537071e+00
1.484397646355477773e+00
1.447418137502241242e+00
2.435076087816260060e+00
2.497164919604640154e+00
2.460315316918889827e+00
1.478322576672241873e+00
2.491723071558325397e+00
2.448288648180333649e+00
2.447998667517205185e+00
2.464511057253829129e+00
2.522555118554017373e+00
2.478907512721512330e+00
2.458220871574294808e+00
2.491656052039810110e+00
1.463346722990963800e+00
2.497475742604156945e+00
2.485397555763169120e+00
1.536063134317080303e+00
2.474966483424337671e+00
2.551137932046195544e+00
2.480136905317926299e+00
2.511553954450888249e+00
2.484634110815261643e+00
2.497166147383842461e+00
2.462920554634298931e+00
2.483259554432485139e+00
2.483006231762705074e+00
1.473060261821858896e+00
2.469864092951851386e+00
2.547721008025012335e+00
2.489688388412107489e+00
2.431264552431630310e+00
2.523766027556787250e+00
2.542797777532804560e+00
2.463440170649463301e+00
2.495343469282227389e+00
1.479978153734134994e+00
2.465401072574783026e+00
2.553267263150042155e+00
