2.490312524034678621e+00
2.455626591089238087e+00
2.471137800923519201e+00
1.504907494112218691e+00
2.463646442587298147e+00
2.516203649259489694e+00
1.498455594582856376e+00
1.531022863069360307e+00
1.514856453010344106e+00
2.495361790096021437e+00
1.493098333528496191e+00
2.456821683858833261e+00
1.501234198783075291e+00
2.484388712619832962e+00
2.406290135627835891e+00
1.465087267800854631e+00
2.515411871845683933e+00
2.453607301955897491e+00
2.436821947685557266e+00
1.515192463570559589e+00
2.494450731651151276e+00
2.465026988159522592e+00
2.491480565575861394e+00
2.474312778741611041e+00
1.502550121273094508e+00
2.437093710438592797e+00
1.532986431885610568e+00
2.493931272903130214e+00
2.514495748025983080e+00
1.522470506003539947e+00
2.492636674530217089e+00
2.442007330879044869e+00
2.462293927139927341e+00
1.430702305310741940e+00
2.421788106532650087e+00
2.451537153722598283e+00
1.493594006123274642e+00
1.515804507990856642e+00
2.490982960548901115e+00
1.485219505705676513e+00
1.531521946487559793e+00
2.453630484612567386e+00
2.443382302235140191e+00
2.472552083703447146e+00
2.509076549936136935e+00
2.473100883156816643e+00
1.504981893154813344e+00
2.490574579428520341e+00
2.425423747226973514e+00
1.553652936527108785e+00
2.448518485940744949e+00
1.517800077286060922e+00
2.468762968052166773e+00
1.525509336673500416e+00
1.472560564709382902e+00
2.474858029787112557e+00
1.453457280532708396e+00
2.412560472835712844e+00
1.461989746314632521e+00
1.504401068929243968e+00
2.469591557090171641e+00
1.518578747645546789e+00
2.429811011005317045e+00
1.509898478158915536e+00
1.521802087552997618e+00
2.468342564349595314e+00
1.497119591395435600e+00
2.466309122401945331e+00
2.475066639613056285e+00
1.507562026086377349e+00
1.462200697955746920e+00
2.472897336823836500e+00
2.537566826536365561e+00
1.523340994430863127e+00
2.542918564392643077e+00
1.478662924825704827e+00
1.471378106390409668e+00
2.449733908588319853e+00
1.525544257504786172e+00
2.518410877184160235e+00
2.517920711029669079e+00
2.468052781363976322e+00
2.475744021244488113e+00
2.473865922321664357e+00
2.466586942846208608e+00
2.532569640882236239e+00
2.514333887648642740e+00
2.462805095811268608e+00
1.458130181950523019e+00
3.480269595193592025e+00
2.478413266557427885e+00
2.496741308805518145e+00
2.433477350583792553e+00
1.545958211721573106e+00
2.490663918436875512e+00
1.437430856050344152e+00
2.514005393095140484e+00
1.468847137295260508e+00
1.516109907981952665e+00
2.440292291446124029e+00
