2.479949827226640036e+00
2.486148735346706662e+00
2.510522868055113932e+00
1.475775498388369078e+00
2.510961824274857257e+00
2.453249896231173288e+00
2.475117554971236977e+00
1.463444314908082688e+00
2.511052418151719756e+00
2.538096807407906219e+00
2.488425471259724908e+00
1.478872936721793208e+00
2.470515108439429675e+00
1.481182038181320992e+00
1.474458469778566982e+00
1.466755995705631754e+00
2.467852113994226215e+00
2.427097785223910176e+00
1.442621993272025671e+00
2.421509256270161892e+00
1.489643131350399718e+00
1.499508642219891108e+00
1.470946796740800311e+00
2.434410113822372601e+00
1.470517654688227704e+00
2.460026536158168131e+00
2.465686339773437652e+00
1.508459252816299223e+00
2.489665502078481918e+00
2.491789835571887934e+00
2.427529033625071886e+00
2.531678846327505727e+00
2.457428170082429641e+00
1.483594146198705221e+00
2.544256836065665883e+00
2.520135673462993608e+00
2.564350934053936104e+00
1.485239217248405685e+00
1.494969678167307414e+00
1.473212961755832495e+00
2.480786291240923536e+00
2.474018623599046673e+00
2.475812088609530282e+00
2.505230615175050080e+00
2.451762769836714817e+00
2.531227547472820305e+00
1.501827839501262751e+00
2.467463820450575440e+00
2.492328444479697147e+00
1.474157160035556524e+00
2.473639482734752981e+00
2.585745341198736558e+00
2.465976025887896661e+00
2.471765246304908903e+00
2.514209773515335034e+00
1.450654913532037460e+00
2.467197666611721463e+00
2.463695113746372289e+00
1.530713691156808220e+00
1.475547429441130376e+00
2.506949440289552022e+00
1.523185767322405182e+00
2.427624794273756770e+00
2.455315864357066058e+00
2.513589609109475820e+00
2.436587324900573837e+00
2.471216092646633555e+00
2.452129867111155104e+00
1.500016170809682192e+00
2.482902534773079761e+00
2.534108036034278921e+00
2.523552940327698391e+00
2.480226157760661465e+00
1.507059853766637980e+00
2.463112471392145064e+00
2.481500885337645901e+00
1.502740432844396512e+00
2.478503378968001325e+00
2.465023753146330154e+00
2.467164543890364214e+00
2.453940041344747414e+00
1.523962434141609812e+00
1.456873628603406523e+00
2.509036609628668479e+00
2.496273483754758438e+00
1.492260563074253588e+00
2.522587983188819383e+00
1.486142001194801665e+00
2.478541098048278712e+00
2.494456132618091626e+00
2.563317731442264158e+00
2.499763453216299780e+00
2.523861435604314529e+00
2.457596375513021236e+00
2.491257774932920555e+00
2.553961991951903876e+00
1.466581955858483388e+00
2.525682545429984494e+00
1.520840532808077628e+00
1.506239006550063042e+00
