2.456247387408432736e+00
2.490313970830444479e+00
1.501071404428925282e+00
1.474391171670856204e+00
2.478348986844312929e+00
2.431788186076139890e+00
2.466435536774024939e+00
1.476130857735087121e+00
2.450245520225448281e+00
2.464868848602131290e+00
1.515725651400020357e+00
1.468074154807653020e+00
2.473407773443243141e+00
2.469644675719896654e+00
2.540570608222486371e+00
2.495297563952536102e+00
2.496956573276714053e+00
1.464866899399922762e+00
1.532059809051473653e+00
2.452233342712474062e+00
2.492203314548354864e+00
1.564432681675817172e+00
2.490581076258633786e+00
1.501402443139998821e+00
2.430123854176025944e+00
1.520757802187731267e+00
2.464144145812308118e+00
1.502847328769755242e+00
2.445289583412305845e+00
1.508488073703878607e+00
1.493211261989336736e+00
1.543595537963077469e+00
2.500789872370197564e+00
2.497493817429198959e+00
3.451031857516540402e+00
2.459694893282029504e+00
2.534294104976536399e+00
1.491843782709006305e+00
2.472327603149627961e+00
1.529577724084394408e+00
1.509307279824444681e+00
1.543165848584637789e+00
1.543105353868209573e+00
2.443454012761697491e+00
2.568975659619255225e+00
2.531818922564051277e+00
1.502101127347788223e+00
2.495426283497325759e+00
1.497731761138271001e+00
2.378795908899327127e+00
2.498128588368929481e+00
2.460585235408016658e+00
2.499180718331985407e+00
2.577740328770152800e+00
2.428331325782078665e+00
2.467509042677830777e+00
1.519927714883868797e+00
1.456513999588791686e+00
2.459408779033004588e+00
2.477811152608667022e+00
1.481912471003039133e+00
1.525373932087684237e+00
2.476517369718774120e+00
1.486171163962357156e+00
1.476350688043286397e+00
2.461735348422033010e+00
2.491759099711906345e+00
2.445400590417449393e+00
2.520665867569464869e+00
1.502475863184544291e+00
1.507886745793088457e+00
2.453221462458167856e+00
2.442815923151812729e+00
2.431153606272926204e+00
2.495257369361378430e+00
2.484880949639832970e+00
1.465675253431191649e+00
1.487042440756030537e+00
2.491201254620488914e+00
2.508090238668244876e+00
2.542388794115162387e+00
2.487824685031611249e+00
1.483590685816696064e+00
2.483712811605325310e+00
1.505989881135229025e+00
2.434253540561794438e+00
1.497797494444781830e+00
2.455616344829128828e+00
1.434773573873870056e+00
1.485962073205557843e+00
1.521235045513460005e+00
1.488303450015013629e+00
2.515630863270353235e+00
2.488402796635139858e+00
2.497727439750490053e+00
2.494617747079129977e+00
1.483219991232053614e+00
1.512942018490203377e+00
2.461530950307455612e+00
1.524346916001561691e+00
