1.540192896978175074e+00
1.509103185810337644e+00
2.479660895571777157e+00
2.438367478362414520e+00
2.511098885122673430e+00
1.467295694148013308e+00
2.466325161604374649e+00
1.426436594145436443e+00
2.387047509199557105e+00
2.459948740783306498e+00
2.431638709694203371e+00
1.539275923298879301e+00
2.520431102741838902e+00
2.549276875686627086e+00
2.482113685441017292e+00
1.469023160319015364e+00
1.519974350145715469e+00
2.454640994641996699e+00
2.450794048042238327e+00
2.487605727409502254e+00
1.539166660804244469e+00
2.494742566663762151e+00
1.488417201518281718e+00
2.474744873387316524e+00
1.555621917850864122e+00
1.486030930875075651e+00
3.481093162064898383e+00
2.512219118518173477e+00
2.554080271127831647e+00
1.453960690236708819e+00
2.477130190036518353e+00
2.484403659683921628e+00
2.463987169065806171e+00
2.531781990510852953e+00
1.475916138053646298e+00
1.477205814675582651e+00
1.482910266345787154e+00
1.471042540041923807e+00
1.483926547796236006e+00
2.542008635028262908e+00
1.523053364658535358e+00
1.506902143877294931e+00
2.467089266235354739e+00
1.492927109428960009e+00
2.544942232345311695e+00
2.512041840388561820e+00
1.525830681352972062e+00
1.502298265966532487e+00
2.537361354231769450e+00
1.471935876030324275e+00
2.429962399956780317e+00
2.490832596845533597e+00
2.517892908825958287e+00
2.508782748644386551e+00
2.508935016001269336e+00
2.555944979544034990e+00
1.453857569624731561e+00
1.495711247068432836e+00
1.463206365011027632e+00
2.442788774360349358e+00
2.426481507451849318e+00
1.500108966922450549e+00
2.492689691609029090e+00
1.537780152801272227e+00
2.512483847432010808e+00
1.491479259810842173e+00
2.468362135644150079e+00
2.553574152047962009e+00
1.506565563356323301e+00
1.434234894720396003e+00
1.445437791214877699e+00
1.499192557066328924e+00
1.520761119241752946e+00
1.486526288505183091e+00
1.482770965274063268e+00
2.442816492672452711e+00
2.459837723504610718e+00
1.496156195605663708e+00
2.495374753192651784e+00
1.478438554810884931e+00
1.439576670901395961e+00
1.526999031520475336e+00
1.473565779269405462e+00
2.485588866142058873e+00
2.481417920922865950e+00
1.470386866036131446e+00
1.502816823976573790e+00
2.506942083133347321e+00
2.453660818410992484e+00
2.472899657484671554e+00
1.465556756072969868e+00
2.423379840532141394e+00
1.453837593023504793e+00
2.512795137117164401e+00
2.489818011034520495e+00
2.446822873123995823e+00
1.537475625819767044e+00
1.399499836043642365e+00
1.437641461556938172e+00
2.523757339042191017e+00
