2.479168570041880404e+00
1.489579733780194370e+00
3.482281648793408735e+00
2.439183538206750601e+00
2.438178923645532681e+00
2.541066293870640980e+00
1.546055823694980402e+00
1.474851426390367370e+00
2.479456470542111823e+00
2.432631145708995302e+00
2.456899584595587882e+00
1.477277062829998489e+00
1.530637210307842722e+00
2.511026653302967482e+00
2.466145717609962595e+00
2.482504420085430485e+00
1.482011801432796316e+00
2.541141361198257176e+00
1.479015526473523412e+00
2.548189990870243005e+00
1.495443739380237558e+00
1.506649012386871433e+00
2.491813538780480286e+00
2.523442029788812491e+00
2.468808261205979182e+00
2.477918098114288092e+00
1.487158201940388835e+00
2.484291957082309210e+00
2.495301376527149451e+00
1.513004516671968780e+00
2.507213145441367974e+00
1.499375041013150556e+00
1.452972247497881897e+00
2.496907926354723806e+00
1.518581907785453877e+00
1.490080239844693066e+00
1.516386272593810425e+00
2.473154980744153519e+00
1.490941799982659965e+00
1.519602819973668861e+00
2.477038439270355941e+00
2.471818697475546944e+00
2.492960728403442516e+00
2.475564206450969085e+00
2.516730469136875481e+00
1.538311599383364037e+00
2.457471939069247213e+00
1.488341772260758145e+00
1.500536017065244199e+00
1.477515832136845342e+00
1.488448927339296679e+00
1.507695793704274978e+00
1.471929578327521471e+00
2.501367206243154673e+00
1.517803189590898105e+00
1.492118417822621446e+00
2.520119398636890828e+00
2.508044890077482325e+00
2.460802919984721449e+00
2.521641612168004087e+00
1.517098856673172458e+00
1.480557238885565452e+00
2.534635731545308968e+00
2.554686176527083852e+00
1.500259236378678640e+00
2.444726145649398497e+00
2.474406106817461204e+00
2.490128474761658328e+00
1.534131100798256542e+00
2.471875454174893960e+00
2.532573639958575651e+00
2.463052324576590735e+00
2.475461863787934647e+00
1.501319355614300521e+00
1.524406780272751671e+00
2.542183123340229667e+00
2.478016235923338417e+00
2.530301285297639424e+00
2.496489552121611499e+00
2.473917898211745126e+00
2.539309298460992625e+00
2.525643531977904921e+00
2.462223878961922185e+00
2.529519016010301158e+00
2.510054497679752750e+00
2.543107041420764158e+00
2.472769247962593120e+00
2.509138194135585032e+00
2.451913895059528503e+00
1.562800059034072708e+00
1.455396769821662328e+00
2.604077129602528018e+00
2.421837162722547898e+00
2.495939040999099134e+00
2.525943563040933260e+00
1.492679896375677551e+00
1.482767926787706081e+00
1.442107283515684513e+00
1.504403447306084107e+00
2.573864356019241573e+00
