1.484098479169449147e+00
1.500876051729498561e+00
2.464026604314454527e+00
1.449786495157301403e+00
1.509076960451638527e+00
2.505478218030548376e+00
2.481594677275279270e+00
1.492394114970515329e+00
2.494773639799994225e+00
2.495220278739101349e+00
2.488907910801619217e+00
1.463951346808022080e+00
2.468698689722075734e+00
2.542920740625524090e+00
2.437710523555589592e+00
2.530371290590591737e+00
1.453801937804070743e+00
2.499154412012891235e+00
1.533829423562452110e+00
2.513804469714250533e+00
1.409792377382268480e+00
2.530660687049951729e+00
2.472293474452532003e+00
2.472109696982441207e+00
2.560998432349483878e+00
2.437610054920959612e+00
2.501942880518162937e+00
2.464821629684662785e+00
1.476193177915073873e+00
2.474184210511804149e+00
2.429825620470950742e+00
2.479384179341873828e+00
1.500673975367609048e+00
2.471046491194680339e+00
2.455660523863533395e+00
2.464541600514451147e+00
1.474110233986802188e+00
1.507270831872912442e+00
1.464978606073988887e+00
2.460175554987942714e+00
1.521049169526514921e+00
1.478093973691153806e+00
2.456154537281917349e+00
2.481236212141634034e+00
2.509837621552202247e+00
2.423530438965036726e+00
2.495154465967579061e+00
1.535762921394860259e+00
2.488302609393838516e+00
2.502693877033415504e+00
2.453728642084943790e+00
2.510796637471278459e+00
2.453307340054412311e+00
2.437875524418212869e+00
2.533743769752205388e+00
2.541764930255965727e+00
2.463239481438221912e+00
2.522709889671284955e+00
2.438790941043407656e+00
2.503670469829480716e+00
2.482791536627186435e+00
2.474550982406531929e+00
1.500614705324700537e+00
2.445315741341016480e+00
1.446317462574348456e+00
2.520167697532579520e+00
2.412771355775428450e+00
2.465867792378182433e+00
1.451643989231929499e+00
2.470535086330629237e+00
2.453897362396565640e+00
1.493445803578426379e+00
1.499899452692032398e+00
1.479702492298254679e+00
2.457152838879640200e+00
2.442495016905090743e+00
3.428539950204574804e+00
1.478167175692860269e+00
2.490022056288091701e+00
2.475088121173063538e+00
1.465325900388578573e+00
2.466324595893790494e+00
2.494150510634654871e+00
2.513190123634442497e+00
2.414253162929876684e+00
1.468266777856364058e+00
1.496588255559953229e+00
1.465340936302347741e+00
2.515161136535466024e+00
1.483517458986804316e+00
2.515552173375183553e+00
2.522294127994485713e+00
2.436493515858733527e+00
1.489114661868029765e+00
2.481052906885917508e+00
2.464091100376523791e+00
1.509102292983593774e+00
2.451270240234443953e+00
2.526568267191450445e+00
2.540598020408091351e+00
