2.496572309381376975e+00
1.506017807108366746e+00
2.495888187425038929e+00
2.443637464384971647e+00
2.433826888207727634e+00
2.504124136641606047e+00
1.438142764958674880e+00
2.458415817130157777e+00
2.483036248055588313e+00
3.451374972740300695e+00
1.517481295356671867e+00
2.491211492633463642e+00
1.486933739420962741e+00
2.516134424671277348e+00
3.445484758200872299e+00
1.512384177680407005e+00
1.457837300224356536e+00
1.512704980415203071e+00
2.482320243157302375e+00
1.497500211674931858e+00
2.471849828329399479e+00
1.507616223672181954e+00
2.476808811002966237e+00
1.516308170514476528e+00
2.489713496934714332e+00
2.462793728176598140e+00
2.425792949372794993e+00
2.475950156221244924e+00
2.502919266448852209e+00
2.512342890880224111e+00
2.436611681073546976e+00
1.475044190435444325e+00
2.460428449552531482e+00
1.509931160957540985e+00
2.479772203669237118e+00
2.529794055662016650e+00
2.504186594767418228e+00
2.453974887359277712e+00
1.500734480369017465e+00
2.446458128237604335e+00
2.449316507424150746e+00
2.494903621073686573e+00
1.467617950722220233e+00
2.462662840778224282e+00
1.504344292685609652e+00
2.474876805957484383e+00
2.497512032740682564e+00
1.471842518495260377e+00
1.491617724980746740e+00
2.474958238331633531e+00
2.457360255080624611e+00
1.491444941496659959e+00
2.449720455640277184e+00
2.460680134270342378e+00
2.500468540554705577e+00
2.528692327907443804e+00
1.522064556051984541e+00
1.467481064539504887e+00
1.574556941743637362e+00
1.519120428308733173e+00
2.506417406763736810e+00
1.487868480691178830e+00
1.495779559996482710e+00
2.439142191913195479e+00
2.481411366636797844e+00
2.521900022825454002e+00
2.483448282621202985e+00
1.523020074240635902e+00
1.553560470342536970e+00
1.523818326974563986e+00
1.533273257669996115e+00
1.543269185064111371e+00
2.467812763890611993e+00
2.518333670095288301e+00
1.482190160620760366e+00
2.465889040581846992e+00
2.490835571702102236e+00
2.453787149157584668e+00
2.525937078647832568e+00
2.510475291486732541e+00
1.475870814315873858e+00
2.483485960635170908e+00
2.521441217741823948e+00
1.500780344362282248e+00
2.493418950965699210e+00
2.437921544919488426e+00
2.433529601559567546e+00
2.542601120387705471e+00
2.493629426941573968e+00
1.521268431098666829e+00
2.435074453707662734e+00
2.498651801260876493e+00
2.486897310528740412e+00
1.514666392656514482e+00
2.489862407219215701e+00
2.429747345564398309e+00
3.463066309189530845e+00
1.539599986436668733e+00
2.449050120240190420e+00
1.490388828321836279e+00
