2.463055442458359057e+00
2.489780272888603818e+00
2.462130792295381898e+00
2.561969789328096159e+00
1.483739452677475201e+00
2.458768183265459761e+00
1.489332255542706873e+00
2.501695038248951786e+00
1.440053354984494272e+00
1.498557032494847840e+00
1.495622510733433774e+00
1.509447892222068432e+00
2.495160710701629370e+00
2.434041306225195544e+00
2.530103670666440152e+00
1.481019782126266504e+00
1.491291754319882035e+00
2.505828251188031874e+00
2.496656786990546273e+00
2.436720642558725558e+00
1.527574310353745579e+00
1.515596306449797925e+00
2.477274881435838960e+00
2.534388265463799694e+00
1.501969494513800685e+00
1.500632046670680175e+00
1.518790472196736019e+00
2.527343340490767254e+00
1.491832012339718849e+00
2.484532696535197704e+00
2.517821733367881620e+00
1.485342921854841514e+00
2.505428106621327089e+00
2.493904179863777326e+00
1.541121977444529056e+00
2.443072382877323090e+00
1.576168171138341290e+00
2.531701570528197998e+00
2.492887887137359648e+00
2.472356726004823368e+00
1.437694573788350194e+00
2.462526111445926258e+00
1.501604060307063948e+00
1.492011855712841228e+00
1.498929594958870126e+00
2.477633070677115246e+00
2.498810774192705697e+00
1.517723848985019108e+00
1.459750388059101622e+00
2.468113490620732264e+00
2.483953713413594944e+00
2.505859483839209645e+00
1.506559335270135191e+00
1.489805490811972888e+00
2.459209998816387355e+00
2.455867774707698459e+00
1.511992123701902724e+00
1.538865595674058007e+00
2.492660264072049436e+00
1.507098475528968251e+00
2.468031920663303680e+00
2.480483504928634009e+00
2.468883037597057406e+00
2.524527455860691383e+00
2.436732953815522240e+00
2.466018941997518255e+00
2.475603292147888546e+00
2.500048970321178121e+00
1.511738030587539861e+00
2.468280722245649983e+00
2.463186293152615836e+00
1.451430265619634508e+00
2.493963632552870457e+00
2.535633355122746124e+00
1.466326322674865068e+00
2.477497453071218825e+00
1.467576692000384320e+00
1.504385117407502692e+00
2.462792602761115557e+00
2.475807029934989245e+00
2.517562234802241061e+00
1.470167613451865751e+00
2.448960858608857816e+00
2.449361893346563068e+00
1.490163049850195431e+00
2.484262816646667815e+00
2.523455400359900125e+00
2.462446730726105315e+00
2.455223626756746214e+00
2.484214278669035103e+00
2.538558378055935094e+00
2.474701860286600219e+00
2.478973160031980427e+00
2.466535149047011544e+00
1.519179351795297839e+00
2.459613283680208262e+00
2.488003068502909088e+00
1.488978619474606857e+00
2.502297786426038062e+00
1.511985671069014714e+00
