2.531353414549044611e+00
1.504326646020681224e+00
2.517803578431260902e+00
2.546843227120731079e+00
2.464572450408730298e+00
1.550066659953607706e+00
1.498245770806532207e+00
1.484141020432130142e+00
2.518990387865985614e+00
1.460122693695683260e+00
2.458416608727779007e+00
1.480569337171264266e+00
1.500759134311921983e+00
2.521028093817258675e+00
2.496132517768326675e+00
1.513322776414286253e+00
2.584552808450677919e+00
3.352993391718529725e+00
3.434996251542386414e+00
2.446109203317371694e+00
2.549865282930214860e+00
2.529777376005767131e+00
2.500535911167922176e+00
2.403859918473091550e+00
2.529152769428408831e+00
2.422874314165753162e+00
1.456657155520900693e+00
2.485283057374455762e+00
2.492632601234358258e+00
1.511301246877254201e+00
1.449072684993929938e+00
2.469379492825090505e+00
2.475518581245204963e+00
1.484597104588939898e+00
2.538167869918106057e+00
1.471312102878971295e+00
2.481316174949975917e+00
2.524881432227049860e+00
2.494990311056233701e+00
2.522089912362357467e+00
1.494955483467779622e+00
2.522592681077452159e+00
2.502183907453707334e+00
2.488644496249999616e+00
2.434105322715952813e+00
1.540646783129691944e+00
2.469551946719794611e+00
1.509343837764463014e+00
1.543370695428196715e+00
2.449535263949586650e+00
2.480323617334463826e+00
1.478693771336256457e+00
2.488908014142721115e+00
2.482536706330164211e+00
1.495756858282970780e+00
1.454373196614050734e+00
1.532841334703534342e+00
2.510138389522615032e+00
1.437046309648281950e+00
2.511428425501904371e+00
2.445458615094411314e+00
2.487698269887320013e+00
2.472876145190165076e+00
2.502078298823013469e+00
2.468716564959693827e+00
2.510970126477530595e+00
2.463753076924906971e+00
3.518472809149068681e+00
1.529046742529303060e+00
2.556050724084225401e+00
1.484773230434854430e+00
2.498791261374144312e+00
1.428339409564767903e+00
1.489134268165897002e+00
2.466744991163887679e+00
1.544392834646022727e+00
2.554835634861125637e+00
2.513839069023470874e+00
2.442535592880636486e+00
1.525249787297173754e+00
1.519357725754797217e+00
2.443349952296059779e+00
2.491196052692125740e+00
2.475023317343838958e+00
1.488991929525523616e+00
2.509059877439295594e+00
2.419338203757438244e+00
1.467287041500368039e+00
2.486196362040923091e+00
2.456425224369642279e+00
1.479641275133658285e+00
2.450359083516948644e+00
2.418713866551812419e+00
1.510441819914728923e+00
1.511958133338108468e+00
1.515134617072663170e+00
1.486649319801413682e+00
2.487974834037305794e+00
2.492159288901017344e+00
2.528582995041006587e+00
