2.487676083157899676e+00
2.476501637327770844e+00
1.521073125156196193e+00
2.407024321985158810e+00
2.518268238104187873e+00
2.444920153802028207e+00
1.548511666277979426e+00
2.461715651685427719e+00
2.451247713667646710e+00
2.536051104419812852e+00
1.482959983816275695e+00
1.421315831881940328e+00
2.525637842264105704e+00
1.478643253481944919e+00
1.516213066785265573e+00
1.453112942813066466e+00
2.507063795853939681e+00
1.486885346066756375e+00
1.564143158460617133e+00
2.430788952703220485e+00
2.472228910024175885e+00
1.486064461870875153e+00
1.481019314004864196e+00
2.498808543882318656e+00
2.433038450268746100e+00
2.515089393060291112e+00
1.479634885049863957e+00
1.512332246052077389e+00
2.554232169288435106e+00
2.530810705712168485e+00
1.474614834806823982e+00
2.464071508152674728e+00
1.468409273158549411e+00
1.539000772493113844e+00
2.463380052077704718e+00
2.482566556345588094e+00
2.487555845139715505e+00
2.531286410001191367e+00
1.487021047901813109e+00
1.529031786007502891e+00
1.483365403868093679e+00
2.501883330178316545e+00
1.494162361071119882e+00
2.499851763212191713e+00
2.466293396463534737e+00
2.438094615881494676e+00
1.446462250025638330e+00
1.489888427268877935e+00
1.518817234987926312e+00
1.487979373439632713e+00
2.435463591981574805e+00
2.493381923928188026e+00
2.489628381604926499e+00
2.453348736986723289e+00
1.394437994202844200e+00
1.456111340631810691e+00
2.505699015411770869e+00
2.490766142125600435e+00
1.500871242691040441e+00
2.509025398090054981e+00
1.487845677479016748e+00
1.526292795475722164e+00
1.517790881912531642e+00
2.458751968479320649e+00
1.488827400359447939e+00
1.472760509578537880e+00
1.529579758302294978e+00
1.454086192015393575e+00
2.489913029542640377e+00
2.463728658870750099e+00
2.462932879564463384e+00
2.455351674664763451e+00
1.572307641477524998e+00
1.521945874340232763e+00
2.482537090940256874e+00
1.536318416872539450e+00
2.463670625205541587e+00
1.465544108858742200e+00
1.458400909057123052e+00
2.501982518914824816e+00
2.428399153835473001e+00
2.532705923617495802e+00
1.492682781579529605e+00
2.505544448462467155e+00
2.443087665364437555e+00
2.476248926251497284e+00
2.468757224711347842e+00
1.480281894022757783e+00
2.543179718288163915e+00
2.451314682262778266e+00
1.511338952824946569e+00
2.464454706851532784e+00
1.477423362146454089e+00
1.498379778701371068e+00
1.532449852087455433e+00
1.449749830831883024e+00
2.474600609050295663e+00
2.474610624510335644e+00
2.478336832136146306e+00
2.497196726060471494e+00
