1.481432565014509706e+00
2.504423626297120897e+00
2.478621989474945497e+00
2.531035879747353778e+00
2.455918575223284606e+00
2.515895714862855570e+00
2.445562701195053812e+00
2.478480529998618564e+00
2.487934756578036755e+00
2.553324240810626922e+00
1.553029143408145352e+00
2.500517188722558348e+00
2.534178587674136729e+00
2.467177124784065256e+00
1.509974867328767845e+00
1.443584664491748937e+00
1.515249408387329133e+00
2.480947135436984752e+00
2.509565888335224315e+00
2.518120340541519120e+00
2.476197134094365815e+00
1.492894823672073601e+00
1.443003738672385072e+00
2.471076454842046743e+00
2.500025174991900467e+00
2.408113267181730244e+00
2.490755180364821353e+00
2.501621208537205376e+00
2.469534087464650085e+00
2.533320275001714972e+00
1.530978708457980009e+00
2.548386837452309539e+00
2.581056659659338948e+00
2.530924140323116411e+00
1.468804516803309479e+00
2.455676123367822150e+00
1.555644362263047586e+00
2.515278563512465038e+00
2.444387500796017854e+00
2.477982278689558449e+00
1.480579892392470676e+00
2.472496909226493678e+00
1.432128533236884937e+00
1.545383748804052049e+00
2.441210600350570470e+00
2.552365855449378884e+00
1.493679520933038463e+00
2.520247700165664018e+00
2.536461958651615944e+00
1.510370996912774988e+00
2.491375656201520350e+00
1.476768367999184317e+00
1.513127313233865401e+00
1.476200800309783068e+00
2.449102436794413862e+00
2.479309542601511929e+00
2.489471914934533014e+00
2.468134197438157429e+00
2.540215181458548965e+00
2.502899424191439515e+00
2.472027642600890918e+00
1.483449424734022193e+00
2.457137095187962750e+00
2.436314287214872198e+00
2.437756823376341586e+00
2.503777447069548856e+00
1.464457187494992318e+00
1.497843918462824941e+00
1.525538614538217930e+00
1.485408780339626533e+00
2.569506106774682941e+00
2.563972197727828028e+00
1.470356780402692465e+00
2.442985921302637475e+00
1.468196516513465388e+00
2.475979432775410327e+00
1.487414242391261299e+00
2.502244703531573577e+00
2.430465735320066489e+00
1.482263368743776066e+00
2.508708616014732939e+00
2.481485040834204181e+00
2.456330450917430852e+00
1.476691599077927464e+00
2.427472927668769653e+00
2.501826046359564959e+00
2.439911889965211245e+00
2.481641570413473996e+00
1.456924156468590859e+00
2.465025461082459124e+00
2.465677225335660694e+00
2.452283940677444374e+00
2.478938929455588358e+00
2.476317189860820722e+00
1.455999254222416051e+00
2.487007299542173921e+00
2.473934996683361032e+00
2.513342128695394084e+00
2.443045341101581780e+00
2.525014038447668252e+00
