1.458410473090471005e+00
1.539176158107878889e+00
2.449245130978187746e+00
2.545881362258041403e+00
2.472552947863833062e+00
2.467743923017953200e+00
2.473564609221624799e+00
2.518136530329049716e+00
1.602986986022712834e+00
1.511826842517460134e+00
2.417352545774079875e+00
2.480722298910066126e+00
1.533586917678843919e+00
2.523140641721386856e+00
2.520666774713983038e+00
1.548545078954321141e+00
2.479857426621443484e+00
2.468081554746492490e+00
2.452145298538507046e+00
2.426738205737098752e+00
2.491979559459963856e+00
1.522134132705355691e+00
2.515978654832579764e+00
2.487123639676624531e+00
2.476794378848966360e+00
2.442526713993099730e+00
2.463892187330377848e+00
1.530792055918348771e+00
1.452577191133906265e+00
2.563402672320139963e+00
1.494032567082561824e+00
1.467548979851760915e+00
2.506704530030476885e+00
2.510283651548321338e+00
1.483734542066670992e+00
2.448182278025009317e+00
2.485256877841525824e+00
1.461331423422189468e+00
2.433399966534860237e+00
1.544919720613436409e+00
2.452270441882148155e+00
1.477420238505708694e+00
2.471364867699670675e+00
2.450154456569268113e+00
1.547030642957786917e+00
2.493871748973210956e+00
2.519225086397698821e+00
2.518055568698062796e+00
2.422646371646121288e+00
3.446907336574056124e+00
1.518815420027194607e+00
2.493425289178866411e+00
2.462870931048739553e+00
1.462315746507218073e+00
2.437593416002318047e+00
1.409232399214673137e+00
2.469310256314228180e+00
2.490049108173227221e+00
1.515799781059308016e+00
2.493049718893570965e+00
2.490645942385123046e+00
1.497024585908883765e+00
1.477776664312795640e+00
1.467263508500517455e+00
1.530480430114302903e+00
1.565537573614968148e+00
2.467783383390665719e+00
2.505551468592094988e+00
1.468953840222453122e+00
2.498455098213872461e+00
2.526250860543022725e+00
1.524724247978871183e+00
2.450570877169792272e+00
1.502687957361921178e+00
2.466639312733377221e+00
2.471671482793022623e+00
1.486928741008017196e+00
1.486582788502394337e+00
1.449736944879142619e+00
1.492902420448092293e+00
2.520915882186023804e+00
2.471851714318843207e+00
1.468750854671478256e+00
1.514061063442708299e+00
2.441726688263420098e+00
2.484955290257353955e+00
2.527494269201197241e+00
2.501307056919052751e+00
1.505189740817282518e+00
2.453945151266849312e+00
1.463623952918373661e+00
2.501231486412999416e+00
2.452307189344371974e+00
1.477329305362555356e+00
2.445978875057169155e+00
1.509579050341684381e+00
2.467320973068732659e+00
1.522159826946424044e+00
2.450692195754322178e+00
2.510279814903146445e+00
