1.509223493707450015e+00
1.511685831306258665e+00
2.467529392850319692e+00
1.488449479903515948e+00
2.455844564090970739e+00
2.470060702449556000e+00
2.502218539768906069e+00
1.518818431974886085e+00
2.460572481041343185e+00
1.510640714668209927e+00
2.519238822162826352e+00
1.495653240800706829e+00
1.463387096534835008e+00
2.514217552098001018e+00
2.528680057438918549e+00
2.462127518118728542e+00
2.463598125699657970e+00
1.488842078728068730e+00
2.500637801075407562e+00
2.517063085618993501e+00
2.454352737174864352e+00
2.397481032891647601e+00
2.472274422654945347e+00
1.509893132386806558e+00
2.494885928494776195e+00
1.468186870709396574e+00
2.421286585083258558e+00
1.555957240565440713e+00
3.458123208039976415e+00
2.433998041586828531e+00
1.460203798761913196e+00
1.446075250252730315e+00
2.480059095594130625e+00
2.542884786780081008e+00
1.488900371360543762e+00
2.503224356529798911e+00
1.460203676479555401e+00
1.510552937542201990e+00
2.487409945069018580e+00
2.419746463841572659e+00
1.451117140018736817e+00
2.545369463016803113e+00
2.475320937621998230e+00
2.511214252139423397e+00
1.458235077003588342e+00
2.491619409689716402e+00
1.484369676533594085e+00
1.472514611604929913e+00
2.472239657104617461e+00
2.486156184944020797e+00
2.495925286014661015e+00
2.503523614070116032e+00
2.546904661578995643e+00
2.499215286430200855e+00
2.414481646229088341e+00
2.543455928791155340e+00
2.469122234474074418e+00
1.515074309021846144e+00
2.435282308200841683e+00
3.455240730007034244e+00
2.529552275855798893e+00
1.538767535222854699e+00
2.420005734318975144e+00
1.475554571085542221e+00
2.509237727112619609e+00
1.478143954503493784e+00
1.526870572403943749e+00
2.441876741870352863e+00
2.490039243376105382e+00
2.481189500791897817e+00
1.502101925618121614e+00
2.447293203809700834e+00
2.468752325391066815e+00
1.489097430886338502e+00
1.494146945184167796e+00
2.522777203113608646e+00
2.454766034767919880e+00
1.533698067435146806e+00
2.467983410908350717e+00
2.431666362411178284e+00
2.498955351852151008e+00
2.428759993445748666e+00
2.486619010976280464e+00
2.490140091527191846e+00
2.485008326087791541e+00
1.482636667568240973e+00
2.475686783018616222e+00
1.492379294165556924e+00
2.477333424312687882e+00
2.450587729105381030e+00
2.449885697717347099e+00
1.530526399265200954e+00
1.538766430932530405e+00
2.473837272830177181e+00
2.548822078229379340e+00
2.485332982277670411e+00
1.537535257853004600e+00
2.482392923237210614e+00
2.414261681188490272e+00
2.446261626771553122e+00
