2.446158996880901881e+00
1.493124853793084128e+00
2.472880370224715740e+00
1.528285639377322536e+00
2.481887815497366034e+00
2.545569606519271666e+00
1.513595758505209998e+00
1.530093379282907895e+00
1.432691121413774304e+00
1.507179420848422380e+00
2.463840332704505975e+00
1.491359938136258556e+00
1.557603308001003883e+00
2.530434405115789431e+00
2.507340494053011071e+00
2.475059829719234550e+00
1.450943857767964307e+00
2.451060726341778295e+00
2.422502468924018881e+00
2.472513763688028998e+00
2.426366883737621993e+00
1.542943997409802037e+00
1.500569653961084660e+00
2.442719327662449480e+00
1.543645652794310097e+00
1.476591786930246064e+00
2.511146728204572298e+00
2.466571907237351091e+00
2.474077191726128611e+00
2.479693029356565326e+00
1.532396000879415965e+00
1.494278435035191199e+00
1.542738032807875914e+00
1.536687845612169312e+00
1.464465253599480210e+00
2.515611823022179117e+00
2.484475123110723160e+00
2.484010846404229866e+00
2.417239499512591649e+00
2.447317135856096559e+00
2.448457131387197006e+00
1.500445633471568119e+00
1.508830824666867354e+00
2.425593586148486303e+00
2.489203518307646412e+00
1.497168037662311324e+00
1.512013655221126518e+00
1.489706225459975553e+00
1.436255053697548467e+00
1.496935695802326549e+00
2.479960011066250303e+00
1.494678888470641009e+00
1.497867276169462691e+00
2.486218767752519376e+00
2.539427844812124579e+00
2.503461485300165990e+00
2.493638040746169349e+00
1.468708549414735831e+00
2.517599327466597980e+00
1.460958988518145762e+00
2.567159414227474734e+00
2.547177631630737960e+00
1.464752811491016660e+00
2.495548017180945877e+00
1.481989303098457000e+00
1.507527328345790174e+00
2.456118149887331459e+00
2.506290760802698969e+00
1.489627976105853069e+00
1.509891105091667907e+00
2.460994366965211455e+00
2.457700094915418187e+00
2.539332641062351570e+00
1.490931586666997433e+00
1.506050656047893677e+00
1.442773756836380983e+00
2.382903515899060576e+00
2.498158517011822344e+00
2.466244731567988513e+00
2.454753387767991235e+00
1.489560033351521984e+00
2.481718060468975029e+00
2.565450244079794384e+00
2.549305384069622260e+00
2.447173049514484777e+00
1.487034428841097267e+00
1.550039314251337119e+00
3.448158708065795608e+00
1.448479759352899521e+00
2.504658683265489572e+00
1.472412133912803123e+00
2.493408685989427997e+00
2.485442368290934123e+00
1.489895193702766019e+00
2.529824333063829922e+00
2.510003394526411746e+00
2.496756169606282327e+00
1.501392442099323210e+00
2.487383420847302684e+00
2.425878622299957765e+00
