2.447274834998828474e+00
2.469026920070013453e+00
2.465106787230687768e+00
1.493122133748741476e+00
1.449671907282953809e+00
2.433070067180128415e+00
2.474347315417841031e+00
2.500162125990703199e+00
2.520594233399379380e+00
1.583319004242034866e+00
1.457535654494801269e+00
2.511341709765170904e+00
1.498431299301808295e+00
2.427968136689178102e+00
1.467078750410607757e+00
2.454567921131867614e+00
2.511612299527134162e+00
1.464160909183696457e+00
2.375935891167398673e+00
1.493097155146262622e+00
1.532610388192589213e+00
2.417020662154953481e+00
2.456435008203080361e+00
2.484822736048524217e+00
2.493893987804797430e+00
1.455354968583223441e+00
2.484355267334428241e+00
1.510391087815972311e+00
1.484492621162333270e+00
1.532716384126399989e+00
2.461802740596772399e+00
1.452885774748205350e+00
2.431114563717755139e+00
1.471809198716497180e+00
2.454233580588214281e+00
1.481727219883707258e+00
1.511281097174548727e+00
2.457556708749701890e+00
2.557060224815712601e+00
2.486092075922666123e+00
1.476053538250445385e+00
1.454493562975367027e+00
2.431208651596408643e+00
1.526539566378392054e+00
2.503385613796978770e+00
2.530146134499758226e+00
2.442027863492819417e+00
1.488220026882799640e+00
2.464436954538900437e+00
1.493087262418733907e+00
2.518920909788970874e+00
2.502528056672998158e+00
2.522723936548040502e+00
1.484526170063162676e+00
1.454110046567719028e+00
1.481799632418740131e+00
1.511547308182134008e+00
2.495665072490877101e+00
2.447043795688264023e+00
2.500240119301916142e+00
2.502900592318925366e+00
2.445288084001981055e+00
1.484981740178184850e+00
1.504326958171659401e+00
2.461073257267726522e+00
2.498919129965859742e+00
2.504885388101372623e+00
2.496991386280445369e+00
1.503775360163776442e+00
2.498845857394540015e+00
2.459888828712703646e+00
1.460847736812818098e+00
1.531749881839399752e+00
1.513105811021512093e+00
2.486466912080371294e+00
2.443287187435464247e+00
2.492619936492634469e+00
1.458638108496866259e+00
1.487974785820993961e+00
1.499158356198156516e+00
2.456041452113974621e+00
2.492002059863321684e+00
2.538469433579747747e+00
2.481463532334324817e+00
2.530778467193618209e+00
1.518794124244723598e+00
1.475151768625838855e+00
2.535894593680323883e+00
2.470227814781999598e+00
1.534441556440193422e+00
1.438166954284266108e+00
2.473701050382523192e+00
2.446142891347793835e+00
2.551576665381965814e+00
1.451579503833196005e+00
1.496771957669912112e+00
1.469937035756165855e+00
1.498195993349266564e+00
2.507844002676891115e+00
2.507440080194029086e+00
