2.487409513750078016e+00
2.463737721817422788e+00
2.474091731650063686e+00
2.503008315566112252e+00
2.428096686918377323e+00
2.435674315457332373e+00
1.463663652818200767e+00
2.503020860656082647e+00
1.526993613213192269e+00
1.498462194840267436e+00
1.540735865873528843e+00
1.481298186078749302e+00
1.473254655697896709e+00
1.492556667880587495e+00
2.462637366204404099e+00
1.517805486207675081e+00
2.538107760437938509e+00
2.526367321256476117e+00
2.420088570016428520e+00
1.420769773478326670e+00
1.466203255742915879e+00
2.485652311682270632e+00
1.489616597386134833e+00
2.478398231328456713e+00
1.492833919048807800e+00
1.485909613784955452e+00
2.526719468663506163e+00
2.540700387791587023e+00
1.471379511653491123e+00
2.474380078139041483e+00
2.474789097492792855e+00
2.505060879448227862e+00
1.533624556556048679e+00
2.482986506537449234e+00
2.544591649339145611e+00
1.508254831727632750e+00
2.466379212049925052e+00
2.512887896027685475e+00
2.440634890926054457e+00
1.523022338459232738e+00
2.544121531037709438e+00
1.517803850233830687e+00
2.421577773908653253e+00
1.481148266431478344e+00
2.525341307859553019e+00
2.527565221094427272e+00
1.594153231079067590e+00
2.502103766475752167e+00
2.476153478284929932e+00
1.502884251801807514e+00
2.461686076800079448e+00
1.493751819184771623e+00
1.532112264566384496e+00
1.480410604427220278e+00
2.411453910729239425e+00
2.479427240260299925e+00
2.528952744056843116e+00
1.452225212139759636e+00
2.508511673697411570e+00
2.480989043935836857e+00
1.484254154080010490e+00
2.515780451258873285e+00
2.474523679973134271e+00
2.527492217172147448e+00
1.438440139358763137e+00
1.471014975981844275e+00
2.502224051849581521e+00
1.464888414816591045e+00
2.495292018012698509e+00
1.473335899539329308e+00
1.449417787005562452e+00
2.477756453396435798e+00
2.534506490138680679e+00
2.469444616290225269e+00
1.523814209444294132e+00
2.484233369123690416e+00
2.546257754137236429e+00
2.518884720607463823e+00
2.448509851186734032e+00
2.477784417437197462e+00
2.439837734511298706e+00
1.454549960779075723e+00
1.530772573407888082e+00
2.492264250061193120e+00
2.457291812409724052e+00
1.460869917634509907e+00
2.443985924596482118e+00
1.457957472120838593e+00
2.524378664842492181e+00
2.477977466009876117e+00
1.529105958584660252e+00
2.484883904576126401e+00
1.485910280544836759e+00
2.476322733328774728e+00
1.453730683843840632e+00
1.458090984637441245e+00
2.532159952875650877e+00
2.483841215077957187e+00
2.521635388657828880e+00
2.466105106655702706e+00
