2.420488715462656870e+00
1.511033003874622027e+00
2.491965021889865017e+00
2.482534275990769590e+00
2.465545884075749150e+00
1.516345915643008579e+00
2.502263826425203508e+00
1.475199144733896350e+00
1.576503906438566194e+00
1.481664589413411726e+00
2.494449077936424342e+00
2.479265683748519855e+00
2.490654191219695779e+00
3.466026552116008741e+00
2.464549872319486745e+00
2.495603156057717431e+00
1.498934587749852554e+00
1.467556849805704333e+00
1.493215283864276488e+00
1.495698660900671939e+00
2.556149578696856217e+00
1.430791714745747845e+00
1.478145232965662581e+00
2.506825384870858375e+00
1.487925992256042385e+00
2.556221993958352812e+00
1.503889879309306954e+00
2.487295128646510811e+00
2.433291707040162954e+00
2.466522785765371317e+00
2.444800921268317051e+00
1.477990356558557261e+00
1.474424316463083695e+00
2.455596263949471947e+00
1.426254593301341744e+00
2.461979839499932599e+00
2.475866979954968627e+00
1.520547370833249978e+00
1.482203299789126127e+00
2.440503095808660650e+00
1.502180731839015682e+00
2.429819667090029167e+00
1.482587984591469343e+00
1.485748603203657536e+00
1.458734605404983231e+00
2.399526530600303076e+00
1.464473689313045224e+00
2.511721679292353127e+00
2.489019280008902602e+00
2.483975649403055819e+00
2.484045373426315262e+00
2.505305457854011486e+00
2.479334191456653791e+00
1.508884792273264663e+00
1.487138706146647893e+00
1.465412519707942174e+00
2.462378642382290650e+00
2.436522880567261407e+00
2.488391847290859271e+00
1.594413619855355124e+00
1.461006277379781393e+00
1.521243655247547899e+00
2.470859250236943971e+00
2.435878979175897463e+00
1.461402976573627832e+00
2.465852786950347930e+00
2.484102747959639146e+00
1.481080530723575706e+00
1.486712281185148754e+00
2.472112764765631798e+00
1.541215419611233095e+00
2.516313229252720163e+00
2.452862640598366895e+00
1.532183493742776292e+00
2.462115297767690336e+00
2.436507438139263293e+00
2.513982458063104275e+00
2.450791335083402966e+00
2.391163225592356500e+00
1.460505439829664409e+00
2.540666851560475337e+00
2.510329636868291470e+00
1.440620523856839474e+00
2.530677460560296854e+00
2.407991799394380461e+00
1.517979765053891095e+00
2.488954188482819685e+00
1.504367733316061218e+00
1.462434776955123583e+00
1.487044860868569796e+00
1.482341814243125500e+00
1.451447273122755233e+00
2.432672954617271621e+00
2.459410397424306005e+00
2.589985459878613394e+00
1.476777812973171677e+00
2.513029361873666545e+00
1.475399126978332864e+00
2.514470171478287330e+00
1.470763769075813299e+00
