1.454818390736744238e+00
2.479804331041583598e+00
2.522276063656964329e+00
1.543477810413361739e+00
2.429119140795541476e+00
3.438713558797443781e+00
2.489433404096464297e+00
2.498352321868728243e+00
2.474753960254050700e+00
1.458247983472978904e+00
1.474399264402312726e+00
2.526236105655859543e+00
1.501644352027000640e+00
1.549117541747596860e+00
1.496407313360600844e+00
2.475217007864272567e+00
2.507618417650785858e+00
1.520712294205457393e+00
2.474314780945291226e+00
2.513863133225325619e+00
1.489971082519687906e+00
1.429807740651686920e+00
2.463224239492295187e+00
2.432120297182053914e+00
1.546116716668798796e+00
1.465002230706142328e+00
2.437675215579821142e+00
1.528592492169639883e+00
2.411590802541705880e+00
1.508743254525258148e+00
2.468300513769956517e+00
1.468015920388085593e+00
1.436443649537649137e+00
2.502120956644057426e+00
1.457131626266623625e+00
2.470317217654221853e+00
2.452999729096900783e+00
2.505748254735233438e+00
2.457746855304961286e+00
1.509332053256261297e+00
2.487856177671911251e+00
1.500740985676930705e+00
2.480013896193913769e+00
1.477112809304107266e+00
2.492627482774981917e+00
2.441307427627292359e+00
2.516721211677988013e+00
1.507609332952382086e+00
2.533513004666984703e+00
2.448434749477776950e+00
1.521420816269543508e+00
1.474797469307358888e+00
2.492477241364570606e+00
2.470001122677147443e+00
2.474471498546336967e+00
1.495515257062001835e+00
2.565273512811920398e+00
2.526196057209532331e+00
2.460915706974748485e+00
2.421605763244326415e+00
2.474260156809261701e+00
2.468942575915970217e+00
1.482115480786083239e+00
2.447397856737786981e+00
2.466478519121753088e+00
2.482010351356132904e+00
2.546164974505923606e+00
1.451163875952672155e+00
2.451813266228773269e+00
2.476999145726547891e+00
2.454091284518954641e+00
2.504900464596381937e+00
1.511963413389697974e+00
2.476002450301606927e+00
1.473359299905144137e+00
1.477485653001513022e+00
1.526501154158949713e+00
2.494038698380547370e+00
2.467961013964174999e+00
2.439756379584268053e+00
1.509233146226245825e+00
1.489611606148347533e+00
1.482038717668407113e+00
2.459668112599757706e+00
1.505093962568584409e+00
2.519864896022113498e+00
1.572786141039189456e+00
1.448777098438776001e+00
2.482343798880689345e+00
2.472787313842988333e+00
2.516317154481999996e+00
2.467219028420820859e+00
2.502647184496984423e+00
2.537332880694249226e+00
2.500429017272784993e+00
2.491012404633656363e+00
1.481624253667320090e+00
1.490506327200579406e+00
1.549201182497439211e+00
2.512628175252582974e+00
