1.564848459151122695e+00
2.460694813766210132e+00
2.453933315461364728e+00
1.455150913920352229e+00
1.463484570864930445e+00
2.571198322482299847e+00
2.460320866787419014e+00
1.470050692421779770e+00
1.495843664870599943e+00
2.450596481217866440e+00
1.525887196822658387e+00
1.572311684665001374e+00
2.498588783339278585e+00
2.492504026517905480e+00
1.523479147475900186e+00
2.434444605451696830e+00
2.490614554306232353e+00
2.513546114150089661e+00
1.533198181944454452e+00
2.488900653790014239e+00
1.511638616284271208e+00
1.497329809382054844e+00
1.554131060261645159e+00
2.484454883415532223e+00
1.517293663284775329e+00
2.467441586397813413e+00
2.497800116477183252e+00
2.490411557712577384e+00
2.590893555076005494e+00
2.459748715419293408e+00
2.440533502356597495e+00
2.423470595598255617e+00
1.485280248727977259e+00
2.495793294691009745e+00
1.432122810449435013e+00
2.456178811297042852e+00
2.461096430513556754e+00
2.538721068701191630e+00
1.518631343830413316e+00
1.471505893086201500e+00
2.520251378391527464e+00
1.467331246626518260e+00
1.441533154900075386e+00
1.429572527669121129e+00
1.480684912337880910e+00
2.462584772876517114e+00
1.455624380626856507e+00
1.528029082643604042e+00
1.456454486869452669e+00
1.529021197695032752e+00
2.509986780608616463e+00
2.457368295117021706e+00
2.450896819033685503e+00
2.416590827763117399e+00
2.482783877989040988e+00
1.474434637663892378e+00
1.458050746297135047e+00
1.455977266808605508e+00
2.513847908097231798e+00
2.524001223202137378e+00
2.492231689695652008e+00
2.475257209201033870e+00
1.510101903830907144e+00
1.517575755549953609e+00
1.483270851342815222e+00
2.472330854682879053e+00
2.499909716196555554e+00
2.494171656009056992e+00
1.463315586716861683e+00
1.495312697550261527e+00
2.431554684473554939e+00
2.479508376488481325e+00
2.426062168225424198e+00
2.482639520074997996e+00
2.533024247930984796e+00
2.462342465756924170e+00
2.458315705784521743e+00
2.525878421616864156e+00
2.461532692303500358e+00
1.513252637845618143e+00
2.488591735384986237e+00
2.462884486443774001e+00
2.477813188411822853e+00
2.469828232200273366e+00
2.543729640093210342e+00
2.410102994893600137e+00
2.503023331670291896e+00
1.509791812227770036e+00
2.505799928878119864e+00
2.472831659840420748e+00
2.498008153486995564e+00
2.549360934972565662e+00
2.524760490193043605e+00
1.473695481011544572e+00
2.457552200385871188e+00
2.420696050874870942e+00
2.402788947372848316e+00
2.490235820366537123e+00
2.482775443384784619e+00
1.478904552949144913e+00
