1.516584420234819319e+00
2.506548318486530036e+00
1.462984217382873320e+00
1.451054032318867426e+00
2.487505713139189112e+00
2.449973549876985679e+00
2.463502125583092450e+00
2.480086059922898656e+00
2.490512516228051698e+00
2.451689070112756053e+00
2.525166821622980340e+00
2.386855627743394326e+00
2.406398022564227190e+00
2.482081502457343714e+00
2.482958774101150734e+00
2.486265947081871541e+00
1.506386387437663954e+00
2.507491263070046994e+00
2.479921662456011866e+00
2.510827702420395102e+00
1.517319969931581358e+00
1.470561408595288722e+00
2.536165742534052470e+00
1.509916774471641077e+00
1.481439018953159437e+00
1.475472345325252732e+00
2.495729774279729529e+00
2.475839986659813974e+00
2.520774659120208483e+00
2.486981096036818162e+00
1.525862423973957327e+00
2.535346843640620573e+00
1.501100040731511376e+00
2.484238465088511205e+00
1.522084442804924276e+00
2.492142837952954881e+00
2.442569822543574798e+00
2.433495618215550049e+00
1.472173194799021978e+00
1.496565607368976369e+00
1.488521879730556829e+00
2.441165488613266543e+00
2.549697544650542991e+00
1.489730590269524590e+00
1.505819879956695972e+00
2.475680429449377939e+00
2.497619221823089486e+00
2.538039530629053075e+00
1.500962725398240050e+00
2.452973230402512694e+00
2.461632658134902396e+00
1.504267475264468690e+00
1.505780324971725870e+00
2.480605755699825554e+00
1.516641618203479647e+00
1.483465221585514859e+00
1.504894791924265895e+00
1.497497353362496453e+00
2.491629006987634121e+00
2.471148234350316386e+00
1.415517114863757531e+00
2.509326871602474363e+00
1.492045546682533752e+00
2.456646197023981681e+00
2.497467077376746669e+00
2.456573409809962527e+00
2.472042417373474077e+00
2.474835226969514412e+00
1.563065249859625805e+00
2.480669337527675378e+00
1.482206312025064587e+00
1.474497313858605274e+00
1.475921100018724896e+00
1.536008808574635731e+00
1.456963830156164041e+00
1.519807387196293380e+00
1.471202411182843450e+00
2.454931695432721828e+00
2.443633658312796886e+00
2.419078012065300598e+00
1.461870810532080345e+00
1.484694111393896732e+00
2.533327742224779744e+00
1.492265707526127416e+00
1.506788224428978307e+00
2.461832311094368286e+00
1.492153293153498428e+00
2.478508417791462026e+00
2.449370028394126653e+00
1.456036495669344788e+00
3.411301334750850511e+00
2.445506524438560980e+00
1.486157762050271725e+00
1.493123797682021081e+00
1.445911048991117553e+00
2.492625697825659348e+00
2.479849044863810192e+00
2.459032169045734850e+00
2.461375396050004216e+00
2.516503997308992435e+00
