1.512285939194115025e+00
1.485095774629043852e+00
2.419108097934175472e+00
2.436277055310018369e+00
1.529546609190656659e+00
2.477151005678517759e+00
2.568038085539927184e+00
2.452391530042552059e+00
1.505207030857300232e+00
2.465010863159694754e+00
2.441207698221641298e+00
1.503032439487065774e+00
2.496623634761734323e+00
2.448319544075472365e+00
2.504781978964777167e+00
2.498035210947556983e+00
2.449064495030872202e+00
1.486602423694145747e+00
1.513729400486140797e+00
1.515810523690236167e+00
1.528837483411882081e+00
2.482081563260014168e+00
2.449562757874759189e+00
1.508610424898240820e+00
1.507362212559258730e+00
2.419742511190800638e+00
2.460628844258020198e+00
2.473969935969981382e+00
2.502143179630786030e+00
1.572738925458506021e+00
1.494708850676734979e+00
2.469444153145531562e+00
2.459933697017221199e+00
1.502423491447709702e+00
2.452888629191301462e+00
2.481984824547037505e+00
2.520186304843450298e+00
1.550465561570823825e+00
1.504494387162738533e+00
1.545191296433340744e+00
2.495024013375028549e+00
2.491734261113023319e+00
2.476814639797297879e+00
1.543968122234093299e+00
2.493125982293882714e+00
1.471018194436879423e+00
1.483442042962733964e+00
1.456773894549634685e+00
2.446918742734468744e+00
1.446264929663323207e+00
1.438166821463539469e+00
1.411803906614742088e+00
1.468372315557980201e+00
2.473346167857095157e+00
2.549382530744228603e+00
1.542511497128066456e+00
2.479245464463292858e+00
2.426580900996647472e+00
2.523418034822452860e+00
1.508918395133988843e+00
2.494243875047129411e+00
2.469025399871235926e+00
2.449071712255627364e+00
1.510204796383454395e+00
1.505857569338040713e+00
1.500495794009804262e+00
1.456845752213492551e+00
2.448127278230246340e+00
1.517797654850578049e+00
1.512663384697787494e+00
2.425427221751744966e+00
2.532034481759779965e+00
2.513066071328604156e+00
1.493336284284526139e+00
2.499016946336153122e+00
1.491225147309376720e+00
2.531837228463144740e+00
2.477561119674346557e+00
1.428319784273807347e+00
2.516191240785038641e+00
1.451530871302536330e+00
2.421086930496509471e+00
1.502229418010163187e+00
2.475022605883519411e+00
1.422282419174995871e+00
2.448397086048623716e+00
1.465761614569563998e+00
2.454667484076404449e+00
1.524651569526735750e+00
2.474591418177421787e+00
2.462512306478634283e+00
1.544539924630174976e+00
1.557230355177389169e+00
2.516593001506342908e+00
2.490896721812560166e+00
2.483954167290371107e+00
2.485908531973202606e+00
1.487845532674956894e+00
1.469092859293490205e+00
1.544143961054145198e+00
