1.493121234567909239e+00
2.500376462986188653e+00
2.429232972245773503e+00
2.519527433261997018e+00
1.454793936133908838e+00
1.501181789827446655e+00
1.454342128231615572e+00
2.474564899981825050e+00
1.523398880286852330e+00
1.470727621112313477e+00
2.453019479211434373e+00
2.456032003157246013e+00
1.491299061959717287e+00
1.502840016890530928e+00
2.448434858501667755e+00
2.523702407651950086e+00
1.473611841517933341e+00
2.492081717701936316e+00
2.629185171208278771e+00
2.478917144462455813e+00
2.482643998826068010e+00
3.448917157611550710e+00
2.469295915027393651e+00
2.476757828260383931e+00
2.453100436378127025e+00
2.460441924927087687e+00
1.496624397366754788e+00
1.442921444362427419e+00
2.466785584381041563e+00
2.446146872188003307e+00
1.529765585292425900e+00
1.530427774680809261e+00
2.547901118693477240e+00
2.516974903827055243e+00
2.498493352169781190e+00
1.502789939845703415e+00
2.435121683728382891e+00
2.496919024191068370e+00
1.436040326403394518e+00
2.453314885742385876e+00
2.527086096724002307e+00
2.491638499817816488e+00
2.508863729499284823e+00
2.461681346420467875e+00
2.490903234933449450e+00
2.439517850207078897e+00
1.486676415536427154e+00
2.485488717503240075e+00
2.447391206700527899e+00
2.519468659735581095e+00
2.425776562842734130e+00
2.481473443970171555e+00
1.528021953548230893e+00
2.532445402431295900e+00
1.455616409369790976e+00
2.500680791120739599e+00
1.475237815099620375e+00
2.459844932811557694e+00
2.530683948483845924e+00
2.485391982991717263e+00
2.417919952808101680e+00
2.456882116193562560e+00
1.469599906895330932e+00
2.543088977485514324e+00
1.451396243254041707e+00
2.441526337481025877e+00
2.459561363468389050e+00
1.458729280276953144e+00
2.489948077423695505e+00
1.466057845330254406e+00
2.466299625830530307e+00
2.546432463352326536e+00
2.482054313700145176e+00
1.504056264905464735e+00
2.510478795089115422e+00
2.468008017768515749e+00
2.529540993730913900e+00
1.486613309819018847e+00
2.514851390362691674e+00
2.413409730801483466e+00
2.445809089890442323e+00
1.489862597056839766e+00
1.504464643301717031e+00
2.452864294429115244e+00
1.513952372258886347e+00
2.533071881283492477e+00
2.443892286594884666e+00
2.499963208836316841e+00
2.465325106295358726e+00
2.504738741983261185e+00
2.491654563396843436e+00
2.451210786020312060e+00
2.472487262785096451e+00
1.511007085054719035e+00
2.452306325232522344e+00
2.447707526156154945e+00
1.461224846017784795e+00
1.455351214930567627e+00
1.522359591638282161e+00
1.460401065923836672e+00
