2.491595271527738298e+00
2.526568793692525627e+00
1.492772967372277826e+00
2.448541806867336579e+00
2.518103898179480993e+00
1.478844497165530791e+00
2.479017400582494091e+00
1.524887856291199384e+00
1.507181600262754939e+00
2.454237830884226312e+00
2.480252636518879505e+00
1.477646312650039429e+00
1.481996026594871729e+00
1.520989205837089298e+00
2.453044697168724753e+00
2.459566018782989971e+00
2.446510679895436358e+00
2.457071832318235671e+00
1.532438808108626427e+00
2.485503412329424400e+00
1.447263307303313873e+00
1.489400963258051824e+00
2.506887184327718732e+00
2.444354169713215619e+00
2.400763880456865618e+00
2.455763149143618929e+00
2.514520636214482519e+00
1.454989241596136740e+00
2.494956540331695560e+00
1.523713885741174057e+00
1.509688499735711842e+00
1.447542851248436513e+00
2.483260499701776425e+00
2.503565182203055794e+00
2.459067827503700343e+00
2.464920571362406942e+00
1.461340550650427561e+00
1.540959963584839221e+00
2.535905612761903960e+00
2.465870466375870595e+00
1.475534627433890300e+00
1.509964459092295597e+00
2.450336694975695728e+00
2.464356349184137152e+00
1.504110860096013580e+00
1.455168889561684775e+00
2.496940537943274308e+00
2.440714688439388880e+00
2.511851271652908668e+00
1.501250116378112454e+00
2.541844225252528400e+00
2.441783477795055557e+00
2.536530674192012391e+00
3.431994913271452674e+00
2.495907714322224358e+00
1.518276364113260612e+00
2.445984680799225153e+00
1.504581566380608137e+00
1.514813695479380051e+00
2.451901719770875232e+00
2.469390499826200625e+00
2.494916609094192772e+00
1.475273885110354399e+00
1.477028927262929558e+00
1.474652112893629186e+00
1.469970828403698970e+00
1.479583688203642833e+00
1.509969026797070679e+00
1.479865838038235015e+00
2.451488470308024858e+00
2.487979016778624874e+00
2.479533757279381856e+00
2.439653127863960602e+00
2.490368460101708870e+00
1.498958884103332556e+00
2.507199155110820588e+00
2.388240066792368221e+00
2.459928517178085805e+00
2.478277866244678052e+00
2.489385916041239710e+00
2.470507039178223785e+00
2.546314449205129726e+00
1.497068896089888579e+00
2.502425286032138541e+00
2.480381434270865881e+00
2.557818572136737689e+00
1.534569651176842742e+00
1.508719901845322342e+00
2.505161923771528354e+00
2.430006273731017519e+00
1.454421971923980372e+00
1.502346916726939652e+00
1.475808071837329649e+00
2.465659779056790679e+00
2.438824292475300304e+00
1.462417552576753321e+00
2.515605671667309196e+00
1.526895999176574925e+00
2.516211209619265254e+00
2.455412079044396734e+00
