2.505336508932180628e+00
2.486265079306161141e+00
2.526067880190588699e+00
2.497362220265758825e+00
2.453878378788350467e+00
2.548248060523300662e+00
2.563487040167140130e+00
2.488493041859280552e+00
1.498654173811795332e+00
1.535080191399432747e+00
2.447801906121049864e+00
1.491329339790543829e+00
1.480022855213942057e+00
2.500295821673563346e+00
1.498832994802153706e+00
2.452630373165429756e+00
2.478812092247494103e+00
1.501688356262715685e+00
2.494129385142910049e+00
2.455150225106309314e+00
1.507077923181311396e+00
1.550510168601150651e+00
2.479570742809009243e+00
2.503509411162255116e+00
2.516592816714043224e+00
2.449229243339892559e+00
1.451980124717815679e+00
2.458531023404328941e+00
1.465780327475126210e+00
1.494315468443015993e+00
2.431478117072337852e+00
2.485843609620040251e+00
2.460623881698029702e+00
3.465503030519522909e+00
2.488362199562016208e+00
2.520740770429758637e+00
1.487350376574620103e+00
2.484326096265832451e+00
1.432307223702409038e+00
2.490675033182095266e+00
2.508770047265141745e+00
2.486525430168818218e+00
2.441471917161147864e+00
1.463196799773871959e+00
2.436255351563167526e+00
2.548405393625793103e+00
2.466793945468237048e+00
1.508718081538476863e+00
1.494534578179456119e+00
2.473974839353445088e+00
2.502298361039474450e+00
2.498372723846754351e+00
2.513877785982857382e+00
1.515171621434219018e+00
1.467764644733506874e+00
2.480686017989073733e+00
2.521790797837760056e+00
2.461040741988739455e+00
1.496538651765495720e+00
2.454421522841658820e+00
2.458763591664878678e+00
2.437951626948542838e+00
1.483310600986960992e+00
2.491645135374969566e+00
1.525659896516639691e+00
2.511739810587104937e+00
2.483670454073159561e+00
1.479668499180626595e+00
2.494317262797440371e+00
2.526695481885604444e+00
1.473943347071582144e+00
1.540873069211178281e+00
2.476048258935384272e+00
1.556029123470671127e+00
2.530039189789268228e+00
1.470476787607776448e+00
2.451016559464014755e+00
2.493648122168389936e+00
1.496821623328533191e+00
2.517743082593719706e+00
2.491373530876059839e+00
1.489115890197003633e+00
2.499662917291899156e+00
2.476042391739666115e+00
2.493913973291188579e+00
1.495403685446916375e+00
2.485791625778542180e+00
1.494593937790883453e+00
2.492231144608360704e+00
1.498159949724794160e+00
2.500477926829244968e+00
2.474202437322733150e+00
2.432292672095984987e+00
2.456556197007807807e+00
2.474477348362118523e+00
2.455698105579087187e+00
2.452461116084674320e+00
2.421661122121235188e+00
2.487662187128095059e+00
1.506572063323095456e+00
