2.499391981312884869e+00
2.423362922514201934e+00
1.463649743290880600e+00
1.534192368016345842e+00
2.415658500658635965e+00
3.435451138258935000e+00
2.527777224968931424e+00
2.488545132625162637e+00
2.500873282962131405e+00
2.529772525381873027e+00
1.511925067251486121e+00
2.480575062430279143e+00
2.494958386916861226e+00
2.504321213321558659e+00
2.512492754394730632e+00
1.501360896566560577e+00
2.454494567845677544e+00
2.412357938420920611e+00
2.443130151741239597e+00
2.506386335002153132e+00
2.455255560065161102e+00
2.509690218118543203e+00
2.427836723301603161e+00
1.527284074683276094e+00
1.482126889595352770e+00
1.445825233796908194e+00
2.512924106406077218e+00
2.514196185689799190e+00
2.497337771116464378e+00
1.499307588891690468e+00
1.489516122081436800e+00
2.473848595550171670e+00
2.499219583545327694e+00
1.503258725012617480e+00
2.474117319996621323e+00
2.487776649436753029e+00
1.486738447969683685e+00
2.458948853671838020e+00
2.497383053980309686e+00
2.516534570725956321e+00
1.474197599408178183e+00
2.485829378726809757e+00
1.476451378775768930e+00
1.496644170222956260e+00
1.511383739496851897e+00
1.505783879879167175e+00
2.507695794781258591e+00
2.518218753395100151e+00
2.406138811739618522e+00
1.538347287224620885e+00
1.480085366356783227e+00
2.470748994688335198e+00
1.504254603713013339e+00
2.461906337711191384e+00
1.464248725931857953e+00
2.436893632344300453e+00
1.533662228620602752e+00
1.458427062837551746e+00
2.539854573617526867e+00
1.472389297506806027e+00
1.460837656246556815e+00
2.477353849769704741e+00
2.480002713979867934e+00
2.532816004340766813e+00
2.500765192733432674e+00
1.524278794412280646e+00
2.464328628859579151e+00
2.456033146190805816e+00
1.510200293032970098e+00
1.488508387411225042e+00
2.515943875300292287e+00
2.469428306548143492e+00
2.484722099696696329e+00
2.483312960181643714e+00
1.466699703335418992e+00
1.467820027374996172e+00
2.411816655099223272e+00
1.514969386089600301e+00
2.431351331122010517e+00
1.497250927672868714e+00
1.540883798524411707e+00
2.456606865916417526e+00
1.463896163174637000e+00
2.481085801351124331e+00
2.529503744107498786e+00
1.493736794272176649e+00
2.508907076285720628e+00
2.435464813024822206e+00
1.523742220671693959e+00
2.412393832204252409e+00
1.501410268470166676e+00
2.481021941103648043e+00
2.484624642946342554e+00
2.536010047117915889e+00
2.453853216149597838e+00
2.463998414479232846e+00
1.534300588292846435e+00
2.485993345850926239e+00
2.462134507691911001e+00
2.527984076241032163e+00
