2.472817698537226772e+00
2.496304353478299820e+00
2.427903164766725741e+00
2.516469417470994507e+00
2.476424449339056810e+00
2.584305579061700442e+00
1.496416619448992069e+00
2.463319851714099951e+00
2.457736108019977106e+00
1.494261249532594871e+00
2.498840572182547959e+00
2.533158227529094475e+00
2.436781443268725145e+00
2.439039994753120055e+00
2.505263345542429576e+00
1.560554879613931911e+00
2.449749580485098388e+00
3.478488914090524631e+00
2.523497500741491262e+00
2.507989767175508700e+00
2.481079730584514920e+00
1.520627276719705545e+00
1.465995371941851921e+00
2.437500238275000619e+00
2.504389276910616857e+00
2.522138602776483385e+00
1.486413053176141252e+00
1.533459148618601553e+00
2.457868450887641831e+00
2.467279606826203953e+00
1.447350403191496770e+00
1.463009589192612925e+00
2.484519770431063534e+00
2.516618945874937285e+00
2.564835497839311085e+00
2.492943161974086497e+00
1.500692928467134868e+00
2.471352658743179109e+00
2.438857759306391149e+00
1.500369673030574891e+00
1.498913446232263746e+00
2.455830298422542413e+00
2.489470065529265863e+00
1.506450818013313153e+00
1.453564043351927237e+00
1.524398098600542761e+00
2.525794929107751940e+00
2.551936471943413220e+00
2.495876211694582292e+00
1.520865793965100465e+00
2.548439372360616684e+00
2.472599413169626281e+00
2.482931356763611763e+00
1.519756835858322441e+00
3.225652387944310195e+00
2.485472607742782003e+00
1.518479605709085467e+00
2.512002462443151174e+00
2.441284343436968207e+00
2.518909613128117453e+00
2.509480636349301186e+00
1.517006383270899761e+00
2.492669283662866331e+00
2.552037038056214069e+00
2.449081003663311051e+00
2.467433372414613135e+00
2.464789593307221249e+00
1.510719786407483500e+00
2.436072433510983348e+00
1.492606745973190430e+00
1.528616431212690197e+00
1.550735764869988209e+00
1.509725662648852662e+00
2.458490734322416493e+00
2.460987595977494280e+00
2.494635791890160270e+00
2.510006206418390118e+00
2.526979263207349113e+00
2.494951795918574522e+00
2.531726051489536111e+00
1.525575980282846800e+00
2.443749196569644955e+00
2.510139764231555937e+00
2.569786554803804357e+00
2.501919420425260832e+00
1.471153447119736946e+00
1.479522116122800934e+00
2.555673087702184709e+00
2.468331242511220935e+00
2.515610643254358347e+00
2.428294352353364438e+00
2.494949981088984803e+00
1.519740397103953589e+00
2.516523877145258048e+00
2.478953265583944354e+00
1.485305935496695318e+00
1.531441383628195485e+00
2.437423886147410013e+00
1.531858284676899551e+00
1.506461491744639947e+00
