1.515530070605329405e+00
2.494597373646903815e+00
2.482307348662119661e+00
1.506877840253189049e+00
2.508811551752619717e+00
1.494629979610921477e+00
1.528966381898738014e+00
1.463389319624251561e+00
2.479027856571603738e+00
2.471743123249336094e+00
2.436892002259534618e+00
1.530417423262066201e+00
1.495732336357650238e+00
2.502873513065157596e+00
1.455203495167319838e+00
2.488455559450470034e+00
2.441047157659157474e+00
1.506908097699124927e+00
2.488053794608058755e+00
2.452929198245545450e+00
2.431589783246739245e+00
3.382304891746486408e+00
2.538935589768840817e+00
2.427665106963843300e+00
2.499200070012534525e+00
2.484200347742174575e+00
1.487561712325042196e+00
2.461387576666556054e+00
1.522839730265585168e+00
1.444818586344605693e+00
1.457674744603433714e+00
2.526497265428593764e+00
1.557195995580365366e+00
2.481917924250737872e+00
2.431086244353362957e+00
2.452337499193135262e+00
2.421482439635268324e+00
2.481450646059101039e+00
2.483013804915901623e+00
2.570683339388781352e+00
2.540206506450902513e+00
2.500781383595912732e+00
2.455016070434576925e+00
2.459289618933493848e+00
2.434131538614246359e+00
2.500585592860835149e+00
2.550259963289931431e+00
1.468022430861354533e+00
1.537519851937786397e+00
1.516067927762334122e+00
2.516205326792345431e+00
2.427463596549002567e+00
1.460042002610165479e+00
1.477493629238263662e+00
1.519366632408003293e+00
2.450604696712296082e+00
2.440481260653571294e+00
2.486759448044283172e+00
2.532738997862025609e+00
1.471865222027323172e+00
2.495852344528997513e+00
2.540456850663330712e+00
2.487227776838434323e+00
1.480659744007530421e+00
2.595387853817956891e+00
2.473776690387119004e+00
2.510537309770093817e+00
1.492730922167592844e+00
2.512936220045308033e+00
2.488528314958487364e+00
2.456846173500394581e+00
2.495880771045443591e+00
2.498323272697555275e+00
2.535561778551541856e+00
2.433538686361908177e+00
1.494936713619360757e+00
2.510784422804610116e+00
2.471778626046116312e+00
1.512144185790148754e+00
2.415564309091995820e+00
1.499222538844295904e+00
2.536547523886977906e+00
2.499810820645148812e+00
2.481281299399531015e+00
1.503415382249562171e+00
2.540210213811989970e+00
2.567258481924085789e+00
2.485225222945507628e+00
2.449207895233745713e+00
1.510296949695209889e+00
1.486551904049886241e+00
1.520991466241752299e+00
1.545606152718172588e+00
2.450282298247061785e+00
2.490324569126577181e+00
1.544116295784060178e+00
1.522923256344994591e+00
1.482550220352194525e+00
2.476764961266301857e+00
2.478277358378581319e+00
