1.471346417810010188e+00
1.467560041084619460e+00
1.492324769240535920e+00
1.522541445076516009e+00
1.454254980873044278e+00
2.444594593493778056e+00
2.516717949669770693e+00
1.508155187349346171e+00
2.460010614200464296e+00
2.515352768983136311e+00
2.509835303948205087e+00
2.457887309827145206e+00
2.462754499096362348e+00
2.471170298968051515e+00
2.568913132276972711e+00
2.458591831844901154e+00
1.484224633951408023e+00
2.444589504627492360e+00
1.502735134684830554e+00
1.541256717256109132e+00
2.437340338867457046e+00
2.409803631027025883e+00
2.412798412639366230e+00
2.470339959682705366e+00
2.491249984728201028e+00
2.460421866844355598e+00
1.478633105130475744e+00
1.496173173812249679e+00
2.533330594112650491e+00
2.464088753050650116e+00
2.482116797917145679e+00
2.479055945831692309e+00
2.532690050058284292e+00
2.482661827986710534e+00
2.529693017476470018e+00
1.493891496614402348e+00
2.426162851810895305e+00
2.579917493329336953e+00
1.496175642130671779e+00
2.526400851066253672e+00
1.490729260037362724e+00
2.457358488263704288e+00
2.466429486580572483e+00
1.465562084941394838e+00
2.432118743959990059e+00
2.505925833362006916e+00
2.482690576480740319e+00
2.462412483983637657e+00
1.524830273152848026e+00
1.497817771306528600e+00
1.424212522335511988e+00
1.505452569165750321e+00
2.487998625148067244e+00
2.514262564762512309e+00
1.424583736337488915e+00
2.517322866848997975e+00
2.532039067149893352e+00
2.503541972370330715e+00
1.518000848488287424e+00
2.443205817225272192e+00
2.462101164514893359e+00
1.509791249215223008e+00
2.492631666471438301e+00
1.475705504938743973e+00
2.471330032975897151e+00
2.468343684775849756e+00
1.469944238677123316e+00
1.477296948865982174e+00
2.539886802846238467e+00
2.512115329177511125e+00
2.494669508233730681e+00
1.474047600495608012e+00
3.307178513266245901e+00
1.555069558224136950e+00
1.479576036086180268e+00
1.519672650900855126e+00
1.471801320885216535e+00
1.511196537773988435e+00
2.459652107961471934e+00
2.439659156063383350e+00
1.475713244117718759e+00
1.405228391387524089e+00
2.505094782203415971e+00
2.504416191895081578e+00
1.460807250413084235e+00
2.505505405381743156e+00
2.483024018367166352e+00
1.509835406279447012e+00
1.517134892127906864e+00
2.540841866808456917e+00
2.507614739068945831e+00
1.473392490647967179e+00
1.475253876178638679e+00
1.487530478082966567e+00
1.453538433052568690e+00
1.536007480944469927e+00
2.445157279631549496e+00
2.490262005921044075e+00
2.482064330069047475e+00
2.459981621463787071e+00
