1.530600668579808810e+00
2.414491139212226134e+00
2.459808853720173882e+00
2.453648180464870432e+00
2.426097871150711516e+00
2.471254464372302007e+00
1.474367137923916937e+00
1.548924962957218598e+00
2.449180757398798924e+00
1.495499782513295850e+00
1.465733467824659408e+00
2.398203851940186038e+00
1.454144877137794722e+00
2.486884130679527960e+00
2.466589087175893091e+00
2.449066618863511291e+00
2.528912896565946866e+00
2.536315741190998452e+00
2.527533569548731762e+00
2.540433752771471987e+00
1.494176339176841006e+00
2.447047421381236543e+00
2.474930217945003452e+00
2.454255251128221627e+00
2.555442318049946149e+00
1.527212477390709866e+00
1.499358364358479356e+00
1.485207305317229665e+00
1.518010066823963777e+00
2.464337342661803376e+00
2.535633683659534565e+00
1.480861386611268982e+00
2.459487992427333847e+00
2.495528848711628278e+00
2.515256919258529233e+00
2.464112665293157978e+00
2.502781867952887929e+00
2.486316096333522463e+00
2.453271706229153359e+00
2.473403013413892459e+00
2.461424082804559266e+00
2.472165293741265035e+00
1.425686240777243041e+00
2.485957940806512223e+00
1.439254865441504938e+00
2.668078063709584669e+00
2.479579350007377059e+00
2.506420246449531763e+00
1.517241930194225707e+00
2.489386734019650049e+00
2.469682916341096490e+00
2.410816000282566929e+00
1.457154621803847361e+00
2.453103076240390923e+00
2.480981853206730925e+00
1.554173879188273988e+00
1.507289788403842090e+00
2.482336340499244898e+00
1.490854250321261620e+00
2.515554896199521551e+00
1.468020457718728133e+00
2.422389775626528241e+00
1.548398965473823274e+00
2.397149503265745274e+00
2.465884407758158314e+00
2.447338801222922466e+00
1.488412358101425470e+00
2.492554365981234366e+00
2.495630545419422308e+00
2.433444693253788760e+00
2.424579258345914479e+00
2.420149099832235695e+00
1.472332950387677197e+00
2.538888446074321070e+00
1.439107200773329431e+00
2.473507556160970733e+00
1.455701407760815913e+00
2.484544042106412665e+00
2.431610960539709154e+00
1.490781181219652529e+00
1.500946854296579813e+00
2.509020529361090102e+00
1.443013535833758798e+00
1.449158259135317817e+00
2.494043775839482446e+00
2.449210907745113186e+00
1.602244829447221797e+00
1.512661092294749654e+00
2.505924054088023656e+00
1.504705010064157911e+00
1.479883523313369142e+00
2.454108425039489561e+00
2.451775667189084018e+00
1.504940962469434984e+00
1.507136314488263684e+00
1.488074143618216327e+00
2.415979328631409739e+00
2.520901186717896536e+00
2.427501006165716735e+00
1.501700052134004482e+00
