1.465439715407152788e+00
1.476776098875922649e+00
2.505356851094332260e+00
2.537588272320626004e+00
1.440231657149522393e+00
2.501084873201320669e+00
1.530925354676255346e+00
1.511152736927867224e+00
2.397413783973415757e+00
2.508605009913343675e+00
2.457167826875549022e+00
2.483046136706075213e+00
2.413945671859289988e+00
2.484369318012336514e+00
2.409257749854222475e+00
2.465481486892361129e+00
1.489046562571848753e+00
2.461863456797398708e+00
1.446290791892258065e+00
2.494107647963939023e+00
1.487377356217897573e+00
2.510787609882648486e+00
1.498662959500083547e+00
1.484029613041203177e+00
2.489863510379184408e+00
2.496026466108011377e+00
1.468536495852964974e+00
2.467652376848038731e+00
2.500310920495880662e+00
2.474540434824885171e+00
1.508967632735132236e+00
1.468524934830014450e+00
1.475967016986037716e+00
2.496372245137471690e+00
2.490663858161767941e+00
2.504267733067275348e+00
2.505189669638791194e+00
2.483706604404035900e+00
1.505606267227295181e+00
2.471957019048467874e+00
2.528077661302972068e+00
1.427947373385605845e+00
1.517762266045587838e+00
2.566446751672387006e+00
2.489538951094310448e+00
2.537893138566386764e+00
2.530478834897335716e+00
2.449712276980816839e+00
2.502413713510794224e+00
1.489757988774470965e+00
1.475685004589140759e+00
2.461853562867914125e+00
2.483216837928900578e+00
1.464248761675490451e+00
2.486012665512086883e+00
1.453774720447585933e+00
2.476600327302433069e+00
2.449666529752164035e+00
2.484428306055795677e+00
1.481099000000502430e+00
2.555338726950692863e+00
2.492466365130770800e+00
1.512831098066169000e+00
2.481110508771792844e+00
2.474573937214545438e+00
1.543947910493253195e+00
1.490645514366261581e+00
2.443478489530225506e+00
2.481041768662203495e+00
2.426744232852156902e+00
1.465509161168053076e+00
2.432627702587006002e+00
1.453971334778886293e+00
2.539025583625248661e+00
2.505288596470579776e+00
2.442278747863399602e+00
2.510681857081541235e+00
1.453820095548143732e+00
1.516178692589415178e+00
1.534334722413371654e+00
2.504097819724913077e+00
2.551317609385256979e+00
2.445283982157342439e+00
2.480914352723810001e+00
1.529893146658221958e+00
1.503984632066743821e+00
2.545594559246296740e+00
1.529742229297613942e+00
2.448944897136442922e+00
1.460357679033422063e+00
1.443814318435084454e+00
1.522033830829078838e+00
1.475801983891501745e+00
1.450886815862996171e+00
2.473631941231470233e+00
2.480004147576250428e+00
2.494850470450015845e+00
1.499943308522825980e+00
2.421779445657433971e+00
2.491811585629231551e+00
