2.564833048172209029e+00
1.512536285060707808e+00
2.487976991981586838e+00
1.523797326077746428e+00
2.460057944615580361e+00
1.424929082490357546e+00
1.559345852175263891e+00
1.500984788911943202e+00
2.489057082788408426e+00
2.450586946709951697e+00
1.554080347694647868e+00
1.486157280975741957e+00
1.527297887567529822e+00
1.492269659004763493e+00
2.466946631733508699e+00
2.518731093291455725e+00
1.482735295708036860e+00
2.549514199009221826e+00
2.590524902416677655e+00
2.495888747525951690e+00
2.498538266021111731e+00
2.506254117780158275e+00
2.440613374346257025e+00
1.464771649085076621e+00
2.478120758383482780e+00
1.494308790251511976e+00
1.490058334443134846e+00
1.493895314129932261e+00
2.478027148228118648e+00
2.478059064428324909e+00
2.484934349247645446e+00
1.495497281716900329e+00
2.475097806290972091e+00
2.447582954004326794e+00
2.454313983775136432e+00
2.467960457805452812e+00
2.487448214356380749e+00
2.472262675283334765e+00
1.505995913998085856e+00
2.543576857779268341e+00
2.496598181193162791e+00
2.467806627433382971e+00
2.459542537601389078e+00
2.500811067296439205e+00
2.511319978554279242e+00
2.502266208513038492e+00
2.510858699583907949e+00
2.577268503760186569e+00
2.492093980444184620e+00
1.536198088801864259e+00
1.507313339106390870e+00
2.469975509958696858e+00
2.533914491356683119e+00
2.537316656708936247e+00
1.493875802163773248e+00
2.540275701519169704e+00
3.268029396602469383e+00
2.545415733025812255e+00
2.458822896798881441e+00
2.517409744330075583e+00
2.435011541462968498e+00
2.531406514096210980e+00
1.483983755277481942e+00
1.499589851147382635e+00
2.496142757843318183e+00
2.502601666674055370e+00
2.439041238039322490e+00
2.469365776496702747e+00
2.452953271041295125e+00
2.502825287684215638e+00
2.481909084367689200e+00
2.443650279915457357e+00
2.496393141145806016e+00
1.509193774422168843e+00
2.532606271768386819e+00
1.489093450335402080e+00
2.453268460910795756e+00
2.508222934074156640e+00
2.450104939239902357e+00
1.441069110329951775e+00
2.498540495517937998e+00
2.538868274076708342e+00
2.428534260175402970e+00
2.456248154455606070e+00
2.467455526835364399e+00
2.456711725362951348e+00
1.493328078743405563e+00
2.458819928476174699e+00
1.505995960317286997e+00
1.464094326659190815e+00
1.498949208782262010e+00
2.496065838612236742e+00
1.544689116187814681e+00
3.274186628050895997e+00
2.497075333385968321e+00
2.457925666185202029e+00
1.520315021824493407e+00
2.478474394860036512e+00
1.511678464204845529e+00
2.452542659738666586e+00
