2.498163636394695075e+00
2.454996732926837399e+00
2.488314880468896373e+00
2.489512735141869104e+00
2.440383207577741409e+00
2.522805864601201709e+00
2.651225166621607343e+00
2.548261731756670034e+00
2.445663388109231562e+00
1.485436798783511758e+00
1.528188282972033907e+00
2.522690235522601743e+00
2.555986365767196844e+00
2.490774620847792775e+00
2.460468037100949079e+00
2.481392350773174105e+00
1.514767883503812973e+00
1.512424713275120070e+00
2.521693068430597595e+00
1.523575643629240473e+00
1.522067934963559965e+00
2.489924640535563505e+00
2.485740176209153773e+00
2.425166138411430694e+00
2.450656312406553461e+00
2.485689054573058332e+00
1.496362055896159893e+00
1.537396481729617292e+00
1.499483345305879567e+00
1.476231335699738745e+00
1.518973680628165290e+00
1.487673591844251852e+00
2.497657482185320799e+00
2.556956263489992054e+00
1.515279170260437125e+00
2.445328874770401839e+00
1.501286276633960748e+00
2.488567362762549973e+00
2.467885031837808718e+00
2.506476985247902523e+00
2.455583669839008110e+00
2.494912442108401684e+00
2.493851005681160693e+00
2.416683292151550866e+00
2.497759207416704985e+00
2.520828847389107619e+00
2.455851363094152973e+00
2.484459394635626595e+00
1.497538194377298071e+00
2.471620408472904096e+00
2.503686716002449408e+00
1.443089169622480572e+00
2.478830104600834527e+00
2.511807678461245086e+00
1.509573613332993114e+00
2.497730953787125507e+00
2.521094024090364982e+00
1.496568931610931852e+00
2.470302811703672052e+00
2.503398363231057022e+00
2.431943890093192895e+00
1.411911182698404099e+00
2.418195643823287888e+00
2.457241804565756471e+00
2.486749699371867628e+00
2.440379098278274483e+00
1.497430686469517713e+00
1.525319977494190349e+00
2.433214404394058672e+00
2.529237535028408423e+00
2.473744488837810618e+00
2.497329072065713529e+00
1.452934268416339547e+00
1.508563237698079762e+00
1.482187886503917085e+00
2.492985794642180952e+00
2.537280188408844506e+00
2.460504578755416727e+00
1.528190789705262898e+00
1.520937050881933095e+00
2.468385868639221936e+00
2.516745982421145111e+00
1.544053758853418890e+00
2.476071240785544525e+00
1.486844563525212326e+00
1.517596559191905836e+00
1.504288631026708289e+00
1.543590479345658961e+00
2.489459740964214074e+00
2.501712937954490013e+00
1.482214234999795321e+00
1.479127631711807167e+00
1.518003434898061332e+00
2.488624662700966716e+00
2.472582944143353334e+00
2.454398841363675476e+00
2.519177422156217094e+00
2.421570605707151991e+00
2.444484354515326086e+00
2.502012982176171185e+00
