2.486985411166721338e+00
2.484325642623003372e+00
1.544826240940772033e+00
2.457382245188038272e+00
2.455562306991370569e+00
2.498384773771093137e+00
2.466410466683758962e+00
1.493050221082220741e+00
2.458326170951281586e+00
2.498924195000471915e+00
2.505278681640321636e+00
2.503260233950447500e+00
2.479083994457724760e+00
1.428269678807065013e+00
2.483243814474067612e+00
2.474936098371329773e+00
2.561892375616620310e+00
2.427354245119548892e+00
2.515938253524554913e+00
2.428955526086508332e+00
2.489778600352435589e+00
2.521828185441701287e+00
2.528340574592044643e+00
2.523303688195906336e+00
1.533984372819941822e+00
1.456074818160187023e+00
1.492540946667796797e+00
2.450306499381446290e+00
2.429106888607083903e+00
1.488713778893069106e+00
2.446771454521404099e+00
1.477701273705080087e+00
1.506480276510998362e+00
2.534145099038843885e+00
1.470898793265721149e+00
2.495078233688758917e+00
2.476176321027544258e+00
2.468265919419319943e+00
1.499082129084216675e+00
1.551744703554852389e+00
2.468501329290572421e+00
1.470892821072329992e+00
1.489237794728482278e+00
2.456079803938608030e+00
2.588318396463272997e+00
2.557454106982402831e+00
2.516069671726173684e+00
2.511103701928900200e+00
1.530146235796971510e+00
1.511208497007800355e+00
2.544901044967303072e+00
2.438476734349705577e+00
1.479947863877360659e+00
2.447860806148658863e+00
1.460450659948109742e+00
2.456506677048304166e+00
2.496349855547425722e+00
2.478256151861533141e+00
1.506313820992535302e+00
2.480063685410054841e+00
2.456951482503097139e+00
1.475327403105501034e+00
2.474490115628949383e+00
1.490952365676540881e+00
2.468669374960861251e+00
2.454200817228557430e+00
2.508200301256314546e+00
2.496596264243827079e+00
2.499437161436857568e+00
2.484828787896723679e+00
1.483234899287525499e+00
1.452840875041929936e+00
1.521440541631636556e+00
2.442963043519560618e+00
1.553074408680396923e+00
2.501336919910082113e+00
1.494922325158349885e+00
2.521030526904171509e+00
2.510973657468579479e+00
2.461737325820271938e+00
2.532793894249197653e+00
2.428031198539387425e+00
1.496933411301172079e+00
1.506936514461183041e+00
2.593636246151786118e+00
2.500147397050836329e+00
1.509290123067787759e+00
1.516973558956283386e+00
2.469023078824349238e+00
2.459815410487314224e+00
2.454131122706052714e+00
2.505935597570086326e+00
2.435397879532784415e+00
1.472505606861865823e+00
2.485747089240388785e+00
1.479999500479837860e+00
2.493980154506048930e+00
1.494417285103341042e+00
2.495149157761863634e+00
2.457448645958211664e+00
