2.355972391791511455e+01
2.375784784670869243e+01
2.331008287901298459e+01
2.357275023797535951e+01
2.349716044535119863e+01
2.351825038504455279e+01
2.339024864672626691e+01
2.324795923977333700e+01
2.306214683455582204e+01
2.300768781944023544e+01
2.391655586591194194e+01
2.350648673102951136e+01
2.324037236664113948e+01
2.351728161710257226e+01
2.362011343765372828e+01
2.406878941793817361e+01
2.364141014397396745e+01
2.358940467479719771e+01
2.269815048585312667e+01
2.347537383775507536e+01
2.375093294019595902e+01
2.345778074012939030e+01
2.365215872214954729e+01
2.336646254895394748e+01
2.348210446728540290e+01
2.363769667078708636e+01
2.357239879025569351e+01
2.378982390472007680e+01
2.411591655676738100e+01
2.287668268532063820e+01
2.367329093030695830e+01
2.408104608860150719e+01
2.352704546797440699e+01
2.356393556409782519e+01
2.328163480058426771e+01
2.376721796176498103e+01
2.330970898110500400e+01
2.359537306231126408e+01
2.392279785573608919e+01
2.387512961804145917e+01
2.308994959673755787e+01
2.426462774611958650e+01
2.395516682360619143e+01
2.369333567777568916e+01
2.395113862601503740e+01
2.374385047721660769e+01
2.410286253316506233e+01
2.407248562108803469e+01
2.380271912653160626e+01
2.354036739565408354e+01
2.397006523646034637e+01
2.390361676919277656e+01
2.441116654261923813e+01
2.441443286388219036e+01
2.354083137139546622e+01
2.401107920719170608e+01
2.285616953420856845e+01
2.333397395232904259e+01
2.360074277322180691e+01
2.310533119672075841e+01
2.393922197633420623e+01
2.278891942239515345e+01
2.404748255348715702e+01
2.377729278722782880e+01
2.364449878845167419e+01
2.351550010630712961e+01
2.372492891863742415e+01
2.281143973858787533e+01
2.304193211840297550e+01
2.405867779992772171e+01
2.387955954764039390e+01
2.398482752485725911e+01
2.354503220049540246e+01
2.296888781903333765e+01
2.340946278257571223e+01
2.362149681305947979e+01
2.347031504843838334e+01
2.342780365093436501e+01
2.466571760167025928e+01
2.281211097337991944e+01
2.324374799160337091e+01
2.368072656995241587e+01
2.349024674218720321e+01
2.327725366273187291e+01
2.327957206856271455e+01
2.337781160856810203e+01
2.361661934253192285e+01
2.334865592190621797e+01
2.379618289331902758e+01
2.347805421069238108e+01
2.388117599035997785e+01
2.404709322446120368e+01
2.323341250681367498e+01
2.348555899821775839e+01
2.361274548797652884e+01
2.326707853246243829e+01
2.359836374908726597e+01
2.364922709132754264e+01
2.324940172101799973e+01
2.361426448238346865e+01
