7.626161507152040997e+00
6.024025141277953743e+00
8.321554925628117161e+00
9.700029416357571321e+00
1.258204446866089121e+01
1.761289238422084580e+01
2.429049394740622425e+00
1.557158201386890539e+01
1.053863141056700847e+01
7.747553961457334992e+00
8.756351943808637017e+00
4.979399810726802933e+00
3.321269051230004266e+00
1.039504560345591244e+01
2.149988987248848105e+01
1.410584525917467857e+01
7.902150876910761568e+00
7.632648077866257097e+00
1.998993451451423553e+01
2.456616237309051698e+01
3.542415044984444705e+00
1.487988740018749922e+01
5.730739172986442753e+00
6.928856054470067249e+00
7.080064563856516280e+00
1.007514167556607276e+01
1.147513907747798534e+01
4.853154097034681591e+00
1.987657405421090218e+01
3.427885123323833660e+00
3.143719128683368780e+01
1.647189080327932587e+01
4.373512574133624931e+00
1.321769410767125841e+01
9.277065377651524614e+00
1.069844444239503112e+01
2.273973530200263582e+01
1.529321095374329609e+01
1.374254157518842234e+01
3.383428134633098328e+00
2.345258216089443515e+00
6.306045092691557663e+00
1.289455615204408545e+01
2.549381830467463139e+00
9.093876297025406785e+00
6.618771174118265321e+00
1.143765387276237533e+01
4.288140683301556955e+00
1.228019089183991319e+01
2.944442369168243445e+01
1.508691001954392696e+01
5.957383747504730209e+00
1.060846415877967530e+01
7.853936035491609680e+00
9.861663794191802168e+00
1.576311753799418369e+01
5.907521353830675004e+00
5.951664469573408667e+00
5.691061494948590038e+00
6.886185897129498912e+00
3.477219695170023606e+00
1.797768091417731284e+01
5.399486241215088356e+00
9.309290568025481605e+00
9.775868314405537163e+00
6.264118828647973203e+00
1.505723274736787864e+01
1.127251666176005607e+01
8.331590719443372706e+00
1.823734098077878585e+01
1.105851046459168963e+01
1.038802778399530524e+01
8.802635115756125117e+00
2.325740846832466513e+00
1.392143848028018205e+01
7.391392535387621976e+00
1.602992472649371081e+01
5.009056428643141601e+00
8.275928114090675081e+00
1.556844984893371198e+01
1.776502102353759938e+01
9.894514134325373078e+00
7.202507161247654999e+00
5.746021001491465441e+00
1.112703898620065779e+01
5.612877017107592792e+00
4.903750640441302266e+00
1.520339932622077406e+01
7.401529097018005210e+00
1.124234808544574626e+01
8.852273804783360234e+00
1.153637022244912558e+01
1.002202796004029572e+01
1.628270407951238141e+01
3.822849210130493613e+00
2.725617721808116123e+00
2.871426274657653721e+01
1.153726336021605903e+01
9.441667622254305670e+00
1.276327854282210339e+01
