3.600347247920679195e+01
3.567638632935739196e+01
3.772478161129639318e+01
3.858631371168696944e+01
3.740200433962695570e+01
3.763662589619555376e+01
3.545196809445308617e+01
3.624852064169007804e+01
3.670146570754312876e+01
3.758447406393101176e+01
3.882634202528966938e+01
3.763002741220463321e+01
3.883133926622964793e+01
3.728678903004652057e+01
3.715561608871382049e+01
3.887800865395549721e+01
3.829448923463508692e+01
3.660401364544912894e+01
3.711049028887530454e+01
3.650187406091170317e+01
3.653850055865515145e+01
3.654079731255873753e+01
3.606864824590434893e+01
3.882966372786934528e+01
3.889928822175153300e+01
3.776553498777826690e+01
3.689004767418278163e+01
3.814234331087362762e+01
3.769458326424492611e+01
3.618067121079531745e+01
3.761766616451795642e+01
3.682502138711318196e+01
3.727772646846069904e+01
3.823673027734803753e+01
3.670964567255601452e+01
3.773213686946683509e+01
3.729241916825043290e+01
3.704583455919963342e+01
3.977851846060416108e+01
3.664279248565610203e+01
3.753398822654951061e+01
3.653424208731667022e+01
3.818185240061932006e+01
3.616084835060210168e+01
3.842626282465825227e+01
3.836783743965868609e+01
3.672557343436763233e+01
3.701702796967425968e+01
3.725105690088378196e+01
3.900583053677563328e+01
3.782217029683386755e+01
3.623740088615703314e+01
3.786444476848585339e+01
3.785393004310638077e+01
3.816614391256938887e+01
3.823341894525403006e+01
3.775111837629098233e+01
3.727021226695843836e+01
3.707705400386970496e+01
3.835846866771653652e+01
3.918067636423930367e+01
3.778452305982129644e+01
3.694852376788261950e+01
3.658241145055692556e+01
3.614129803379214678e+01
3.758176715081247465e+01
3.836519584767381019e+01
3.671391133094363823e+01
3.588082466922138281e+01
3.756200745710587086e+01
3.858497132943018926e+01
3.573356521259149332e+01
3.832488368999512574e+01
3.717580913088523431e+01
3.746596677071222814e+01
3.683359818591832635e+01
3.693009508627707049e+01
3.760895499628907146e+01
3.719647243117374558e+01
3.750794929240524311e+01
3.596543202951701801e+01
3.974387038145040663e+01
3.785978099736714597e+01
3.720132096522785048e+01
4.045958791676179089e+01
3.749156294549144519e+01
3.810290762810775789e+01
3.719084792996508071e+01
3.687777952868128750e+01
3.879515104773041401e+01
3.929646964518666863e+01
3.842366023729915980e+01
3.801684290454036130e+01
3.684997335938326302e+01
3.745270615923485735e+01
3.897043463831298737e+01
3.795330286234754880e+01
3.667809186221039397e+01
3.641257253988587195e+01
3.670896455938849812e+01
