4.301538549062311745e+01
4.069862096372151683e+01
4.123369936989192297e+01
4.062140517933075046e+01
4.304956387749102475e+01
4.268163788137970016e+01
4.165943742652824966e+01
4.266912483436948378e+01
4.198670589040408174e+01
4.199344508240133678e+01
4.164271487602695743e+01
4.286424021818742602e+01
4.282933938278297603e+01
4.051435994855106770e+01
4.131074647977792580e+01
4.199691735489852817e+01
4.257194326579801213e+01
4.247954526347997728e+01
3.887906723743828508e+01
4.041723712906031807e+01
4.189566598783829221e+01
4.037444681295797722e+01
4.033152075132174019e+01
4.242725057363742991e+01
4.053429905202463601e+01
4.033457780706012130e+01
3.992566745781101645e+01
4.143625490738316586e+01
4.145851376262157117e+01
4.049306064486600576e+01
4.010068161928835906e+01
4.031177700185305213e+01
3.940254788665117047e+01
4.048030493154381304e+01
4.060396869907805950e+01
4.409213915384026450e+01
4.241567704775705749e+01
4.094899736634329201e+01
4.220091983291995774e+01
1.482452922366996972e+01
4.181766292481001557e+01
4.217162512009988973e+01
4.226552858765754195e+01
4.203907237044050760e+01
4.022433231219826411e+01
4.188309306603191828e+01
4.095842891578728739e+01
4.232792248288120618e+01
4.281141048527486248e+01
4.176934340966239745e+01
4.142599228734206207e+01
4.211566864163603441e+01
4.168186685012391735e+01
4.174089468511744627e+01
4.126946736592067566e+01
4.041358094250885102e+01
3.954821646102026023e+01
3.998883361110808465e+01
4.014149631830979104e+01
4.304469631857189427e+01
4.096529214169019895e+01
4.262758140586345235e+01
4.050764653465787291e+01
4.357216704805721008e+01
3.945511113120770119e+01
4.008348444645062614e+01
4.221752900994263769e+01
3.907796398503463564e+01
4.012389805086310446e+01
4.310703567056104646e+01
4.207383105884574093e+01
4.254065785741052252e+01
4.167164143464739823e+01
4.040971707736103014e+01
4.057834089606507888e+01
4.092696308944415051e+01
4.334911504994180120e+01
4.158166056734924609e+01
4.082282104049319571e+01
4.221136481793250539e+01
4.118837858016051001e+01
4.247214140083927703e+01
3.901349761738158861e+01
4.031537870135849033e+01
4.235347333419304761e+01
4.122443324870123860e+01
4.117085902829658295e+01
4.006996867045240407e+01
3.697434820924492271e+01
4.202773950942091830e+01
4.093491795086143981e+01
4.093138955730371009e+01
4.115335226344885200e+01
4.285555238981947923e+01
4.270039516736152763e+01
4.319515259557697107e+01
4.184177280882738614e+01
4.205646719409100598e+01
4.095268996243212456e+01
4.169610801558678759e+01
