8.770923686134882047e+00
4.687695061491308479e+01
4.552739301739997302e+01
1.032529295592333973e+01
4.702079391458470070e+01
4.388797789826300999e+01
4.382315731403367209e+01
2.962705615808167181e+01
3.556523497840617409e+01
1.905552063625468762e+01
2.581057615892274271e+01
1.240081336484703733e+01
4.696306087987895239e+01
4.404446537936834005e+01
4.258162271706883928e+01
4.622119497710544067e+01
4.280878451890433922e+01
4.583807030394908821e+01
7.508607848955245245e+00
2.377019638304921401e+01
2.374143749363130240e+01
4.527633762599290179e+01
3.871767131445566434e+01
3.277301061844121932e+01
3.182458152778255212e+01
1.327325330217576926e+01
3.067709665103964412e+01
4.352079929457448060e+01
4.381360183920466511e+01
1.996194825962577468e+01
4.677246761232439098e+01
4.375558131693210129e+01
3.607355911408758686e+01
3.700709623748261379e+01
2.714933212485188463e+01
4.461249417236184911e+01
2.906941092187828701e+01
3.175846615729716405e+01
2.329165020662339103e+01
4.497055898142036767e+01
3.281196567101807915e+01
1.671710289390260584e+01
4.395083816974182866e+01
4.426393021878642742e+01
3.867460456962922422e+01
4.679814156316061968e+01
4.547189840834838748e+01
4.604223660646991334e+01
4.292040921679031840e+01
4.103142688184068021e+01
4.453825643921153699e+01
4.606830357505580054e+01
2.996111454979385513e+01
3.580131387633377216e+01
4.589940869168621873e+01
1.798915480429170088e+01
2.966115724673554510e+01
4.549876253864750453e+01
4.333642295373678621e+01
4.540785460868971768e+01
2.660709211453083611e+01
2.757891200959559441e+01
4.183311299584020304e+01
4.572115835962669195e+01
3.209668938363268609e+01
4.641674639766404198e+01
4.568397483492192634e+01
4.267058644828139080e+01
3.766695998105985410e+01
4.611628885354419793e+01
4.687326003713869937e+01
4.757373440388122532e+01
4.571317248080429607e+01
8.609092040694111603e+00
2.353920850885450733e+01
3.148498728846789518e+01
1.968320730421443088e+01
4.210454525502581902e+01
4.032918418687390272e+01
4.510907999621712605e+01
4.703955443830341210e+01
4.574015078106956622e+01
4.074644239676150193e+01
4.654503442837774685e+01
2.526556584374054637e+01
4.346956758543237953e+01
4.574741052068060299e+01
3.911570374756971802e+01
4.341058879340854304e+01
1.391877891489986574e+01
4.242879086699970514e+01
4.679917479323849250e+01
2.953298628707471707e+01
4.545496299813116536e+01
4.536711129259337838e+01
4.519557897720940076e+01
4.042957306744700219e+01
3.566073527971548174e+01
4.500794511297522149e+01
4.211720964519530241e+01
