3.161712624386144910e+01
4.604153523371067536e+01
4.405155587265397799e+01
3.564465606443086898e+01
4.583758538138425109e+01
4.348085267533803489e+01
4.278217290207007295e+01
4.422626857753396479e+01
3.362052428014804661e+01
4.478758496061702488e+01
4.594738131362851163e+01
4.533235368649609143e+01
4.410898156965667738e+01
1.404980043995260530e+01
4.219052961070906349e+01
3.378338202435290327e+01
4.564744068208276673e+01
4.390226543560833505e+01
4.378082891294794621e+01
4.527605288875886913e+01
4.354816706982438035e+01
4.330168843267597367e+01
4.478434017167970893e+01
1.063886291287770192e+01
4.482653225962298649e+01
4.400713681991881998e+01
4.532176115003369432e+01
4.512761040728688045e+01
4.518886320681968982e+01
4.424735850910597179e+01
4.315517725422832029e+01
4.478850741303565997e+01
4.241780921212994571e+01
1.411396979885931025e+01
4.315898341865259624e+01
4.553036964648138962e+01
4.067502816945860644e+01
4.419438013648574071e+01
3.213866536647050509e+01
4.493283280122447820e+01
4.486633963485122223e+01
4.569352448187950699e+01
4.430118760610567108e+01
4.641073362836581850e+01
4.651556928650874312e+01
4.450778004256839893e+01
4.152740613074324472e+01
4.545905270521712538e+01
2.086075540907955528e+01
4.639015352081010235e+01
3.248096774998593617e+01
4.650219509323176226e+01
4.511317631275691298e+01
4.194596834985083689e+01
4.589961620345074067e+01
4.443089279791007584e+01
4.542948548118457808e+01
4.483609309730289283e+01
2.287754798782353305e+01
4.131967464012964086e+01
4.510044379748186572e+01
4.487162407022112376e+01
4.355075995821268009e+01
4.034499592582034211e+01
3.692739602893910700e+01
3.232948724342725200e+01
4.287638417263887902e+01
4.508350027330106968e+01
4.514316080978962020e+01
4.372416655555509379e+01
4.234789069400297734e+01
4.275990849334644395e+01
4.604786327036558191e+01
3.109719859814553899e+01
4.280102127593262651e+01
4.677920336169503202e+01
2.947538399540256293e+01
4.404376852113905727e+01
4.497695573101723454e+01
2.875633807605056802e+01
1.286858162201504108e+01
1.948897149082823432e+01
4.459556267944056884e+01
4.525424163067690841e+01
4.503010472362878147e+01
4.637276706052681874e+01
4.367684207332430191e+01
3.930132811885458466e+01
4.499976321628347620e+01
4.583310216580326113e+01
4.366691787247528822e+01
4.474953763841737242e+01
4.488015655191978937e+01
4.676710122766010613e+01
4.455378490756925913e+01
4.570437616139611947e+01
4.207022613868132055e+01
4.371924405964415428e+01
4.203270683760747062e+01
4.618406742252758335e+01
