1.122632186776309027e+01
3.285776116653053247e+00
1.192225494986491086e+01
5.526771330090207712e+00
5.433216484074701924e+00
8.789144552113722142e+00
1.712391269478888134e+01
1.923734591046231790e+00
5.209921815157817271e+00
6.661951979600481799e+00
2.602539099392535249e+00
8.024485761423477470e+00
8.325731571318060631e+00
6.363457032788851109e+00
1.664003778189014682e+01
1.276168372935886097e+01
8.187450525944692359e+00
1.501201220805274517e+01
6.052603984986378194e+00
9.777252933245870636e+00
2.830278114060398309e+00
8.573750476009625032e+00
6.180569139362194875e+00
1.827574097139831721e+01
9.553051261176438658e+00
3.925168085643154114e+00
2.520907323949120649e+00
1.445867820476925658e+01
3.781644109852119851e+00
5.067531713440679653e+00
6.028018658828544041e+00
1.079053087466821381e+01
1.408924554980236010e+01
5.772717463515103731e+00
1.863321408661715495e+01
3.564068933391273397e+00
1.179734996092638610e+01
4.149511645388272996e+00
2.736806748273799439e+00
7.481799924827045700e+00
5.816454514276331977e+00
2.488728432839592219e+00
1.584959678287416729e+01
1.252249497870836414e+01
7.935183989691610762e+00
2.182372804508869635e+01
3.945482851236523203e+00
1.006837799250256538e+01
6.600021817456204198e-01
1.255365452176349272e+01
1.153464709964411306e+01
4.104288001079812176e+00
2.440990696246653435e+00
7.158218455671553571e+00
8.683994363506004177e+00
4.355670934172712450e+00
1.383642471623807957e+01
5.599404635332470903e+00
8.653598910863829374e+00
7.308570458305824857e+00
2.026012230030050265e+00
2.452915157533329005e+00
5.883109182675252846e+00
1.194506705771607891e+01
9.871096656639517519e+00
4.739214689907097267e+00
6.666858377157395488e+00
4.510051949161771212e+00
1.096416272647057966e+01
5.631569805949074414e+00
9.444091188781923663e+00
8.556669062308184692e+00
8.721188139958350405e+00
2.801025604576351746e+00
6.760517762909737272e+00
9.618717179392520578e+00
3.881929521267408756e+00
6.995238298780340536e+00
5.538782711044373031e+00
3.684957263900045188e+00
4.224855110390088875e+00
1.134228167801197351e+01
1.146667740184265982e+00
8.586913876680545954e+00
3.402238612249255834e+00
5.832663758839355062e+00
9.580468014866129423e+00
1.065739479326617989e+01
3.663474332924974153e+00
4.640372533487318485e+00
7.043269392581769317e+00
6.540214617447742462e+00
9.727294192438925791e+00
5.663284549823460523e+00
1.438210471065372609e+01
1.246084500359611491e+00
6.450156159476537532e+00
3.540788870649617781e+00
7.899971767695362246e+00
2.870579471772465308e+00
