9.286137057516006266e+00
6.587968885672024655e+00
4.791950123867575684e+00
4.082251970933802099e+00
4.346161778323483382e+00
2.336478785223264865e+01
1.436319941789042876e+00
1.070725284547899392e+01
2.859149350145242074e+00
1.131680035684694019e+01
4.213916892161532424e+00
3.612038169777578744e+00
1.007862836857021449e+01
7.603024166984574395e-01
1.317249686783673823e+01
9.010361635532809776e-01
7.256733404341582094e+00
4.693766370404453880e+00
5.876591446202986013e+00
7.995843110578840118e+00
1.589795533337504274e+01
2.864932602198144718e+00
3.808476285392971228e+00
1.091658262862644335e+01
3.530274634925024024e+00
5.931787187598896338e+00
8.303248777711687012e+00
5.164173265014297520e+00
1.844716100057733232e+00
1.071767833948247173e+01
6.559343609594534996e+00
1.096129287790661166e+01
6.555099904324098503e+00
1.622063191836380014e+01
7.397357287202678044e+00
9.145356122599795912e-01
2.192529175723454671e+01
1.015391057391541985e+01
2.755139576649570099e+00
1.245057226015789276e+01
3.924394123524230782e+00
6.766844723421219676e+00
1.635438596878305262e+01
2.780082202246937140e+00
4.276457500670928447e+00
1.517759312781119085e+01
1.855115616382088994e+00
1.345600494506708245e+01
5.980383859835384897e+00
1.032589752606333633e+01
4.335202652642176524e+00
7.518989732414803839e+00
6.635372696374245649e+00
7.410534573854975271e+00
1.428525683792324052e+01
1.690703026443063361e+00
8.311907838914583735e+00
6.260059693320065399e+00
6.991492231264334833e+00
5.133794474141645914e+00
1.228744064035658390e+00
1.243874718729921014e+01
5.640659214152876189e+00
1.861449290189906236e+00
1.813429698331810158e+01
1.054726172982455878e+01
6.173238250646188696e+00
5.307322467376903496e+00
4.393936018991154491e+00
6.530758296189809187e+00
1.221039227908240266e+00
5.407742402314974939e+00
6.898350286307820767e+00
5.034663785278109316e+00
6.394827063777094978e+00
1.827282904410057807e+00
5.266211331395460604e+00
2.959939306817698235e+00
6.055738539529390785e+00
1.452731188435804377e+01
1.266633124679659872e+01
2.051219511260435002e+00
6.262544654019628787e+00
3.862902244586141176e+00
1.502614877073216837e+00
1.844159727625724443e+00
6.217949280054445360e+00
8.166428343733041828e+00
4.832286734950021589e+00
6.997998090704954599e+00
1.253124157778044712e+01
5.449473699119737446e+00
1.341204120734635907e+01
2.612970520415125009e+00
6.033347987275234914e+00
1.932172594522590492e+00
6.105279181768150210e+00
1.746725749857547472e+00
6.042992689915287485e+00
2.909040446966802307e+00
