1.971219250562108982e+01
4.229845464742921557e+00
2.151054954763971683e+00
7.851522935554593019e+00
3.638564855195939529e+00
4.167264182874140133e+00
5.472491585236309852e+00
3.122737213445889282e+00
2.396544804052807009e+00
1.284575722884746618e+01
1.110157730765245709e+01
1.297742460422955446e+01
3.776377385227178696e+00
2.531444281888792780e+00
4.913635210005812937e+00
3.334822822590989055e+00
1.391301276358713590e+00
2.724835462421530963e+00
4.335032051164341205e+00
7.428433398420891010e+00
4.134583005492389773e+00
1.757328683456106155e+00
4.824815121985268185e+00
2.580905847692139599e+00
1.148239074338366983e+01
1.783076221720782284e+00
1.614777824393587080e+00
8.076593352328785835e-01
9.267117293951837809e+00
1.171037840637468186e+01
4.228008178721871957e+00
1.096574491046710875e+01
2.490234587464026372e+00
1.153247481866421076e+01
1.100275790097644535e+00
6.094764463674861688e+00
1.285842425692278690e+00
1.216112475374771629e+00
1.804845031803510524e+00
1.275692097651572876e+00
9.624112553059736896e+00
4.571254872939384484e+00
4.206850654892243746e+00
3.635747550165879360e+00
7.114686226696306903e+00
3.129858641435221855e+00
8.346693653324548379e+00
9.497159180562148029e-01
6.707766084814178242e+00
6.363326178002718159e+00
4.652288794164776142e+00
1.003304796126958331e+00
2.229007604248749885e+00
4.908598887341271144e+00
7.736692975230131886e+00
2.960889179884493405e+00
8.133309606873257991e-01
1.045786594671843206e+00
9.372060860346717703e+00
9.542970953860538952e-01
1.682790155176459912e+00
1.985177314082397393e+00
7.678788004436731818e+00
8.889271439513206641e-01
2.843412993784308007e+00
1.014372387580284807e+00
2.542691661582622054e+00
4.532313635759518178e+00
1.779966669364050569e+00
8.469356697834767189e+00
1.070049926122158723e+01
5.120696576460789906e+00
1.939420579905212438e+00
3.537375384309910054e+00
2.200437757346455747e+00
1.385287535196282560e+00
8.761845292886040193e-01
2.822149715907249501e+00
6.548650849699407139e+00
1.553687966912943974e+00
6.536918151408751321e+00
6.942415417230741959e+00
1.938591554850476628e+00
5.334447106843387409e-01
2.690954262205089265e+00
6.022695756845181103e-01
4.064469662518946258e+00
5.828398052947930452e+00
3.275256272334948537e+00
8.246675397050539758e+00
2.242859295618304216e+01
2.349976781557030492e+00
4.092266142144602270e+00
2.188843052090724495e+00
3.979696881377735806e+00
2.668579672935480485e+00
2.600097839180539161e+00
4.956755080410899517e+00
3.369428785274020566e+00
7.734187905957446985e-01
