2.773154654668535724e+00
1.901995123189724302e+00
6.324472706304701930e+00
5.000487122325429468e+00
1.008462217092814939e+01
7.091066472288926059e-01
1.283750725807762949e+00
2.171341315235185032e+00
1.053182946490390126e+00
1.261677984851877099e+00
1.750863201950664472e+00
5.490359476106987380e-01
7.701433882117955321e+00
5.914460535278927900e+00
6.309543320094751495e-01
9.094202157294042355e-01
4.011618905013792258e+00
1.400751342176439485e+00
6.033216628188368125e-01
1.276566025044603148e+00
7.399272541979772244e-01
8.809165230677450609e+00
2.243361101397674862e+00
6.495100766157531069e+00
1.198616124670957461e+00
1.738014839364679887e+01
3.608884287116781220e+00
7.817335718643343423e-01
1.799916073662739535e+00
4.538978365923320268e+00
3.805364366540853194e+00
2.643008261243845247e+00
9.172080216169724576e-01
4.497048670038171991e+00
1.511120847692233538e+00
6.743695818415241794e-01
4.046978089355640407e+00
5.898476561121514194e+00
1.226828346493181066e+00
1.570430284018853095e+00
2.024218027232916217e+00
6.308750329815790980e-01
6.125086486916002659e-01
9.104674148469447115e-01
6.596236221592429949e+00
4.574938033832393280e+00
6.927089845240211652e+00
1.191042461255686913e+00
8.913087415907984257e-01
2.282609188643029530e+00
6.768350357575586784e+00
6.999065548990513363e+00
5.050314133173378073e-01
1.768961131307124957e+00
1.401116633396267019e+00
3.895239104510945349e+00
1.817822051885369605e+00
9.392572588871969108e-01
3.310727060522244525e+00
6.861025517601248014e-01
6.354200553585911404e-01
3.767863960280271485e+00
7.923150828385988831e+00
7.631695223573252918e+00
1.068039694286234997e+01
1.280916372769756117e+00
6.401194191327063132e-01
1.178232908804205614e+00
2.225236640262000964e+00
4.645515068017849747e-01
4.294138378568952419e+00
1.533407531424257897e+00
6.032400341381750408e+00
7.500205608289955528e+00
7.250950782861612431e+00
6.257991409891822121e-01
1.732965770028477959e+00
5.939766346776108819e+00
1.195778194726884847e+00
5.156089534597350088e+00
6.459217249271765882e-01
7.526864399585119214e-01
1.422909417024338152e+00
2.017590260423522963e+01
9.414794335018701332e+00
1.404893332602228595e+00
1.177666786327818738e+00
3.879143167277414150e+00
4.078167559381076224e+00
9.801058768465539250e-01
4.984145520596215406e-01
3.312873684667041907e+00
1.048644464685731137e+00
6.660875580445470012e-01
4.093621395425157239e+00
6.638332478283605065e-01
7.523646731579678892e+00
1.735709306013332620e+00
1.596693117074793777e+00
3.275175179807904069e+00
