1.663513951527192392e+00
6.585732489272280166e-01
9.290128235157572023e-01
4.509626405072539868e+00
2.692342827680957118e+00
8.073652313204506825e+00
4.421429067880023212e+00
5.070255586678540372e-01
6.225265122395333695e-01
4.078414379758112940e-01
5.033746283324206372e-01
7.732790747646494101e-01
1.315927532101502706e+01
5.486438868541225755e-01
1.935473425889695731e+00
6.019284581345752949e-01
5.594465699662686253e-01
1.291646517062059463e+00
9.416449349710078742e-01
4.891619198865954643e-01
9.165527270864513021e-01
3.866421848248978055e+00
2.198374028856941553e+00
7.911056254464270410e-01
1.491002470006825753e+01
3.886170786581762737e+00
2.498611482458818589e+00
6.513420977077498675e-01
7.395131879115739437e-01
6.287004737797781129e-01
6.778419273592107608e+00
1.283311051653009738e+00
7.333238085347191237e-01
5.845784824878288433e-01
6.209236876949494333e-01
2.360450763376790384e+00
3.209818167065003003e+00
6.309298852990197659e+00
9.506496149463753653e+00
5.183451573846143967e-01
1.173870720227593534e+00
1.183131331149958498e+00
1.126202638387994615e+00
7.394654026219142917e-01
1.113646250697789242e+01
9.572763180825559770e-01
2.105087623717361911e+00
4.270676005635321459e+00
1.020486266816261312e+00
7.195236543674955465e-01
6.456311221463776562e+00
8.114051218906581653e-01
4.338966911038785845e+00
8.114513400222628237e-01
5.223753095802097235e-01
1.462174339255752464e+00
1.045017941549337159e+01
9.131378674659623940e+00
2.029044482917460090e+00
7.938626784856036567e-01
5.323039663990418724e+00
3.876463288797994178e+00
1.342353094040246830e+01
1.514732598509412886e+00
8.039606892782471093e+00
9.350550129787741582e+00
8.485129325273488288e-01
3.583419321332907082e+00
9.423187877111731670e-01
7.527164958367518199e-01
8.613239713271767517e-01
6.996347873033669229e-01
1.163784220055116281e+00
6.229550644173225127e-01
1.281159024876027841e+00
7.607894232198354700e+00
5.099733926183327437e-01
7.567430490941884358e-01
7.591455801878063125e-01
1.785679666965798162e+01
3.019442989261723831e+00
9.071612574388407957e-01
4.911482173017970299e-01
6.051746654943259696e-01
5.713802855564131811e+00
8.604237218881786164e-01
1.928298046719853831e+00
4.647443291101682306e+00
4.892007964204779791e-01
7.420869675337549154e-01
5.952119382830020067e-01
1.149828997928808327e+00
1.202325907913540881e+00
5.408540676669916225e-01
7.624129227848264190e-01
1.143352336718451046e+00
7.101782830939709079e-01
6.084125529216276584e-01
5.829913718280577140e-01
6.798272171764561111e-01
