4.577739816665164496e-01
1.340858161036814344e+01
6.013835924797487076e-01
5.587255707438957275e-01
4.981918221641771782e-01
5.967753866816631891e-01
2.324868399596459412e+00
1.769300816962633416e+00
7.717298523882145656e-01
5.584797093419071601e-01
4.199796897026369713e+00
1.299425812358877330e+00
5.092682839889203228e-01
5.436114700621329510e-01
1.618714906166345724e+00
5.663627195210103604e-01
4.909861629161936247e-01
5.497106084755318811e-01
7.466235413959614320e-01
1.120522328324795813e+00
4.236713081680401061e-01
5.077871539735459017e-01
3.411166291416259266e+00
7.163375790090061868e-01
4.951955761727614203e+00
1.024716463182312243e+00
5.467985599382508832e-01
5.261407847386138092e-01
5.844684629944177923e-01
9.337781916597290843e-01
6.224422632437233149e-01
1.328661746417475920e+00
9.820527367166885790e-01
7.003819975201243331e+00
1.170380532702586240e+00
5.507324509573641169e-01
5.751357145248597869e-01
5.972107426138189012e-01
5.414224635139248676e-01
9.123985040245912614e+00
4.601196705943028653e-01
5.282402484631396611e-01
5.328554811530191726e-01
1.980269203611685347e+00
3.542524381720144611e+00
2.929080489445005320e+00
1.248204483139147669e+00
6.461844300799889362e-01
4.718051610670281337e-01
1.347113107382143404e+00
8.058947310337996939e+00
8.004337219000231540e-01
4.516865408231372503e-01
8.813614809248793591e+00
7.424964779069044285e-01
4.886413635070611661e-01
4.708718776964879171e-01
4.984725895792290196e-01
4.390101938688754757e+00
5.859495362168967159e-01
3.739571415703420332e+00
5.407503544626828251e-01
7.381673864905184956e-01
4.898808303822808075e-01
6.613867705730448465e-01
2.005166665118025549e+00
5.421211363133154215e+00
6.234657756541058804e-01
4.675950571757808705e-01
7.054596578830781839e-01
3.690594162973536152e-01
1.483827831180808632e+00
2.016384599513691978e+00
8.046433788881477422e-01
5.208429907507828860e-01
7.822533738123113034e-01
4.484043977974747075e-01
1.133115280677746251e+00
6.007726235619029742e-01
4.512445234357561619e-01
5.688540711052549881e-01
1.610223504137536121e+00
9.161224318948011369e-01
4.554652323072767017e-01
5.447846045954739536e-01
5.921451087489356668e-01
5.342009509496939978e-01
6.264763240681998635e-01
4.772427333636962699e-01
3.319898682789011790e+00
5.370981706307800252e-01
8.667231554932655069e-01
4.759394692409141814e-01
5.590305290249184544e-01
1.257911221650236167e+00
5.765862303353125329e-01
5.118043549024643424e-01
9.059011564428138819e-01
1.467260265181009604e+00
5.763096645286867048e-01
