2.475885904020021044e+01
2.495725529487634375e+01
2.587301827624607498e+01
2.414542548629498597e+01
2.326581568479599937e+01
2.483500726507129741e+01
2.487647846138147045e+01
2.512382906657852644e+01
2.427047197786632537e+01
2.467866499883692555e+01
2.483988670820853528e+01
2.454042291068019210e+01
2.423827065903570244e+01
2.479742980565324117e+01
2.540984224037444861e+01
2.429932060521483450e+01
2.423345706358868767e+01
2.567200542198565927e+01
2.507031441041457143e+01
2.480812895420581654e+01
2.415565050407846570e+01
2.457416002438860403e+01
2.521868584230726995e+01
2.442930191130278317e+01
2.469133891180893414e+01
2.440359826942318833e+01
2.465268444444859242e+01
2.467430085760121727e+01
2.370391879693499249e+01
2.410509591399032914e+01
2.430110357959961576e+01
2.509942519730646637e+01
2.434628087216541914e+01
2.465273208682076955e+01
2.557007689241149606e+01
2.459837193249240528e+01
2.502540354952774493e+01
2.513795435772408382e+01
2.456173582025650148e+01
2.397839651994352650e+01
2.478245591318160379e+01
2.447236706099962333e+01
2.413807998023345647e+01
2.508850494584726221e+01
2.366048072550418624e+01
2.408111610616760601e+01
2.494783169602267492e+01
2.448814710056741362e+01
2.413300530743809702e+01
2.520234371567634213e+01
2.402728908328195345e+01
2.487825114197327281e+01
2.492211515509988118e+01
2.465285787893933289e+01
2.544302828362638635e+01
2.453344641647843005e+01
2.489826860920359053e+01
2.402848007077762205e+01
2.451608594459217016e+01
2.422716165079780737e+01
2.490478038145565165e+01
2.448186474979148386e+01
2.494748420707007952e+01
2.478181060980831774e+01
2.519983943085922107e+01
2.475862793509518056e+01
2.514346120829959474e+01
2.515750026274070450e+01
2.474273078200532083e+01
2.449780961742658292e+01
2.469492867671376146e+01
2.493217463239330556e+01
2.422620249958806937e+01
2.407954871078587900e+01
2.564779222969810846e+01
2.421214127849370712e+01
2.493704735643665771e+01
2.469351164400961096e+01
2.509718692035794518e+01
2.509272905654987440e+01
2.449555290676410380e+01
2.520359608720771050e+01
2.433396404707652394e+01
2.463165755393738721e+01
2.484556458618637009e+01
2.478614972322814936e+01
2.459806948077272182e+01
2.477400806705171377e+01
2.515976005666993842e+01
2.499068506399707346e+01
2.423262747386875304e+01
2.480564808971221424e+01
2.499499489369400251e+01
2.520112466526514439e+01
2.498327653338504106e+01
2.438794519303173658e+01
2.474501251062748963e+01
2.467478903136279555e+01
2.500184030455542938e+01
2.413247852592910547e+01
