5.535341998188607615e-01
5.683570302621161474e-01
5.056648327155731648e-01
4.800550229610846542e-01
5.859284671630394792e-01
4.623503342964012663e-01
4.938012994901926356e-01
4.925493215048303286e-01
4.048925609564388850e+00
4.828522566165253105e-01
4.918027667605959774e-01
4.727627576319279878e-01
4.656523710445842901e-01
5.044352140910470794e-01
5.516294821189857700e-01
5.318376176267086697e-01
5.222458513041727812e-01
4.475124553347581413e-01
5.407031971914934010e-01
5.261078090458490841e-01
5.681428921938018739e-01
5.446072657051859167e-01
4.956456728009657753e-01
1.661545669502553668e+00
4.804430681581284279e-01
4.665346351067863884e-01
9.329457490549242227e-01
6.207604247922248186e-01
5.393185016170154444e-01
5.085524132727144986e-01
4.478716422198902314e-01
5.171638671773770568e-01
4.790353371706302932e-01
4.671126277194875831e-01
5.070202284511292623e-01
4.410793857868195444e-01
4.702313677463353936e-01
4.253349232747564712e-01
5.278096996130939855e-01
4.161543204887380165e-01
5.683719029637448905e+00
5.290639180728478053e-01
5.776023769904664595e-01
4.534502933789080759e-01
4.861870763905190018e-01
6.732881299899261540e-01
5.101196339245689382e-01
5.237101734427542787e-01
4.009361839350176204e-01
4.419029459523401981e-01
5.963968444887886022e-01
6.900622623700894964e-01
5.719853156327951993e-01
5.654420551333870781e-01
5.010296462250410920e-01
4.870013090787981835e-01
5.498917439948648456e-01
4.119009263712721247e-01
4.437868379652770701e-01
4.244329991915136713e-01
4.682576169424269574e-01
4.109346546322806271e-01
4.706588732935900410e+00
6.583246593480660547e-01
5.022727772427659776e-01
5.107193555930115147e-01
5.253182222228387488e-01
5.032386281107595893e-01
4.867404224771800236e-01
4.478073963446659866e-01
5.178615549648665217e-01
4.670965387035262428e-01
4.550008639894465579e-01
5.840500953278862095e-01
5.279576145235080897e-01
5.020107077214475133e-01
4.807237434044406843e-01
4.421048293746180913e-01
3.986127340545248532e-01
4.539588258743403881e-01
4.645079293416025101e-01
4.013985608210849931e-01
5.459352092691294178e-01
5.369387705316669424e-01
4.681976594914027401e-01
6.547583800934200227e+00
5.580678392940614518e-01
5.147400959011287913e-01
5.584691392047166358e-01
5.423612337235511616e-01
5.627906747241216978e-01
5.069308592200787444e-01
5.143259631116695596e-01
4.479377036331619877e-01
5.612762374052906456e-01
1.856991106939347880e+00
1.843077237977244653e+00
9.755646142493425987e-01
4.850058314205455412e-01
6.247168563372810235e-01
