1.955971003615157144e+01
5.827195562427253117e-01
6.256691570861522278e-01
3.785798136931153302e+00
6.449488742613342929e-01
5.089911261840746048e-01
4.548022595884917418e-01
5.723811701051700895e-01
9.096424706358664514e-01
5.087968050659075203e-01
4.509481196299104933e-01
3.399285641040302064e+00
4.706535021044101486e-01
5.969667832615613845e-01
6.966416857662567352e-01
6.272911389632561452e+00
5.969611534683603171e-01
5.399687943309784410e-01
5.451521556493378329e-01
6.636655393718403628e-01
9.156491576734225868e-01
4.961889596541549374e-01
1.618558848989107180e+00
4.799907352469159894e-01
5.022299241945370474e-01
1.968738600359334345e+00
1.350544846684071043e+00
4.694748285004138877e-01
6.982332493443215160e-01
1.562196289536634586e+00
5.854122160263212082e-01
4.977572376289181588e-01
4.926575770053369108e-01
5.396192906174442916e-01
2.910580947335964286e+00
7.151306882197520087e-01
6.938185319074726687e-01
7.685205814735797114e-01
1.619669048917600440e+00
7.300705448975924883e-01
1.136082226868611045e+00
4.668412194077808941e-01
4.954454283573175855e-01
5.210469501336734144e-01
6.070561912610431543e-01
5.084170465185503529e-01
9.532545167157476795e-01
5.332684328762902215e-01
6.408250942285598217e-01
5.034537444304189036e-01
5.608222649725475017e-01
9.135871990510269214e-01
4.663250410465121787e-01
5.642360679726503569e-01
6.509166839695988971e-01
4.182292757240490544e-01
5.862143222952930222e-01
6.421384900574681476e-01
4.288942740848514235e-01
5.471381701417947774e-01
1.161697338575246929e+00
1.722699262898870209e+00
5.223331158484006975e-01
4.220354702470071606e-01
5.971172964082083201e-01
9.993693888472466869e-01
9.069816468754440253e-01
5.900706749276646290e-01
7.340092174904051525e+00
5.299945159959368324e-01
5.113770310616193582e-01
4.971027138340644580e-01
5.449736930948305691e-01
6.144398307432539230e-01
4.927444018616499721e-01
5.299456724572682020e-01
9.024830546483433302e-01
5.047123969322701020e-01
4.126452264704433825e-01
4.294627318802018978e-01
6.607093722119317114e-01
3.314660962940265687e+00
5.651798958828956332e-01
4.818029700255255232e-01
5.095695272030207335e-01
4.240370406316511520e-01
1.201998579664075972e+00
4.322089288507467986e-01
5.726825498558254512e-01
3.362961326398754558e+00
6.505158461359792366e-01
5.460464267145461736e-01
5.380334315251453781e-01
5.479912037646383904e-01
1.228837149782303406e+00
2.156119067781212983e+00
5.342297460602667414e-01
6.253620877837637870e-01
5.386101772816277444e-01
6.019240166930438507e-01
