4.396383024851085453e-01
6.188064189229579570e-01
5.392079633345133738e-01
4.869686726153814593e-01
4.838441666827909549e-01
5.251795109065442446e-01
4.769740221130109870e-01
4.853192224113795361e-01
4.639633690463249027e-01
5.516800940429728017e-01
5.481659841173047720e-01
5.381580387792128661e-01
5.429523950322414638e-01
5.871621875646864108e-01
4.408765204449904829e-01
4.901960910887427358e-01
5.200109962811854114e-01
4.100647745827504798e-01
5.156218194633337415e-01
5.134610452456723761e-01
5.549325726125212688e-01
4.581989026184185021e-01
5.494509112011074503e-01
5.480867566347489284e-01
4.909412592649050056e-01
1.293768868592034771e+00
5.895359493744558588e-01
4.940386621966113001e-01
5.265457296892090966e-01
4.851645199030409361e-01
3.298671491809613610e+00
5.124894930202427146e-01
5.002645012703493821e-01
6.015582434169954862e-01
5.494435937946910986e-01
6.231048220951892480e-01
4.605752756701572692e-01
4.993139194580675788e-01
6.123664048925879788e-01
4.187715483659640303e-01
5.516083335745319838e-01
5.088310749628442986e-01
5.624518374778829655e-01
6.120279519136405666e-01
4.662088624265243730e-01
6.455531762557810138e-01
4.984643708759347036e-01
4.745639425643282672e-01
4.295153321686451808e-01
5.975821002205811139e-01
4.503343680011751560e-01
5.170688046931478654e-01
4.990880593368289264e-01
4.885023354911625648e-01
5.182317236139023509e-01
5.675815860731324713e-01
4.384446430744304846e-01
5.500430477857207734e-01
4.809281604150336675e-01
4.594706743719733644e-01
5.290574882336496199e-01
5.401039236549466382e-01
4.730741995983441806e-01
5.494832130630911138e-01
5.889042617480670927e-01
4.723877202803612452e-01
5.112426167426711299e-01
5.239727844386635747e-01
4.517935497561173519e-01
5.419782926555103408e-01
5.161039049373115084e-01
4.843847723026956098e-01
4.924916214202076370e-01
4.907999935725925189e-01
5.187988384272517184e-01
5.022851604644227308e-01
5.554686967048836355e-01
4.490833713514637560e-01
4.403421598510831036e-01
5.937020177669661836e-01
5.181730963978498083e-01
5.172874523544969128e-01
4.738870625122814650e-01
6.039102574500955223e-01
4.594763855218362836e-01
4.225835871667699695e-01
5.477064820547266066e-01
4.106820905575750413e-01
5.143748535075871597e-01
4.911106713084942288e-01
4.555596879375061192e-01
6.238113006053006560e-01
5.619215794282881316e-01
5.327801013080952774e-01
4.527891267420813826e-01
5.369114642994998743e-01
4.797723899131706715e-01
5.077301285197752811e-01
5.866558903885572551e-01
4.656056064392496419e-01
