5.152300408176018198e-01
4.507061439480523624e-01
5.037407237219806433e-01
4.203001452162303253e-01
5.626178292221679644e-01
5.202691166382111820e-01
5.560662883474321028e-01
3.819527456555761979e+00
4.536679129419052825e-01
4.533377948848790751e-01
4.733801909173595557e-01
5.795990591171013007e-01
4.595808694858753429e-01
4.800013467173128712e-01
5.196670379066574696e-01
4.972295669339789059e-01
4.731855943635805417e-01
2.385546652620262442e+00
4.927098807032308514e-01
4.463202983580284444e-01
4.700863891561996577e-01
7.424286830547600635e-01
5.385152541163129580e-01
4.636324502276323312e-01
4.916568682480254027e-01
4.591480121645349910e-01
4.500234539075863571e-01
4.051329195896783975e-01
4.437734728204026369e-01
4.457742385110774475e-01
4.793219546660726915e-01
3.545403406901241894e-01
4.648207761634663981e-01
4.557186867481983761e-01
5.825098174319346400e-01
6.447967601100867974e-01
5.188414254299763551e-01
7.105652764110170772e-01
4.772731979826591586e-01
6.233730673805779610e-01
4.804588763563265585e-01
5.040631678624722944e-01
4.864824153097516701e-01
4.885850680621022790e-01
4.938320559279109623e-01
5.509139985467985667e-01
5.008588945918489577e-01
5.327975403924806175e-01
4.492188809070022937e-01
6.116699664169071848e-01
6.041708200483925095e-01
5.074522691907745742e-01
4.836427060242456388e-01
4.739187895996465616e-01
1.260280798696616422e+01
5.190264653463831923e-01
4.818799552474713477e-01
4.748558117471716189e-01
6.573033903103819853e-01
5.417096625316891734e-01
5.181024568366634497e-01
6.243440836915993275e-01
5.122084458249991368e-01
4.340186739677738825e-01
6.061857953357556728e-01
5.105205526963257912e-01
4.928167393637882809e-01
4.715738577305169099e-01
4.601263936881777039e-01
6.364570856826924361e-01
4.326600309061883198e-01
5.401273263344106290e-01
5.322924506929267441e-01
5.908552004549006975e-01
5.126064035374828798e-01
5.383091169291159828e-01
4.535748687962507519e-01
5.629992796021006107e-01
4.803529273115328957e-01
4.689204787253991591e-01
5.252973404871921215e-01
4.894496897233091559e-01
5.013857544552871026e-01
5.048216158489797767e-01
1.394095786620373589e+00
5.126406139076564727e-01
4.675966298247447583e-01
4.626781299681375081e-01
5.134649663521752005e-01
4.428805424897283571e-01
4.659805308010709357e-01
4.737137762977439714e-01
4.332859593435476331e-01
8.319685006168671126e-01
5.095344566975824607e-01
4.769567481756048499e-01
5.096508525319763949e-01
5.027744582750665048e-01
6.311105366535725292e-01
4.461416316754256428e-01
