2.637934882066511477e+01
2.564844027780864621e+01
2.543297580746788711e+01
2.626283897468380601e+01
2.501320266476397691e+01
2.631446192631945991e+01
2.635372626849597921e+01
2.590842677954611517e+01
2.610601449323534240e+01
2.560703906220393833e+01
2.621835627398224844e+01
2.521170014538854076e+01
2.545571083077318519e+01
2.603190979492206125e+01
2.672579254333541954e+01
2.576480388101814611e+01
2.614456160581424982e+01
2.566754569974853695e+01
2.543385068351876299e+01
2.595237065336085891e+01
2.550999876013558776e+01
2.536246446499122342e+01
2.604501844955147405e+01
2.606725511885873914e+01
2.571611995836020625e+01
2.628134929984918955e+01
2.576397498487731852e+01
2.585343182738473544e+01
2.625903389968875601e+01
2.548452527889794794e+01
2.620891660893741459e+01
2.711368360584992132e+01
2.489605897873575913e+01
2.551150319658360388e+01
2.607077021722769317e+01
2.524769353636869340e+01
2.556527550310954666e+01
2.579612089310931466e+01
2.572659749467239365e+01
2.570576031100837255e+01
2.620547498850957524e+01
2.512347480009884393e+01
2.570167886766730447e+01
2.556756079215133326e+01
2.565551731330370089e+01
2.571043031771435494e+01
2.566341336218583891e+01
2.546447462693451058e+01
2.610696087956203826e+01
2.575907866125258039e+01
2.575019410470283887e+01
2.522485595743798470e+01
2.518219178060325447e+01
2.611332083771468859e+01
2.602026376940986552e+01
2.513855048227834033e+01
2.513813232609972914e+01
2.608325578455035298e+01
2.565987436563515089e+01
2.568817032937610989e+01
2.639678777423005585e+01
2.634023622850072854e+01
2.575643637781606188e+01
2.635004818893647283e+01
2.542553740947031216e+01
2.600945277026840330e+01
2.568929510504896285e+01
2.574958153256136839e+01
2.616010775003089606e+01
2.611843694104313940e+01
2.532705877927920923e+01
2.597136488506983554e+01
2.538696478695376868e+01
2.506138725036905157e+01
2.560231183168699687e+01
2.565723900665514989e+01
2.543489097164413693e+01
2.581061201544334338e+01
2.575779876847841265e+01
2.563373557666152536e+01
2.688172811873224433e+01
2.517885693393281343e+01
2.543268222349690788e+01
2.597585995134455317e+01
2.589087528076082734e+01
2.581450876380694126e+01
2.569678199279957198e+01
2.600941623524073520e+01
2.573738808275869516e+01
2.504261740778968104e+01
2.576305233656934490e+01
2.686164541156259489e+01
2.529943482168941671e+01
2.510921271824283707e+01
2.577412890676410839e+01
2.646757105534979004e+01
2.595846254675819154e+01
2.585915560735118035e+01
2.586529093448076821e+01
2.656116455175941127e+01
