4.957183693718851258e-01
5.770694735518993035e-01
5.631539470839832529e-01
5.370303225619542653e-01
4.788376718785435360e-01
4.327908319175852170e-01
4.815151665895941457e-01
1.857957630528600079e+00
5.104236259850540858e-01
6.009309744318004354e-01
4.970093581291814000e-01
6.261559117230316440e-01
4.467339173127070073e-01
4.600229931852299892e-01
4.601787668693413380e-01
5.651941988623105928e-01
5.121068813598289582e-01
5.071213697261288678e-01
4.623734695945861395e-01
7.460286312142489606e+00
5.072173646405039316e-01
5.478953071393338758e-01
5.272623026789331480e-01
6.059493550453377564e-01
5.963570374877346758e+00
5.783750272793062308e-01
5.083616667559933688e-01
4.946110933979167568e-01
5.193125644253416828e-01
6.483572470938731014e-01
4.462285915669756964e-01
4.838553464731192300e-01
5.430615749874911913e-01
1.016081936480267123e+00
5.691661954981316329e-01
4.722261899503029658e-01
9.653152395351349835e-01
5.073128435617856313e-01
7.342505849030790399e-01
5.062969500840147630e-01
4.734547860751179282e-01
5.291325964807147564e-01
5.051140238790368109e-01
6.397720453060551371e-01
4.425596331557773433e-01
5.375798121372347138e-01
4.940205385916273673e-01
5.578194417454592768e-01
5.102973482367235691e-01
4.855658202989244221e-01
4.546988506825467291e-01
5.007186984069674773e-01
5.016194904969247803e-01
4.559713594177749463e-01
5.176199772907934538e-01
5.204389585438308208e-01
4.244350945391291430e-01
6.567160945257058957e-01
5.096630484291472252e-01
6.007106376197562936e-01
4.707890000730122759e-01
5.066283591816123089e-01
4.876981251241928605e-01
5.199314896243771855e-01
5.070221271368294813e-01
4.966785041444179982e-01
5.706344144969700549e-01
6.840783709354484321e-01
4.561191727647056493e-01
1.046356055904196225e+00
4.419148150780096707e-01
6.747394108310174055e-01
4.859961816155970449e-01
5.752034742135108125e-01
5.637705962689125716e-01
4.687063089282045847e-01
5.605419926434063171e-01
4.735579100673471542e-01
4.590447096407788141e-01
1.175045448537730941e+01
5.407142078196872648e-01
4.576701525475842525e-01
6.038086092742369182e+00
4.816205254704738481e-01
5.656176167571954627e-01
5.255540854916136428e-01
8.828579263492200013e+00
5.774164791615018499e-01
1.287552274468464208e+00
4.648265661964142703e-01
4.406468472225613109e-01
5.157297285337877346e-01
5.677505641403246539e-01
5.986305211013999150e-01
4.916256226913741090e-01
4.543546521429775442e-01
4.850333760380982628e-01
6.407931879868266067e-01
4.544081804428852789e-01
5.499071950343921156e-01
