5.036050446356308274e-01
1.849505593941545811e+01
5.128993785573315867e-01
4.599241920786983906e-01
2.588071921799492081e+00
5.227120554004975883e-01
4.639678791933957713e-01
7.396325337341685957e-01
5.389098606616823384e-01
5.972108616839011397e-01
5.665705953520731031e-01
1.907825353288921999e+00
5.738243991722464798e-01
5.704941555485928406e-01
4.882298698960023664e-01
2.994085405649412390e+00
4.689492073498004454e-01
5.837433509500715711e-01
1.113155024302387330e+00
1.815279708223261323e+01
5.470099980654349325e-01
1.159479856874094272e+00
6.534811059068179606e-01
8.964665690625350791e-01
5.574618900955585765e-01
9.066295482597898081e-01
5.280254183163274329e-01
1.577073781441629130e+00
3.950827633074696088e-01
6.378493757949573739e-01
5.811121003434520649e-01
7.535609821261898267e-01
7.189808928712400071e-01
2.384377320579860182e+00
5.406062233754886925e-01
6.962752964869550754e-01
5.425690546665015157e-01
4.916207295526465737e-01
6.333106858829773422e-01
6.122649905363628520e-01
6.314674319803735836e-01
5.430457025867420073e-01
6.701961808516931907e-01
5.591195053674217208e-01
5.718333555337846708e-01
4.149751455801221067e-01
6.667567237134863767e-01
8.851277386865716856e-01
4.672796106127217186e-01
6.133239091813575961e-01
6.237911218866651897e-01
9.261563425299694785e-01
5.025463255980364696e-01
5.496537556602290486e+00
5.373009192759499175e-01
6.793560122294791670e-01
6.217367210028313940e-01
5.741366725212366795e-01
6.156874420588372976e-01
5.692913324952698639e-01
7.266537363625353851e-01
5.718129970386792715e-01
4.552399045483764284e-01
1.370040772623011049e+00
5.749728418118942308e-01
5.597383363880480411e-01
1.746606735047666614e+00
6.470657248554272378e-01
7.423265363304207831e-01
2.685514028090620453e+00
5.055835541598172611e-01
4.577058391215939603e-01
5.672810831775366713e-01
5.028189172611933211e-01
5.193685938812873104e-01
5.905430368245985218e-01
5.496808977229654669e-01
4.843868102958092670e-01
8.688715463512012294e-01
4.835880074866953371e-01
4.850465710979161016e-01
4.849260258588877215e-01
1.607263558234373280e+00
8.576747374437988514e-01
5.246077351647454590e-01
2.125057719594213523e+00
5.758681516927128818e-01
5.487713114434660255e-01
7.579781899240799481e-01
8.983226115777623866e-01
4.513530799202971622e-01
1.056509187441349917e+00
4.123415241535332010e-01
5.094446390137851166e-01
1.075276975217452025e+00
5.735743963165456094e-01
4.734386949428934233e-01
4.667228551607917608e-01
1.423729762643344499e+00
3.124392140417653341e+00
