4.776877704225797605e-01
5.001410480170682682e-01
4.807588749331451194e-01
5.492081390218566117e-01
5.497851338141888089e-01
5.585968481161683874e-01
5.310419601207531093e-01
5.682803935352938041e-01
4.549297505998117219e-01
5.334207527059331433e-01
4.877766696621516074e-01
4.608034943256062443e-01
5.642323862573379589e-01
5.129891687305619952e-01
5.043827967356631081e-01
4.686452919027006558e-01
5.523464431253010121e-01
4.958516354596190778e-01
4.632199167085244151e-01
5.079115108563587722e-01
4.887611843540448642e-01
5.142985338790012628e-01
5.590969489150932059e-01
6.024482311919585609e-01
5.715263587359196151e-01
4.649004163736113471e-01
5.163876826016825516e-01
5.217371560128192254e-01
4.901665777672969404e-01
4.895931360200382887e-01
5.735584717303774394e-01
5.667989774220184573e-01
5.687480944443463748e-01
5.160599741732365686e-01
5.481306822385405564e-01
4.247238729545524394e-01
5.859340336759835122e-01
5.240773750337582859e-01
7.280211884721483617e-01
4.658027911648434660e-01
5.360573639327782525e-01
4.481607761649053501e-01
5.378199618160722784e-01
5.567588534776996001e-01
4.943381061408080868e-01
4.545334992860298184e-01
5.034568252447034764e-01
4.797386632469049506e-01
5.732651846007910112e-01
5.064283684851753620e-01
7.004052502837215810e-01
6.316078349318839935e-01
5.839239069279179573e-01
5.251822898653578653e-01
5.475389370580612258e-01
4.261278657619441135e-01
5.720576641775848570e-01
5.160228980706895729e-01
5.013386203411486219e-01
4.897472114064518323e-01
5.918192140966569426e-01
8.805318949088519753e-01
4.798494756819517981e-01
4.797948895028869565e-01
4.484010938267135593e-01
4.764895340377948152e-01
5.005540645105046593e-01
5.259883327811902820e-01
4.987080629797279729e-01
4.729647985696996959e-01
5.189329936586957182e-01
5.374385658393175946e-01
5.237000079411446851e-01
4.004440223786788211e-01
4.819625974809802482e-01
4.402165471398120089e-01
5.192004345059525461e-01
4.545119340784775641e-01
5.435427756617501327e-01
5.023777699985008116e-01
5.226740481922296233e-01
4.105001364141295239e-01
5.464475485301348856e-01
4.703322220969368694e-01
5.511789532808338832e-01
5.002824538396213327e-01
5.430612287433944640e-01
5.452676199160639836e-01
4.694341332735147421e-01
5.550671348144965433e-01
5.401912473265170211e-01
5.022446881360811410e-01
4.280813960322725764e-01
5.381065037594630063e-01
5.706447668515766125e-01
5.202995874554149358e-01
4.784845738939951243e-01
5.057148772541595338e-01
5.792793382583182327e-01
5.538106157847234590e-01
