5.426249920643234637e-01
4.628431969675925184e-01
5.388366770120330829e-01
4.938815581208460537e-01
5.481287277009002645e-01
5.006699160113330382e-01
4.928533148524201768e-01
4.504224398681535568e-01
6.223639964957433657e-01
5.224973661263185853e-01
6.123736462190135788e-01
5.344899344162901134e-01
4.748210938394513692e-01
5.431345905193477597e-01
5.336454724688101114e-01
4.966379511736247476e-01
5.241164550767036800e-01
4.863969934368300163e-01
4.730261309770820710e-01
4.870802714504790520e-01
4.931994650137513925e-01
4.908909124922708478e-01
5.387228480904092676e-01
4.835471404920078098e-01
5.187955121762611865e-01
5.446572225977799331e-01
5.027929964967023935e-01
4.757369768764442286e-01
5.251147876745217991e-01
5.178233815748861657e-01
5.448033497559063854e-01
4.809303686733495398e-01
4.476678513678268856e-01
5.199046120642677460e-01
5.006296723629976020e-01
5.621645210854779862e-01
4.305402713666152126e-01
5.639622210977175421e-01
4.512056076095856127e-01
5.517677732900675425e-01
5.191365140201500417e-01
4.934262083567347301e-01
4.501591088264190743e-01
4.347363426381867790e-01
4.716206816837636984e-01
5.517097069690291011e-01
4.720727607251254954e-01
4.926862070171865726e-01
5.866849995006742091e-01
4.813306578490899601e-01
4.411459797801427496e-01
5.901254628480147035e-01
4.545751125646793067e-01
4.957467802155238190e-01
5.339424068115163902e-01
4.608870180906151637e-01
4.854362907857325271e-01
4.833932644519302047e-01
4.641379327786949172e-01
5.158217373893932978e-01
5.010019814233449553e-01
5.101500510338103922e-01
5.057529130796716288e-01
4.634850571557079246e-01
5.154627352102877369e-01
1.742453081080121979e+00
5.071417313497134094e-01
5.625963853901393419e-01
4.623054106627307314e-01
4.442145563985160917e-01
4.964507696375605184e-01
5.088637308901323708e-01
1.234500980776160439e+01
5.424523765129800612e-01
4.591067043467406683e-01
4.678902571231106644e-01
5.147935859731985753e-01
4.219637204948121223e-01
5.214138214270153115e-01
4.849784137814244778e-01
4.897180657884073196e-01
4.920193770830457725e-01
4.991186546492678566e-01
4.818788286119463637e-01
4.618406818760059651e-01
4.551304416939073172e-01
5.288156652424786941e-01
5.164321507650225795e-01
5.181911710359649037e-01
4.583440984223722814e-01
4.313866036476211585e-01
4.325829203439367499e-01
4.901133535360596150e-01
4.936262608711139976e-01
5.551882511868397874e-01
4.832960546684713088e-01
4.882016753120125285e-01
5.593926144972167780e-01
5.525865367137400286e-01
5.005531324606696808e-01
