4.946496465232578799e-01
5.088145509482253637e-01
6.425393842140415535e-01
5.052990739251997931e-01
4.961344261769841668e-01
5.435938789929697368e-01
4.830674693139078713e-01
4.944081963646879130e-01
5.718690839437337026e-01
4.660897950593052563e-01
4.640350358017390486e-01
4.759163542603492281e-01
4.837584781806971712e-01
5.090499740332939949e-01
5.013259071623615837e-01
5.195674554376674692e-01
4.744632583915439628e-01
4.855645138124985438e-01
4.102390502891197777e-01
5.106665516915032121e-01
5.105930780218975729e-01
5.126842224901182465e-01
3.912649026763319049e-01
4.709001365339330891e-01
5.342381455107662047e-01
5.583721186572030426e-01
5.680418031836080850e-01
5.015312851727578014e-01
4.994508381768368865e-01
5.310095660046901811e-01
4.686881360824742271e-01
5.100615383289004434e-01
4.946042531151699784e-01
5.106339391355935176e-01
4.950907206480767431e-01
4.614249618901992700e-01
5.339820175722642670e-01
4.894013099223301078e-01
4.853768661159272857e-01
5.685129992496192886e-01
4.908018705086762412e-01
5.211082947601272108e-01
4.417235797787940066e-01
5.032454109712124479e-01
6.593639983992524156e-01
5.055936782754764103e-01
4.962204850798052624e-01
4.507496800571484386e-01
5.980651515008146291e-01
3.915038396628757189e-01
5.060919784816778622e-01
4.311443546552281014e-01
4.645373196648289182e-01
5.428046721730021007e-01
4.983083162704698421e-01
5.330968526913937300e-01
4.507381785591785817e-01
4.658342230934210959e-01
4.933487888415113987e-01
4.524774919665512374e-01
5.160704944708626174e-01
4.704300012469259662e-01
5.439386070273956042e-01
4.237186822029259115e-01
5.149513374331411431e-01
5.059313546466009948e-01
5.130316417300631038e-01
5.168578297363939367e-01
5.312688339875316634e-01
5.371884415629856191e-01
4.683111797065194204e-01
4.685244910766393489e-01
4.622075449877084963e-01
4.609708729313679032e-01
5.652697761487304184e-01
4.967009413370424009e-01
4.776133518451432525e-01
4.991053609130139401e-01
4.279998313100122909e-01
7.733857413520774493e+00
4.796708042083826840e+00
5.034082489955498119e-01
4.746171803523773769e-01
5.532427935203341196e-01
5.123544737506282587e-01
4.851808119636787930e-01
4.443188574345596220e-01
5.203016023301330062e-01
4.058618723550600493e-01
5.366901435303973456e-01
4.887130145350759292e-01
5.550842268200973928e-01
2.665656185947255619e+00
4.546066620549084059e-01
5.499429343348385402e-01
5.563451570649470268e-01
4.355968166973879230e-01
4.166252274095229025e-01
5.021090392734303132e-01
5.991969432613705182e-01
