5.633973445078658271e-01
4.317593796546542184e-01
2.385860779532068765e+00
4.725563131747324008e-01
5.204542186429004236e-01
5.029268119122408676e-01
5.066864530879520157e-01
4.529253684328365948e-01
4.807304464714091119e-01
4.649969257414506285e-01
4.717497314793203111e-01
4.976489990264529317e-01
5.214235341182275052e-01
4.426497191428176992e-01
4.731751701698648782e-01
5.010876703015771927e-01
5.572150588301172380e-01
4.908884095033255179e-01
4.899256078427897676e-01
4.562862610534771934e-01
5.513886054061849507e-01
5.004449971436844002e-01
5.321768276362122130e-01
5.981558627682979079e-01
5.317508433437144744e-01
4.502751638947237733e-01
4.533420840185133360e-01
5.125671375980788147e-01
5.398882496961314725e-01
6.011404857929079082e-01
5.101257376687768907e-01
5.014987503400345492e-01
5.461904648724755784e-01
5.447979748369883302e-01
4.539430357878365130e-01
5.386312694328093675e-01
5.107903058133945740e-01
5.006101100598477904e-01
5.091945380203125593e-01
4.610909200100588023e-01
4.886595832714136223e-01
5.313074209531277736e-01
4.561634227877987557e-01
4.921772277951762531e-01
5.651463506974183648e-01
5.878869829872427344e-01
4.607175908555146138e-01
4.718644612748056910e-01
4.642187184006011380e-01
5.532146020364659966e-01
4.354748732513123444e-01
6.374001865867638950e-01
5.365065187639302957e-01
4.520877772964579377e-01
5.466336339717605686e-01
4.946659910779742653e-01
4.921796200808515875e-01
5.158990685629235573e-01
5.938488940596007293e-01
6.481559393204404662e-01
4.705495744133821878e-01
4.876266975896058065e-01
5.093122955595520418e-01
4.857797483793646620e-01
6.193065880415862257e-01
5.367387431307750756e-01
5.953983676367463618e-01
7.239810733268652321e+00
5.572914169641806081e-01
4.703307486472486088e-01
5.014348619737859503e-01
5.577571965131211673e-01
4.975408425329539974e-01
4.934874942837584877e-01
4.692632665765331113e-01
4.453706388827148310e-01
4.423316155181604703e-01
5.837706706303894544e-01
5.383883526377551965e-01
5.125118351364095215e-01
5.552985328086927908e-01
5.031890811500451255e-01
4.799307040972461968e-01
4.955912113928387375e-01
7.342975881113456005e-01
4.811335527892826036e-01
5.361465425687357289e-01
5.065417235349142233e-01
4.928770486739587620e-01
4.968537953044148137e-01
5.182076369168855390e-01
4.669027344872560548e-01
4.495091215398995255e-01
4.950043445178080037e-01
4.726903774928030710e-01
4.805881051964457917e-01
4.942421838400901657e-01
4.074827870750086234e-01
5.163256312671973269e-01
5.244711498559898599e-01
