2.736511401091566498e+01
2.703604954476433520e+01
2.695642901742658637e+01
2.792380001105031795e+01
2.715186050028720999e+01
2.722841704341113100e+01
2.765293754623488098e+01
2.741770986234403296e+01
2.703613350476376809e+01
2.697300634757345250e+01
2.722593795898658797e+01
2.659516181836231041e+01
2.774068030440754029e+01
2.750717508518753363e+01
2.632020727923272219e+01
2.644758269865577560e+01
2.778802700543521809e+01
2.667226359884497455e+01
2.779782717938071812e+01
2.680512968535905571e+01
2.723651668387632085e+01
2.789555714872890846e+01
2.736941404458616844e+01
2.872567057074552821e+01
2.583763056285102522e+01
2.647557226224155258e+01
2.689445135875444493e+01
2.735881862204883319e+01
2.702147009096886165e+01
2.791306877576083778e+01
2.718416055772218343e+01
2.723213288596910431e+01
2.721037544430067712e+01
2.727610309703508662e+01
2.762083047554000359e+01
2.778871597293984763e+01
2.838319865226036143e+01
2.717389150307142742e+01
2.706713456473683976e+01
2.786907502851818563e+01
2.712274518702599835e+01
2.691713379639434933e+01
2.783994106694765946e+01
2.699397056956547658e+01
2.624886905230298950e+01
2.690296588741992423e+01
2.643330603039234106e+01
2.698963375628586903e+01
2.627437009053759454e+01
2.615461696336786801e+01
2.788956437235175301e+01
2.738677243739265421e+01
2.748316790986021729e+01
2.722892382204305406e+01
2.713256105957003328e+01
2.769253354582229321e+01
2.704690359697294966e+01
2.743503412544572129e+01
2.772973395753290760e+01
2.696999142361755730e+01
2.664283559150693392e+01
2.704654184642819459e+01
2.780583390253447718e+01
2.785099763821985519e+01
2.726837335565435794e+01
2.713980887500587258e+01
2.681066866989582564e+01
2.777040268502443254e+01
2.651138563555010919e+01
2.800391183362558678e+01
2.682787337046703158e+01
2.632526344665705409e+01
2.687135238757136690e+01
2.748234125361766900e+01
2.628134778618530021e+01
2.669742410069799021e+01
2.757664678544034231e+01
2.725934453833287918e+01
2.711718728018916735e+01
2.738248460149538133e+01
2.618123835899450569e+01
2.773575330801101657e+01
2.767160437616739088e+01
2.734912626372963729e+01
2.737660486690568717e+01
2.747789788343795081e+01
2.753356975904071291e+01
2.751095114363528182e+01
2.663831663757353496e+01
2.708784941225199105e+01
2.734437125716914352e+01
2.738835047213615681e+01
2.660758823759168479e+01
2.638778052512265759e+01
2.742236163205754806e+01
2.787586040096575246e+01
2.681880742109317595e+01
2.680913369067609509e+01
2.756850185811111587e+01
2.767737541669496792e+01
