3.744848409052859428e-01
5.215857321286861970e-01
5.267321237445233839e-01
4.583393096636089736e-01
5.184619915271508894e-01
5.089495368529387553e-01
4.919562411309772454e-01
5.038456298187936611e-01
5.098554555411830558e-01
4.751076989754546842e-01
4.747173830838913866e-01
5.313178591579225118e-01
4.633459673215543084e-01
4.969905296139293105e-01
5.756210554385540190e-01
5.259483033865297585e-01
5.244795829968172951e-01
4.708830430062453942e-01
4.161728757575846593e-01
4.501507554471120276e-01
5.255398846212296915e-01
5.453673326202503890e-01
4.664806144605481708e-01
5.691035676605065152e-01
5.124690546111526634e-01
5.383428091846518271e-01
4.541912229337292106e-01
5.812190844309712556e-01
4.833885095570195078e-01
5.329594571193805308e-01
5.316449204002220430e-01
4.560983176692658403e-01
4.640396322325985867e-01
5.334563682191827416e-01
5.287643082281294760e-01
5.032601269799260590e-01
4.975015630819541457e-01
5.637987558811530242e-01
5.670697901980884525e-01
5.549949017699952192e-01
5.125250195740063131e-01
4.507833695639656968e-01
4.578645982688431260e-01
4.926979385590985472e-01
5.091131880102913732e-01
5.711837891132279799e-01
4.835796172944096805e-01
4.922236357922901706e-01
4.662903623174071144e-01
4.766620029526422164e-01
4.691173013499306821e-01
5.108445581233775901e-01
4.895524958532508353e-01
4.485295859363218063e-01
5.243390178387575817e-01
4.827489750065306895e-01
5.627947114815954333e-01
5.131014284144814752e-01
5.272145781537435072e-01
4.486330630431828448e-01
5.116742123094455419e-01
4.616209289073568423e-01
4.678559130944915934e-01
5.977323740027126187e-01
5.396313875925332626e-01
4.371162108284047942e-01
5.921352249231287557e-01
5.354243187820590943e-01
4.978973997741353297e-01
5.609123807300118170e-01
5.507514570776783636e-01
4.588561084325690764e-01
4.513493710809367010e-01
5.534944994818195019e-01
4.594490060361078876e-01
4.915153181760023027e-01
4.661081284477020525e-01
4.620123653902094563e-01
5.287090043608645429e-01
5.811323468230873424e-01
5.089819142956678588e-01
4.965650105400055137e-01
5.620930874119888232e-01
4.882857608697660501e-01
5.714406438940349275e-01
5.475198313091423907e-01
5.108670175185791029e-01
4.674379789733046908e-01
4.831061559255312443e-01
5.100384487946589829e-01
4.421176896454515060e-01
4.903456707361265599e-01
4.602473309367512422e-01
5.060517401525724823e-01
4.607364662355815099e-01
5.328358005223720051e-01
4.030483128032613660e-01
4.989743907538103374e-01
4.511443651392200160e-01
4.923668963133245313e-01
