2.802806336654329655e+01
2.891162632020001411e+01
2.871620948364129333e+01
2.908708072505190145e+01
2.831560486121109932e+01
2.770570079140892261e+01
2.852112755388551335e+01
2.908186712591713530e+01
2.827709337061632056e+01
2.795772245629804686e+01
2.894520787048687538e+01
2.746535552683364756e+01
2.814700619866001219e+01
2.893071798082452872e+01
2.860580057575455371e+01
2.872112290320320938e+01
2.875941088120841727e+01
2.851594363299862067e+01
2.763833816722308612e+01
2.793798837347124220e+01
2.883665493050788697e+01
2.858452258659778167e+01
2.853137641069034558e+01
2.926135268776723919e+01
2.867726184284716240e+01
2.864638865556728931e+01
2.914733680707033514e+01
2.803959365486461408e+01
2.743696602296867582e+01
2.776823612033358302e+01
2.781428009475398966e+01
2.902538615781279319e+01
2.814473363213839718e+01
2.910720330813266798e+01
2.978284453636004159e+01
2.861685794875237576e+01
2.844001725538835146e+01
2.786089356577224407e+01
2.954568316058966815e+01
2.905915476993313007e+01
2.877568548625077938e+01
2.801612445334128054e+01
2.793580538222611764e+01
2.793598565048967330e+01
2.914246065939250485e+01
2.856530598865747450e+01
2.858090614568476084e+01
2.819438366275909402e+01
2.824958146427821859e+01
2.865567708446378603e+01
2.911693473396049114e+01
3.032969734903943504e+01
2.822291548586795074e+01
2.848933757925999544e+01
2.861743830309314518e+01
2.875316455548540162e+01
2.850268352856176435e+01
2.818594121329991964e+01
2.820675225139799736e+01
2.824831320793597556e+01
2.841862827893529797e+01
2.847431550686150814e+01
2.838615456309088003e+01
2.901890539333381369e+01
2.811680321760628232e+01
2.935954685555649490e+01
2.766050475887491089e+01
2.824730787654409880e+01
2.785512095508902064e+01
2.933767794674020735e+01
2.821719087189221042e+01
2.891535913313741446e+01
2.905528541218768268e+01
2.903200601956768523e+01
2.977097313257838707e+01
2.871107982610596210e+01
2.928219714194186452e+01
2.818015861466010108e+01
2.845169140243662298e+01
2.767721498559930637e+01
2.871131960806329886e+01
2.833677098293320640e+01
2.915784653473740207e+01
2.836894992945461524e+01
2.864645583986808219e+01
2.897266104417617072e+01
2.911371579212604388e+01
2.738582394372052065e+01
2.912601483927239343e+01
3.009094243071309194e+01
2.909186910281154326e+01
2.910312953815844850e+01
2.732394607932609887e+01
2.844276569151461231e+01
2.742711783708953632e+01
2.865093614533784105e+01
2.863918897958922472e+01
2.843144249486553221e+01
2.815660727275729158e+01
2.969769783568595756e+01
