5.319125425482484903e-01
5.045131564768065013e-01
5.277803463331032230e-01
5.447743943710201542e-01
5.957706857661344557e-01
5.009461691727349342e-01
4.507893241989254229e-01
3.469361744906355405e+00
6.016422931902702942e-01
4.225761704161153931e-01
5.000071296157598821e-01
5.743625768610666205e-01
5.822941879380687524e-01
4.706546874669149116e-01
4.945102352719369376e-01
5.511819664762914739e-01
5.024931202621726323e-01
5.471135745185577992e-01
5.820621378493486819e-01
4.739850992650039840e-01
5.126122744649772578e-01
5.504530320515732544e-01
6.239449370522526239e-01
4.838152756303382152e-01
4.431825611740370929e-01
5.242468627659129243e-01
4.459575105829778341e-01
5.125403633846011830e-01
5.092378477531019909e-01
4.259834827270990720e-01
4.527197353105574251e-01
4.824862206418301103e-01
5.074226680926980926e-01
5.320812784207744617e-01
4.681427818915087635e-01
5.019982596663417063e-01
4.524904468651926304e-01
4.656821029715859095e-01
6.303493853285021542e-01
4.873379051771183912e-01
5.238625638787525185e-01
5.350034860536718728e-01
5.379997635667982392e-01
4.791747005139804227e-01
4.765932497475258156e-01
4.548918730192392790e-01
5.191514743516622010e-01
6.084729384851339518e-01
6.501783304961448184e-01
5.777550888814010355e-01
5.302965766529104119e-01
4.819459208335692413e-01
5.087329154641344608e-01
5.332738553510548707e-01
5.045463458640845333e-01
5.240137700527491837e-01
4.569457770000498464e-01
4.709106694954311445e-01
4.794785578748331223e-01
5.058425250965428166e-01
4.472031439336885961e-01
5.520856781965977067e-01
5.235995148969395663e-01
5.223676889073171070e-01
4.975584953141206634e-01
4.325808532451085875e-01
4.993148696381937701e-01
5.912448533538804396e-01
5.758174492122857258e-01
5.399264497122416850e-01
4.218027691396861178e-01
4.454635487108802860e-01
6.029534409300196796e-01
4.493738150200147774e-01
4.861034170918577813e-01
5.362429705872894248e-01
5.217566823916238716e-01
5.057242229192209226e-01
4.943185501983001218e-01
6.023518780291053920e-01
5.179462042211513406e-01
4.787460731192872965e-01
4.861818890206653365e-01
4.743502907810105418e-01
4.539238190059690092e-01
4.922182432773252736e-01
4.676784121861480847e-01
4.129262469259969426e-01
5.405876508051415952e-01
5.177398126645348375e-01
4.695566781073157725e-01
4.371565481897701777e-01
4.994762953294657470e-01
5.049791393713234378e-01
4.378520934712679669e-01
4.963483251315848332e-01
5.006128931804251225e-01
4.486314237717763942e-01
5.222045411469566911e-01
4.303726885375942501e-01
