5.431761186320095414e-01
4.650845804988573140e-01
5.720010293498928311e-01
4.126676482569970883e-01
4.759728339797600905e-01
4.881382342566371602e-01
4.807797789903298646e-01
5.897593427538916355e-01
4.754909404476608259e-01
5.422154360346026492e-01
5.312696235338371098e-01
5.996017346232153100e-01
6.030714549867983720e-01
4.803610533941234939e-01
4.645316569941523310e-01
6.197021344276109067e-01
4.018061322699690296e-01
4.881205218514022559e-01
4.767009986841667657e-01
5.331405742425677774e-01
5.352291112852340937e-01
4.560497105607099200e-01
4.640956348430642642e-01
4.959380728235603941e-01
5.195591711298475079e-01
5.051756444857311568e-01
5.438056474214240099e-01
5.099102234138738199e-01
5.596805648351373952e-01
5.884822685517538954e-01
5.468422303765687609e-01
4.925865353740158659e-01
4.848283510439861388e-01
4.675251820869159580e-01
5.003539444801807790e-01
6.035029747420943558e-01
4.601359419566868891e-01
4.707196120979514342e-01
4.820136599181610859e-01
5.311804906996454578e-01
5.492739190470592447e-01
4.789313255493908850e-01
4.860229844911132524e-01
5.365014407625953163e-01
5.045265781577625841e-01
5.623625043959086245e-01
5.260232197047535196e-01
5.266349889945409757e-01
5.419316368283298990e-01
4.777851869122340389e-01
3.797788887582769224e-01
5.317955997841343763e-01
5.558270930830251366e-01
5.405901068735611270e-01
5.501480579218360756e-01
4.749855125889661522e-01
5.171301907670329268e-01
5.046536699881306598e-01
4.941514163643082047e-01
4.495966111934041054e-01
4.908381333729361362e-01
5.558396260889285623e-01
4.433200304169043204e-01
5.484832282468501408e-01
5.371656845134478164e-01
6.262387217182060484e-01
1.259143404412201406e+01
5.410200410266907678e-01
5.875409126573903906e-01
4.101836552280462289e-01
4.921446023204742448e-01
5.064775916160034752e-01
5.821317449452342307e-01
4.603043092936793812e-01
4.515999040304078394e-01
5.130842336550407445e-01
5.503779452432410180e-01
4.862378838597093966e-01
5.458237998069787045e-01
5.041965059075068645e-01
4.960044067042266858e-01
5.444210090996487450e-01
4.891075812606679452e-01
4.523042762243629777e-01
4.965950894992002818e-01
4.832390821409070503e-01
5.098424079417825938e-01
5.138873082752447585e-01
6.068400268266798125e-01
4.892131867724215377e-01
4.827555167041713280e-01
5.280712679359775841e-01
5.159201902528463002e-01
6.155269311628730478e-01
5.105861537897533609e-01
5.211279060381294181e-01
5.252415689960592271e-01
4.965913596518061190e-01
4.124447596382722070e-01
4.808161741252062749e-01
