4.887884486325547173e-01
5.534902550307324587e-01
4.660161338911563145e-01
5.416615448518925513e-01
5.367567783227684686e-01
4.943561977154063980e-01
5.256410205388211132e-01
5.064610392533883676e-01
4.635433858360858972e-01
5.696667061350120242e-01
5.301853434808030396e-01
5.068375743077145890e-01
5.681760184492665733e-01
5.148308239109155027e-01
4.891509160841283621e-01
4.622886788713151396e-01
4.143449889887978466e-01
4.908024724701681718e-01
5.098593621903231288e-01
5.500848776161763043e-01
4.846750882269209582e-01
5.275359708241550427e-01
5.484872240995389836e-01
4.206824286690588055e-01
5.001484525787629476e-01
4.589504016667456665e-01
4.875593466290922828e-01
5.192936538321197837e-01
4.854227012666226249e-01
6.029877412216911869e-01
4.652143780939366202e-01
5.382306651504001893e-01
5.329062142844566141e-01
5.173092870749503858e-01
5.828445225881722092e-01
4.984584275848773505e-01
5.477895542845593324e-01
4.733091662111400533e-01
4.700760605251098068e-01
5.001553740623508881e-01
5.393800827239461082e-01
4.481354869192826773e-01
6.659354814323545924e-01
4.809477046341290030e-01
5.009584851110145953e-01
5.346811304952706623e-01
5.951373266721757815e-01
4.665197890511549872e-01
5.183243742846214142e-01
5.106644276480242217e-01
4.656340938539167973e-01
5.599005811717258085e-01
5.304084999688809532e-01
5.146041431625204554e-01
4.717982388653567671e-01
4.802599124829250998e-01
4.771291317213762762e-01
5.398461837401099528e-01
5.630905746174373894e-01
4.568511018863450346e-01
5.246955101936333632e-01
5.268362821777585747e-01
5.182450493653338874e-01
4.591768409842868492e-01
5.442036117780369997e-01
4.676707869976977627e-01
4.346713157103567204e-01
5.691551213910190921e-01
5.646208125727268934e-01
5.830324281922116825e-01
5.061306074003799615e-01
4.882079559909561217e-01
5.599695390632773995e-01
5.273673592527922116e-01
5.214810608850053431e-01
4.199841782750139418e-01
4.090906671706137088e-01
5.195460508964230284e-01
4.699843806938659996e-01
5.325666000985375126e-01
5.388876779309754728e-01
5.204156002882706078e-01
4.924514064614058939e-01
5.549786678215071767e-01
4.513248826248196788e-01
5.421074030461033866e-01
5.840171811582399730e-01
6.046159597194067370e-01
5.088996254626219073e-01
5.036447550868936585e-01
4.810620019337487063e-01
5.017159083505881023e-01
4.897429902839890437e-01
4.137489868827998185e-01
4.599491578858359020e-01
5.080272763047229967e-01
6.597725848964971496e-01
5.148618233721935500e-01
4.284833248913055836e-01
4.774825167160456907e-01
