4.817268838027438660e-01
4.841632444130197777e-01
5.594204024349580529e-01
6.213642519716260360e-01
5.425885053464405416e-01
5.721852441926782440e-01
5.338494865036724768e-01
4.970365938472702805e-01
5.478807809159287334e-01
4.824982887246674346e-01
4.477967787244128695e-01
5.756106192994098203e-01
5.377934635720083012e-01
5.066361759616231364e-01
4.988646118107082916e-01
5.280433427805597546e-01
4.494011932666601150e-01
5.201188449359613886e-01
4.670895631513037882e-01
4.493744566622613901e-01
5.423019633476473533e-01
5.315595857795212265e-01
4.525515272599175409e-01
5.194882733325121293e-01
5.238164766439999953e-01
5.352932678272992462e-01
4.936726421550732269e-01
4.844678050846240591e-01
5.829777164176173088e-01
5.575314409283012029e-01
4.543687062631404650e-01
5.198683100091379128e-01
4.697685438766031063e-01
5.052730575885571174e-01
5.504636641143249021e-01
4.859132929508357401e-01
5.577533655302736593e-01
4.509458849310242212e-01
5.064494708403697310e-01
4.232447634338797893e-01
5.294904943093885485e-01
5.296589117672324543e-01
4.917715079876024964e-01
4.501759936011652807e-01
5.068823353588115532e-01
4.744612844072342295e-01
4.796264779724997984e-01
5.765575663936369777e-01
4.692324323723062740e-01
4.788582365748939029e-01
5.312746037783820929e-01
5.266259868350964268e-01
4.974204962579358291e-01
4.914729103886313899e-01
2.830787879272110619e+00
5.028079988689316826e-01
4.608531209525121852e-01
5.165978082092651524e-01
6.109943916652471607e-01
5.273125577088212390e-01
5.866136443734931705e-01
4.550462793064534717e-01
4.122279182207638226e-01
4.878045942190963324e-01
5.130296810530324825e-01
5.671560544329340425e-01
5.566557779017690111e-01
4.822621740728286199e-01
4.862136489092611091e-01
5.146385755180372668e-01
5.415473298147609471e-01
4.969430453733865161e-01
5.622080706596270794e-01
4.704777259813133217e-01
5.389099246621792405e-01
5.177078001046049316e-01
5.464486472068563749e-01
5.335617454478059907e-01
5.017988376888035118e-01
4.534057692156896469e-01
4.975988680961073718e-01
5.391797343657225294e-01
5.338193840526361811e-01
5.295192338102647778e-01
4.654836816977387937e-01
5.478360356201429360e-01
4.723470051661560754e-01
5.471670969803639206e-01
4.987412473001083257e-01
5.692281205679114997e-01
4.751914806914475653e-01
5.271803246832241774e-01
4.630054119478507202e-01
4.691718285888782369e-01
5.219630274710272966e-01
4.530544329467971476e-01
4.996143185035564205e-01
5.019163186310549030e-01
4.942360647955321151e-01
4.989766832583490408e-01
