4.437039329385999986e-01
4.754421838365419095e-01
4.604697876484980523e-01
4.999901396817517107e-01
4.613829477537466639e-01
5.378066314494538425e-01
4.334097705028392977e-01
4.985996181802689886e-01
5.589006989319580399e-01
5.531980349232853422e-01
5.315774545487517155e-01
5.206486604029187948e-01
5.226148921460282981e-01
5.381576020252780701e-01
4.578480799552944736e-01
4.657189445657101134e-01
4.827348252678503315e-01
4.705684019264477769e-01
4.476561687938049316e-01
4.951159671092454917e-01
4.664962261237519114e-01
5.030393453538057891e-01
5.975790374417621065e-01
4.359948554244275631e-01
5.539484509908705334e-01
5.447244133321457182e-01
5.714457334951041911e-01
4.561670102535805849e-01
4.747311178131640719e-01
4.886286558552330184e-01
5.725256539886330875e-01
5.839713844603663384e-01
4.482106802681518065e-01
5.077226150950390204e-01
4.608170873296384418e-01
4.594315436139959630e-01
5.021430077942102832e-01
6.199245422957387897e-01
4.871643573829422258e-01
6.426359449884052610e-01
4.923723985389531488e-01
4.996501219057254972e-01
5.111440004850053009e-01
4.995510152247192859e-01
4.864690669226470754e-01
3.843646912177557939e-01
4.924652563180602627e-01
5.024618402789992055e-01
4.963257557583897750e-01
4.806641864270477793e-01
4.891813869180283159e-01
5.724072172987755280e-01
4.800162206586905400e-01
4.608916612476602337e-01
5.093168850428042571e-01
5.211023036739733660e-01
5.634324725127997091e-01
5.614694048845810803e-01
4.876292058567113230e-01
5.657310142149615251e-01
5.076025377889366030e-01
5.213064370439379758e-01
5.484690084360430706e-01
5.334400789752751226e-01
4.402420387471847052e-01
5.023815039616486011e-01
5.293548270956887070e-01
5.542726354979871095e-01
5.108085113349111195e-01
5.051162197042039503e-01
4.759997413989804360e-01
5.611258903602123205e-01
4.580971112812655677e-01
5.735780502579767015e-01
5.125506152693642958e-01
4.998405900494338749e-01
5.280732119586233342e-01
5.178125927915562254e-01
4.874426342820772917e-01
5.079191037782414542e-01
4.942545120979944806e-01
5.804089114870426558e-01
5.037255963005973225e-01
5.482766507649672327e-01
4.701642164402654034e-01
5.533745232317784923e-01
4.808963182669360736e-01
5.199850714184379719e-01
4.581866687875545963e-01
5.102468597444043130e-01
4.996581358144152052e-01
5.592875990236187977e-01
4.888750169403408563e-01
5.204965055826242804e-01
5.399930173240242715e-01
4.772842642210024522e-01
5.036302901575127056e-01
5.097998879249806548e-01
5.801427367809527391e-01
5.952868215258846352e-01
