4.635277575370186920e-01
4.703264604166966789e-01
4.521214836961569561e-01
5.198621660075919415e-01
5.128044605946000534e-01
5.078133615864180994e-01
4.697675394530568815e-01
5.449034161150346778e-01
4.581389850314893653e-01
4.872017451164220581e-01
4.834538123742810889e-01
5.299812344183950641e-01
4.877042030232471848e-01
5.185294044370588606e-01
4.633653790511032544e-01
4.453080582521903863e-01
4.768815877329150577e-01
4.334875768897276660e-01
5.901593736126335976e-01
5.214235367245129149e-01
4.920516566448037699e-01
4.882548381662508152e-01
5.006868381737015206e-01
4.630489858166790262e-01
5.554010825251297634e-01
4.628090288392883722e-01
4.803871872685911981e-01
5.290853046529070403e-01
4.511037289235243497e-01
4.912307699563928098e-01
5.353165106910070525e-01
4.474955676899220469e-01
5.087969290453914217e-01
5.445198517489502343e-01
5.021705732040824266e-01
5.115349308232239878e-01
4.785651687807860877e-01
5.163892435155534866e-01
5.104489580250050063e-01
5.111465231714444890e-01
4.574513372746711326e-01
4.884787674273480818e-01
5.079374702440381251e-01
4.818530133637242696e-01
5.097696766884035613e-01
4.575460606997046042e-01
5.158946315004370176e-01
4.886464453298462463e-01
5.150606992104788118e-01
5.047165402928152078e-01
5.541928214129244745e-01
5.568381294331972153e-01
4.626490036082576696e-01
5.045723274858008311e-01
5.303180778325021771e-01
5.406635593076944968e-01
5.358319810381635406e-01
5.500453562462579438e-01
4.714013030558366069e-01
4.298693176394756676e-01
5.075249277769026124e-01
4.887192920356582815e-01
5.642003075290331626e-01
4.718908842840666695e-01
5.402493414609741418e-01
5.345185357660431347e-01
5.220243364560698263e-01
5.302541210412559103e-01
6.052020455757554096e-01
5.300119661728354137e-01
4.771904256375661957e-01
4.334466110362905633e-01
5.442301113855088079e-01
4.865699493802555509e-01
5.149538772997561686e-01
4.933641339407491833e-01
4.976081499747391779e-01
4.298479162014470778e-01
5.111052873122468032e-01
5.103472050130434257e-01
4.906256419715745443e-01
5.857128096027741648e-01
5.792386060082337362e-01
5.771792938265180029e-01
5.078517136575607660e-01
4.953891119166305979e-01
4.845790943565428388e-01
4.976701451118686337e-01
5.399734658268307008e-01
5.943451036235920526e-01
5.447694505486249117e-01
5.056006907096668446e-01
5.174069538383840872e-01
5.195528370274933305e-01
5.274343814602394653e-01
4.443278817924687929e-01
4.765376529433635877e-01
4.370993315196066153e-01
4.999512786151519839e-01
5.598994803542233223e-01
