5.299923099173033947e-01
4.929237107188610412e-01
5.568959620998797933e-01
5.013348935647837790e-01
4.562504096380223806e-01
5.080449546864409527e-01
5.062442549409190695e-01
5.027620364579421519e-01
4.963836844001648929e-01
5.636195894958981878e-01
5.202317932152371593e-01
5.244087726651330827e-01
5.485607401806801287e-01
5.063172060837755062e-01
4.764821199532521812e-01
5.182960193331803689e-01
5.929372332184369432e-01
4.878316655613912367e-01
4.981964798842336561e-01
4.648077208433895047e-01
4.884211976493906815e-01
5.230952891820004336e-01
4.124417693791265216e-01
5.034392782599339533e-01
5.304207315732721861e-01
4.949558142116204373e-01
4.993806775842848378e-01
5.257183601607522405e-01
4.796881488288705642e-01
4.830628741414839111e-01
4.951806685465511837e-01
5.058974335958540403e-01
5.023826850849602010e-01
5.299041918751383751e-01
5.378990266682560639e-01
4.306557501800971632e-01
4.485304378853619545e-01
5.479957698123670840e-01
4.462445244598435279e-01
5.622642332715572788e-01
4.452815565345261684e-01
4.625120865333994802e-01
5.023036758588820261e-01
4.753615759925681750e-01
4.631678227762660582e-01
5.591560792772720667e-01
4.676965624054622017e-01
5.783813635748765725e-01
5.038895494766008065e-01
4.894368816477095430e-01
5.514946690975144339e-01
4.948046817533479635e-01
5.701452820496938356e-01
4.835951337454639787e-01
4.365627892238479468e-01
5.048027990914265573e-01
4.808257022271018033e-01
4.924694786577589745e-01
4.921325164668181040e-01
5.848366262196816878e-01
4.602419851527371764e-01
5.395769381197580428e-01
5.374865980261167575e-01
5.087940642478147035e-01
5.873470565808983634e-01
4.953332793839712589e-01
4.951606024851604726e-01
5.484838376870573295e-01
5.019511767556340542e-01
4.413517048050755731e-01
4.998123576081584529e-01
4.252702547616987183e-01
4.808928427414990714e-01
4.841245839694790498e-01
5.355296268067424315e-01
4.932828574432142621e-01
5.430841372486042706e-01
5.118861952319797570e-01
6.360060119447397131e-01
4.985427247525496264e-01
4.946852292984968980e-01
5.961332480407759427e-01
4.426247533777805665e-01
4.811948309825742065e-01
5.206878861396886382e-01
5.589900711349052864e-01
4.731312126400252782e-01
4.883623768663695741e-01
5.358120976485831743e-01
5.502010641773161792e-01
5.268762068749649474e-01
4.948774591083304197e-01
4.976527047081601984e-01
5.246335571992800650e-01
5.194142388430905699e-01
5.818117018916216798e-01
5.224580327542045488e-01
5.313823678036390108e-01
5.538327270031795369e-01
4.671098913783693352e-01
