4.744921172187834268e-01
5.182324936195192855e-01
5.235816940053470425e-01
5.062081336649584262e-01
5.393733146054677796e-01
4.429639970216073808e-01
5.793378414129943810e-01
6.048458341097192603e-01
5.148070051743525166e-01
5.765332771829557723e-01
5.278264489581887542e-01
5.350530848398374895e-01
5.091363517886073886e-01
5.256474494182226120e-01
4.595500739312589622e-01
4.514298308317921116e-01
6.441114322776448908e-01
5.001411770459118777e-01
4.106753470047650456e-01
4.807857881519823073e-01
4.372140301415757824e-01
4.703174133082547170e-01
4.789250531677785028e-01
4.557548518690769934e-01
4.969859665581503605e-01
4.889869591493911649e-01
4.795776518032195956e-01
5.265827018530238046e-01
4.626718631479273536e-01
4.381653488017160925e-01
5.191787766011973781e-01
4.908083946617344262e-01
4.731159857524033785e-01
5.080809130779867511e-01
5.333085155871507554e-01
5.181663916106916679e-01
5.531082691202647839e-01
4.741307774953956722e-01
4.575456677325182575e-01
5.019062801662047546e-01
5.056400674988555943e-01
4.639758939401077975e-01
5.007396797570886626e-01
4.976370858710110756e-01
5.352175207377234400e-01
5.422464527023586056e-01
3.683401700635944298e-01
5.219476888759255750e-01
5.713517306957766051e-01
5.007315215857089941e-01
4.726240339654055322e-01
4.960583995470670970e-01
5.322681681629799488e-01
5.742534624379854735e-01
4.860013609978932059e-01
5.038146645290119130e-01
5.489766702455440850e-01
5.097286727380113680e-01
4.579184150062011738e-01
5.362048300756816488e-01
4.800499298415241700e-01
4.631300845941176969e-01
4.921838078717251652e-01
5.125963034535852003e-01
5.127752559286921086e-01
5.182978151789406907e-01
5.340158512090453780e-01
5.751427016129037062e-01
4.618102125274166636e-01
4.131780746312581631e-01
5.205358284442159755e-01
4.771628575246584236e-01
5.460207748683396645e-01
5.209688030271301118e-01
4.668101326956295427e-01
4.935994297317913837e-01
5.584813284847154335e-01
5.455754944727497779e-01
5.310741017771450911e-01
5.378048805673582011e-01
5.852900793026568627e-01
5.120840216497267727e-01
4.982898716471818035e-01
4.914301337554297655e-01
4.875059914611153400e-01
4.396116957152334526e-01
5.029048237748602324e-01
5.850792197278126272e-01
4.778103449355038945e-01
4.849302180096503045e-01
6.029447383156425477e-01
5.221546119546560671e-01
5.286131510011259360e-01
5.407797658069526392e-01
4.770123301597404830e-01
5.547639143004856610e-01
5.296103338255033766e-01
6.218199570046282210e-01
4.736659350738286478e-01
6.370995282096600931e-01
