5.176516116840391701e-01
5.363381122874186779e-01
5.279962928251464849e-01
4.798722806117389772e-01
4.506758124512129648e-01
5.392936310701161862e-01
4.919464250572598840e-01
4.476993887123933424e-01
5.261429424094603569e-01
5.325323910001736882e-01
4.925524904806806159e-01
5.679235022715802828e-01
5.792408186698377870e-01
4.272668222662159287e-01
5.093300545901717769e-01
5.164349655568475361e-01
5.136509663797651504e-01
5.193836472284198980e-01
4.825193121081626235e-01
4.580768066476733069e-01
5.230580980469212715e-01
5.578304129281296264e-01
5.092825787381088931e-01
5.010245178369826524e-01
4.997618563717927120e-01
4.431615141724988827e-01
4.342002162778403895e-01
4.869339968504879379e-01
4.693356654287912377e-01
4.885097628049637764e-01
5.245974047398519469e-01
5.404789772971178019e-01
4.917629153145184895e-01
5.134091643848214259e-01
4.925147448589513033e-01
4.915480761250657915e-01
4.779975951883285723e-01
4.531150231894835456e-01
5.332604043389014281e-01
5.327054126137940049e-01
5.131387401249787317e-01
4.882809502618139508e-01
4.885229144026689840e-01
4.969609756375070186e-01
5.353594757253037351e-01
4.922130518492432438e-01
5.058080020194575255e-01
5.398483663996811455e-01
4.972480207464355373e-01
4.498982981088738287e-01
5.943876185360079667e-01
3.976627398178984585e-01
4.812077976367691301e-01
5.239448965708778383e-01
5.586110293801526128e-01
5.229281428324485947e-01
4.683183305456561918e-01
4.278792518638343534e-01
4.892133613625272992e-01
4.588110539090291540e-01
4.761933375711941974e-01
5.220222658633753010e-01
5.387664798492707297e-01
5.127480090371175914e-01
6.262199116896121076e-01
4.565382201924776395e-01
4.789758934379114708e-01
4.239912558440740997e-01
5.493823020408404867e-01
4.606430926366333889e-01
4.694791447716922250e-01
5.731166486998006127e-01
5.190384749143056586e-01
4.326347497354371407e-01
4.933098934255831791e-01
5.247345597748510615e-01
5.231672212506252029e-01
4.933120989431150627e-01
5.132273366872017739e-01
4.947044707659359331e-01
4.881429389047396983e-01
5.065392038474231251e-01
4.661547748212260256e-01
4.628560820546258059e-01
4.894683056660550369e-01
5.925989823041337701e-01
4.868164675426912558e-01
5.572718806821150839e-01
5.287248469944726414e-01
4.139192633393883880e-01
5.183128949705154698e-01
4.049304414664480767e-01
4.607771816971677481e-01
4.702161376679995786e-01
4.529663534077542075e-01
5.464460934464396846e-01
5.036493939457054037e-01
4.855449392737303804e-01
5.159002305438150637e-01
4.424332589226858126e-01
