4.683934976714894116e-01
4.767392035880232415e-01
5.508253640838557397e-01
5.341215137141220870e-01
4.812865744960909686e-01
5.032685524120100728e-01
3.913119749254784230e-01
4.684056222118129775e-01
5.011289292794475214e-01
5.225802283350300392e-01
4.870339822240161709e-01
5.074107440893127485e-01
5.050962124971688505e-01
5.606286013627213016e-01
5.565870582224846652e-01
5.911439313651830618e-01
5.004647560251879179e-01
5.432105013353525358e-01
4.861327552064833579e-01
5.380380306120757794e-01
5.002655196529295356e-01
5.179604341549763902e-01
4.839405814460576161e-01
5.679077319467289442e-01
4.787619922442936105e-01
4.768442396431565866e-01
4.341960098575994298e-01
5.512606598173369621e-01
5.252786466266411436e-01
5.283633143205639371e-01
4.919142628576934073e-01
5.435838224162198307e-01
5.226561898462460665e-01
5.022428113965909935e-01
4.946830898137827282e-01
5.143384550195462257e-01
5.505126141687751717e-01
4.925023331215452327e-01
4.820215562576787294e-01
4.623293000093938732e-01
5.020223982890550385e-01
4.935317369511093566e-01
5.870700258324194065e-01
4.789771699514516756e-01
4.652645401075702347e-01
5.077305124135045311e-01
5.540836487057360094e-01
4.729674239693062443e-01
4.582598280127920809e-01
4.537591950185333456e-01
5.306749041444471793e-01
4.672457309285927840e-01
5.103439390471464776e-01
4.991745630967731606e-01
5.087766064704549729e-01
4.861963652790198265e-01
4.842864237214864476e-01
5.308133749000073509e-01
5.120654139513194369e-01
5.534185569814134009e-01
4.949325471704357771e-01
4.975224433810473412e-01
5.044627958301873827e-01
4.751449602164735664e-01
5.709698865241151777e-01
5.304531965972549834e-01
5.143473939806344486e-01
4.503873913988286626e-01
5.538455710887018046e-01
5.166486084841691584e-01
5.266324053881942246e-01
4.139159424815754273e-01
5.338632591009768724e-01
4.965774155008929602e-01
5.651995005871031097e-01
5.111230090525381575e-01
4.901540513556125744e-01
5.309568151743199182e-01
5.081019473957693044e-01
5.761803604882503871e-01
4.285138902110593451e-01
4.959231869631155476e-01
4.882600777593754660e-01
5.410860013173002248e-01
4.733478138147719227e-01
4.859657881728614570e-01
5.011899869546522224e-01
4.845198576841198146e-01
5.009820879153542572e-01
5.309646132284505660e-01
4.984016800109312140e-01
5.440023093058764525e-01
4.990562537090827422e-01
5.305933678088393668e-01
4.953558295201905270e-01
5.875775723390823657e-01
5.411760778571931274e-01
5.287153819494422313e-01
4.909688487685131553e-01
5.423417184108155764e-01
