3.290827401272630226e+01
3.318289255366467216e+01
3.204264652803718150e+01
3.395375789645293452e+01
3.200552811345220050e+01
3.263855407045967638e+01
3.210443350975049270e+01
3.078764637225547318e+01
3.244902202674034442e+01
3.285469744486968580e+01
3.174791579202175384e+01
3.050046392979593080e+01
3.093810980376400366e+01
3.216447959599968698e+01
3.109317125414520788e+01
3.320540077899374154e+01
3.146222171125011613e+01
3.287415469718814620e+01
3.214493134068689528e+01
3.181601160446895094e+01
3.173441461030724753e+01
3.215708330113535141e+01
3.238803476566985040e+01
3.154523440482355312e+01
3.096104526104299381e+01
3.182791447003987884e+01
3.299681642868999631e+01
3.219399554797196572e+01
3.165108199299697489e+01
3.245864473330730249e+01
3.099046674615479091e+01
3.041324513432559229e+01
3.299940334375736484e+01
3.158566460555289623e+01
3.131475312191858507e+01
3.144071930381565494e+01
3.163888370104677250e+01
3.117828516909691672e+01
3.160688518749348930e+01
3.440239215057950872e+01
3.214101247931990457e+01
3.131226353958217601e+01
3.143437889662648388e+01
3.061628732645036521e+01
3.154601454470331490e+01
3.232738502138791148e+01
3.189731791005598183e+01
3.190238709725481669e+01
3.133626415118004260e+01
3.221011810794887964e+01
3.117636848248594461e+01
3.026988049262774894e+01
3.206840744789371200e+01
3.043197361936140410e+01
3.157780577163795144e+01
3.366175630004046582e+01
3.226717191917724392e+01
3.174163931317051635e+01
3.208622724797572090e+01
3.038463178766565065e+01
3.150393829329633277e+01
3.031234629259590108e+01
3.208091578024620105e+01
3.145972062649697421e+01
3.150286052253666114e+01
3.275689307107739978e+01
3.323922986863546924e+01
3.242145843344773937e+01
3.216335383433079897e+01
3.183469501946029467e+01
3.186949075125264130e+01
3.184022379021479665e+01
3.076055442418875074e+01
3.277584236993332922e+01
3.181136115168598266e+01
3.283552107620128169e+01
3.192448683587184632e+01
3.146503535265508589e+01
3.222493826923415838e+01
3.103911397441263276e+01
3.179608790195153745e+01
3.156111289097492190e+01
3.046961378664081010e+01
3.230713742351784390e+01
3.161744009008971190e+01
3.198142972098490944e+01
3.065571682796541708e+01
3.222372499889882391e+01
3.139348211296660551e+01
3.303426346589071017e+01
3.048573483228948078e+01
3.128524465614016137e+01
3.126463214827868597e+01
3.287887150923414481e+01
3.192704499813940799e+01
3.143330973668495787e+01
3.153569912390906893e+01
3.195839383429082403e+01
3.278664207772705907e+01
3.212607393952634993e+01
