4.749621484482710598e-01
5.075238279424129084e-01
4.672592188303913430e-01
4.748009380780673361e-01
5.353970782348521640e-01
5.687725675114501112e-01
4.888866199320676675e-01
5.064719661021057640e-01
6.134658860072196296e-01
5.567093735782768782e-01
5.687105210709476610e-01
5.685749194862385059e-01
4.637171555264629763e-01
5.229530506921498123e-01
4.591707521558390792e-01
5.117073741400278708e-01
5.238609843753613271e-01
4.811528983351111566e-01
5.848939056505642053e-01
5.234929227050625355e-01
4.935204886300327831e-01
5.011121915067514587e-01
5.290561011918969436e-01
5.836052024864912813e-01
4.602511952054863520e-01
5.042532358946366644e-01
5.277015494099678294e-01
5.099831647149318803e-01
4.730111267062203084e-01
5.591496508776984120e-01
4.561509966206059308e-01
4.480732688183104995e-01
4.741210376891752953e-01
5.356594165749184455e-01
4.628408132971060795e-01
4.750522879865560766e-01
4.828295089829121034e-01
5.093006070281473896e-01
5.103810921910242326e-01
6.071287043741125933e-01
4.793419028633508772e-01
4.850749151492892430e-01
5.141990702616100473e-01
5.254574397335617375e-01
4.907259535465999245e-01
5.597164398208922531e-01
4.865002783804380782e-01
4.741381651408148601e-01
4.400833777936929980e-01
5.408852661040181031e-01
5.124697421795725294e-01
5.236506718178449704e-01
4.786522260357035652e-01
5.324404031084305489e-01
5.105977109087319610e-01
5.629907559512901116e-01
5.000085358830664850e-01
4.939284645923168182e-01
4.280409631220193356e-01
4.939448440617620339e-01
5.450668630130987014e-01
4.934191681438565569e-01
5.042404119874585033e-01
4.619327448585104356e-01
4.877156746676782895e-01
4.758778482840678170e-01
5.215853591653236698e-01
5.812717866958937440e-01
5.193794731170749968e-01
4.914155104787724104e-01
4.675891650469104488e-01
4.568571439924044020e-01
5.283550421138593078e-01
6.062518744956407746e-01
5.103854414369903836e-01
5.689227762205384398e-01
4.397801258225227938e-01
5.558878025720896954e-01
5.383518297350637916e-01
3.944594860404521675e-01
5.712010760083106042e-01
4.912943604305062828e-01
5.141687127141167934e-01
4.990079403879397191e-01
5.783967917955801230e-01
5.149516512798488765e-01
4.861544129703045392e-01
5.453675587988268125e-01
4.704380133024127497e-01
4.405616379819403683e-01
4.910811419192146476e-01
5.117473255216469230e-01
4.994908549414574517e-01
4.502999975546381206e-01
4.833028949285722575e-01
4.063197627621850661e-01
4.419619672640665575e-01
5.147064508462413368e-01
4.857525796269447915e-01
5.136467348312173664e-01
