5.614020681942358815e-01
4.776713414175297601e-01
5.482665493038000326e-01
5.462341351211384977e-01
5.321569299523125629e-01
5.280595453401203399e-01
4.600078675835891362e-01
4.253420120315264952e-01
5.238166754593921448e-01
4.749319110494535923e-01
5.230765964672414725e-01
4.788615043418814055e-01
4.905722059384407530e-01
4.067688734196265865e-01
5.116389976405404383e-01
4.518185185539321247e-01
5.152081343154137905e-01
4.779513888638755037e-01
5.131665709373365303e-01
4.971005516381284961e-01
5.221057031106389745e-01
4.114899538103728993e-01
4.754467437849719258e-01
5.343405664244292863e-01
5.592962225819777533e-01
5.103884292275173706e-01
4.970889085917348238e-01
5.051922791506606725e-01
5.507260459653186002e-01
4.576726150461145615e-01
5.231701126861814100e-01
4.724077450019963376e-01
4.893465561864827063e-01
5.242882796979971838e-01
5.270900786900055701e-01
4.996582730517369342e-01
4.463833734071869230e-01
5.434770862003055480e-01
5.618927310956580712e-01
5.300719798147336403e-01
4.640062200816919002e-01
4.382670858518895041e-01
4.622707668011954429e-01
4.714128520644784714e-01
5.102707825481440640e-01
4.269560524233181331e-01
5.995950834743507540e-01
5.172775807509087942e-01
4.970230050319646709e-01
4.805146921493848033e-01
4.673392804791642319e-01
5.068218752571896912e-01
5.029540082498933362e-01
5.114449980925264150e-01
4.937597853650541047e-01
5.087397389865989661e-01
5.315750360384537965e-01
5.102936182124191422e-01
5.306517114280474567e-01
4.506912571211681429e-01
4.958418610659095505e-01
4.893698146302981056e-01
5.180389787282219105e-01
5.454418683084083508e-01
5.251199750020220103e-01
5.922747439577283890e-01
5.677224612740059406e-01
5.463520137602900784e-01
5.732528703711896600e-01
4.795250399127048979e-01
5.386911991364071728e-01
6.122774138472762973e-01
4.757917890234030778e-01
5.925500514302218802e-01
4.960460415932680389e-01
5.583048222028988983e-01
4.564743405151524547e-01
4.935913206546252985e-01
4.194636617072395324e-01
4.916626999079165561e-01
4.501391713959336793e-01
4.850796772505559518e-01
4.393644370179878855e-01
4.839502754321923783e-01
5.653931335338934216e-01
5.238899589841252702e-01
4.893184110056921221e-01
4.772946547461536237e-01
4.291119747545166785e-01
4.758378863664380343e-01
4.994935271851317360e-01
4.949122334686498759e-01
4.780285186686845655e-01
4.926187583091899413e-01
4.899934996379494145e-01
4.553988299880892265e-01
4.969912021981364725e-01
4.981035394680050632e-01
6.322372237994077215e-01
5.239211665412825125e-01
