4.808639241063892289e-01
4.651345945818825545e-01
5.080529154111166346e-01
5.809937540164412662e-01
4.596623970317160190e-01
4.774064336156084165e-01
5.179859847524138639e-01
4.716465685081374648e-01
5.113881722694744170e-01
4.833283784644449299e-01
5.178244482072790200e-01
5.087404525080059248e-01
5.541055794556314362e-01
5.154426001516283495e-01
4.991956354633879100e-01
4.913466491973458861e-01
5.218002685647940009e-01
5.044322773619088762e-01
4.696103974349633003e-01
4.422964381967165459e-01
4.872011815133311941e-01
4.745228730921758342e-01
5.132237143001245894e-01
4.359024692134928491e-01
4.881536135353302108e-01
4.365494217541071587e-01
5.674927473426719660e-01
4.267433141622894999e-01
5.333055811065171570e-01
4.931588950585027442e-01
4.604185193891781047e-01
4.885035409594408740e-01
5.520973013207012281e-01
4.718694246550771965e-01
5.915280913776400640e-01
5.088925644131369053e-01
5.341519840600488234e-01
4.421438689824542800e-01
5.224061399294753771e-01
4.853197681102000005e-01
4.601370848978003081e-01
6.077049935593308305e-01
5.385595207347066982e-01
5.011434133276575498e-01
5.574667194231066603e-01
5.392238213592722706e-01
4.601812406454394710e-01
4.780224511720639891e-01
5.381143655782869573e-01
5.138012453021354453e-01
5.099462784329346077e-01
5.387231682058311044e-01
3.965447243355830764e-01
5.032359274725095588e-01
5.002481907084560531e-01
5.227416120682168987e-01
5.346562023375989181e-01
5.998716724781327780e-01
4.985492938821551867e-01
4.895573879360219371e-01
4.884319939183273118e-01
4.778145374552679736e-01
4.399568648234656876e-01
5.189823369500496941e-01
5.212884648240483365e-01
4.769155653298883801e-01
4.749453421127036168e-01
4.963313555338862426e-01
4.323228417375703514e-01
5.768167850756632520e-01
5.342220027053643516e-01
4.759752679477751158e-01
5.437535984730762495e-01
4.817084244895465384e-01
5.375872442927523975e-01
5.273445899071775855e-01
4.908790840231002650e-01
4.767250699800015812e-01
5.111435665320145372e-01
4.997940582766300932e-01
5.403772654189191726e-01
5.696401102892902912e-01
5.329057419157808839e-01
5.246848069744891596e-01
4.899379684315426919e-01
5.935971805541659929e-01
4.467554210212328902e-01
5.530945102419519976e-01
4.790919125598434025e-01
5.303591452820727303e-01
4.922009507193391142e-01
5.410973617122362134e-01
4.676215758581508952e-01
4.842943965698109920e-01
4.696280244486077948e-01
4.739255908170478260e-01
5.061364241579348056e-01
4.270162894366070772e-01
4.705187318947733344e-01
5.468545359186585131e-01
