4.972703838046602098e-01
5.275721881167951821e-01
5.277455332331474347e-01
4.740167013183853584e-01
4.681337706037740909e-01
4.392913091837521433e-01
5.373035758853209609e-01
5.123692561255537292e-01
4.603224401342133620e-01
4.716790726756305840e-01
5.495501841743495319e-01
5.327317241121659608e-01
5.478935138189210408e-01
5.115583417299425228e-01
4.779241258035589746e-01
4.567595311896777144e-01
5.414707180015844168e-01
4.899204487570160138e-01
4.776814823288418332e-01
4.972549176216606859e-01
4.615063364822284409e-01
5.260601760561097739e-01
5.133813679955294695e-01
5.301260786952408655e-01
5.977565210469084622e-01
5.322768050624115954e-01
4.904545773786992968e-01
4.963730618426266950e-01
4.985493771073103986e-01
4.175015480355340203e-01
5.475266333424938514e-01
5.223363032148535812e-01
4.435639002988603363e-01
5.107773293525552649e-01
4.654056745709539422e-01
4.981547305805985593e-01
5.134659447179255043e-01
5.238302878299500032e-01
5.690979189886454792e-01
5.219970533496072207e-01
5.026351242475803893e-01
5.836807946461207708e-01
4.694533415417279643e-01
5.096935787661800443e-01
4.541719115465974177e-01
5.514127016914019963e-01
5.235394610015204897e-01
4.916494423211734688e-01
4.474788733899228710e-01
4.507347568281210304e-01
5.110622564868733120e-01
5.067068657431701428e-01
5.034526485479310365e-01
5.463030098804881884e-01
5.182855194014337474e-01
4.958688164601101622e-01
5.517343968221095629e-01
5.112406495352143088e-01
5.038863396342705414e-01
5.064770292631604054e-01
5.370217825404686174e-01
4.199372338087263845e-01
5.835582335814694099e-01
5.673726457675908330e-01
5.196680512123369455e-01
5.466713186590675955e-01
4.700266002418511668e-01
4.947001126882691335e-01
4.098723293913441035e-01
5.582367992173270510e-01
4.244518003651474580e-01
4.468409976857396493e-01
5.149299796452897482e-01
5.035897008941281339e-01
5.425771502422693793e-01
4.972278695109706992e-01
5.250942004855879697e-01
5.611478056159439065e-01
5.542374906762688180e-01
5.319277445347400102e-01
5.291374539351358930e-01
4.769072559371486664e-01
4.407523784086146423e-01
4.777960648559365642e-01
5.102300962538308671e-01
4.804947541518057585e-01
4.337029395648901442e-01
5.296930280385021561e-01
5.100910726153102814e-01
4.815540513892820340e-01
4.855881112023002766e-01
4.739277083614478192e-01
5.190794691392025539e-01
5.463878595259986648e-01
5.128828844908714935e-01
4.758072325479028031e-01
5.276667065247407917e-01
5.862348054365932315e-01
5.211955705893625002e-01
4.915910999250309721e-01
