5.697174908120476999e-01
4.913676312740060115e-01
5.534711848836545434e-01
5.255834366957128356e-01
5.077336673438622716e-01
4.488602923744392514e-01
4.761530810968089278e-01
4.625192903341364681e-01
4.917311593660746993e-01
5.780427766528373201e-01
5.536720144318417747e-01
4.581865238616881775e-01
5.291697710151994638e-01
4.959523945358711439e-01
4.641746085332387195e-01
4.953654481774930063e-01
4.618641865059257001e-01
5.036016289244120703e-01
4.481877376947916436e-01
6.054099423056209517e-01
5.122244522063528205e-01
4.263800783744760570e-01
4.542904819338232647e-01
5.359596916450920512e-01
4.990123831121017761e-01
4.671627238818766292e-01
5.884449809925278441e-01
5.273982676300935646e-01
4.921259782312724651e-01
5.100291637157309266e-01
5.246717368153752670e-01
5.633739873443681656e-01
5.017474023386783166e-01
4.354154175364404744e-01
4.845053984762972554e-01
5.182875030077084277e-01
5.236810619505901654e-01
5.573044782572692535e-01
4.680595766872855945e-01
4.437484150957579088e-01
5.275458163132406009e-01
5.080876140637056171e-01
4.991434312583449273e-01
5.281740044381568744e-01
5.004699830620032985e-01
5.125766852493937042e-01
4.640642525603508872e-01
4.997042632216180946e-01
5.849642215282162550e-01
4.472331820141733916e-01
5.416743038247153752e-01
4.613657158756892529e-01
4.464750974835473563e-01
5.493692997755322827e-01
4.612232883458678434e-01
5.003236964672082010e-01
5.205680255682472168e-01
6.367244931552172860e-01
4.656066161805078041e-01
5.684230649403634317e-01
4.575248034414680642e-01
5.234908846953135741e-01
4.957786500963767273e-01
4.657813805466601287e-01
5.001063685423228211e-01
4.816044871468196376e-01
4.939139680086974127e-01
4.786051833474235240e-01
4.704647593474895473e-01
5.605011246030427996e-01
4.087947445131641100e-01
4.717088270348470669e-01
4.884877226749978485e-01
4.880971851763169500e-01
5.584985927953470819e-01
5.054372251766249269e-01
5.667210269826420399e-01
5.206355294971808378e-01
4.924272433883571942e-01
5.042870082010043609e-01
5.910832724432449892e-01
5.120500886149695896e-01
5.243621384039116595e-01
4.503318147576815256e-01
4.642913573896972346e-01
5.443912999308927469e-01
5.705232604197703061e-01
5.061268871622071064e-01
5.235038151265662965e-01
5.244640713223711614e-01
4.883332331109515034e-01
4.903004423837419856e-01
4.616388544920430048e-01
4.454350962085205090e-01
5.017119118332793448e-01
4.995486012969161949e-01
4.861033876642230633e-01
5.928613446368076190e-01
5.570195847866901140e-01
5.021760949557290132e-01
