5.086544859256285633e-01
5.126404007743459168e-01
4.749233582008837162e-01
4.826906294205994818e-01
5.135086480592174762e-01
4.625947865986133611e-01
4.859164141462893882e-01
4.848637379046672469e-01
4.434037959485485070e-01
5.531178311901782108e-01
5.855810338245709401e-01
4.872092990534299672e-01
5.251658951627760086e-01
5.053414931230435503e-01
5.047493063177448391e-01
5.208974301376263494e-01
4.738544189206868040e-01
4.599860507054259195e-01
4.817539915717735655e-01
5.328151525025884849e-01
4.664066606130073955e-01
5.740582604805765099e-01
4.993091510209305972e-01
4.613507731958900737e-01
4.545791230858970411e-01
4.981758325150721922e-01
5.312775311544534196e-01
5.238216561491123580e-01
4.746164699157993661e-01
5.104915661869361410e-01
4.288145925766944089e-01
4.492433503160708774e-01
4.959062515508703695e-01
5.044071908850507047e-01
4.788270372951210496e-01
4.835644247143838226e-01
4.725295469142953841e-01
4.816901972131165666e-01
4.827689037963973084e-01
4.601867263851646683e-01
4.761998792427405425e-01
4.135799550567124117e-01
4.559715674244104733e-01
5.455747003630962988e-01
4.711890767427697746e-01
5.044503072741821637e-01
5.268530168728713381e-01
5.206148392926857049e-01
5.707162490310332403e-01
4.671198859651994328e-01
4.772911508022141813e-01
4.766985808481118969e-01
6.051818369241258599e-01
4.389666904119277624e-01
4.828154857062413874e-01
4.348192555749298416e-01
4.765358136024751556e-01
4.813912460991842668e-01
5.707656112187567965e-01
4.722185427012784986e-01
4.813565794241918550e-01
5.403841713534948132e-01
5.310163787075813380e-01
5.093672453164537206e-01
5.636467446818141935e-01
4.644334243779986160e-01
4.851581309708383194e-01
5.155879743962759054e-01
4.777603260632517501e-01
4.467077828188544819e-01
5.391202655734796956e-01
5.268820939269683867e-01
5.206637556938883415e-01
4.766016711498114455e-01
4.860900425606967112e-01
5.948343662798836196e-01
4.572903424853907994e-01
4.522171530916898607e-01
5.415700996839589720e-01
4.979484716467867944e-01
4.952183126751420472e-01
4.728199409443888945e-01
5.017129260990487172e-01
4.437055399041126003e-01
4.539961729861444750e-01
5.396183906539721020e-01
4.970367784715835624e-01
5.076577086162713526e-01
4.983679802603493414e-01
5.544414099151102615e-01
5.133656030513923385e-01
4.375903308559593863e-01
4.850720114290623663e-01
4.994615224152037514e-01
5.091738922651306565e-01
4.378383721059920242e-01
4.165772881466537347e-01
5.099259943699177011e-01
5.834127058777440755e-01
5.087659774424653225e-01
