5.541340047210258080e-01
5.136850414863954883e-01
5.388777036350191896e-01
5.031614279427836234e-01
4.018623136101476812e-01
5.451500501260673204e-01
4.982033733558062227e-01
4.499933897428946006e-01
5.278395945509704035e-01
4.236566630206600736e-01
5.086503503109244262e-01
5.534973783330459085e-01
5.016975076704005554e-01
5.358874258622077225e-01
5.788726629320113393e-01
5.185340052182677573e-01
5.263588631745688140e-01
4.958985193007190984e-01
5.328766708800329877e-01
4.909408856084789274e-01
5.397504023862859102e-01
5.073030702052629959e-01
4.813025297662660296e-01
5.079010662345040394e-01
4.507290632321633295e-01
5.226018929321218920e-01
4.574561840553837411e-01
4.965531981573836906e-01
5.329050552797713891e-01
5.234826978832053390e-01
5.154764539609523188e-01
5.537730586008965394e-01
4.083217919506857974e-01
4.474518877632599478e-01
4.476271378258296352e-01
5.269951475424329290e-01
5.100616959824124663e-01
5.063658120266404383e-01
5.054180753887497213e-01
4.357744157611821989e-01
5.464056493159080707e-01
5.519507852309399887e-01
5.334110761493768837e-01
4.660885979627462095e-01
5.282320715074204642e-01
4.929832368699819112e-01
4.940991886628920970e-01
5.036561671143606755e-01
4.351859147716315990e-01
4.979160906556605592e-01
4.926952584079469233e-01
4.638887944118884055e-01
5.234639327472034864e-01
4.942217968516963156e-01
5.344570712883166541e-01
5.413015915308182491e-01
4.897363359185856746e-01
5.351142627427171172e-01
5.298967239225979009e-01
5.370994799705558487e-01
5.676517384175644443e-01
5.169616901672586806e-01
4.344245578373873151e-01
5.209319458821829452e-01
4.584552524343209479e-01
4.589297038615500202e-01
4.804487247173748754e-01
4.756411832866044853e-01
4.826015055138886400e-01
4.889311254734891588e-01
4.348109221023410131e-01
4.341887733606198396e-01
5.626451658856670424e-01
5.055059142806346273e-01
5.462915120618339060e-01
5.526656985194025040e-01
4.653196606777801891e-01
4.628332762269469769e-01
5.701542921509659134e-01
5.596872709910819532e-01
4.267799329566886457e-01
4.483000482386728658e-01
5.570078085048968397e-01
5.321482983315193316e-01
4.514813017059055578e-01
5.164733769836115096e-01
5.164508695298640761e-01
4.871552368725189930e-01
4.891691176626059012e-01
5.124096920602737582e-01
4.903095189137997023e-01
5.183306540281965580e-01
5.587252655621591790e-01
4.296223125589743730e-01
5.144056669456804620e-01
5.688796184628759356e-01
4.954486490084842321e-01
5.114071894748950520e-01
5.083676373234107260e-01
5.296251631953110550e-01
