5.480358856417066882e-01
4.934719201608608885e-01
4.196074046574614913e-01
5.355954278937858914e-01
4.410276102023709122e-01
5.356606342088938710e-01
6.291708735412978593e-01
5.056899930597571480e-01
5.592893928317429486e-01
4.576179244626807918e-01
4.955208383510352199e-01
5.276730657027579596e-01
5.246497821234330505e-01
5.383722883195674047e-01
5.372685998258183160e-01
5.287410855308831703e-01
5.269673205066618404e-01
5.166534554891045739e-01
4.420044157119541461e-01
4.943409204715238370e-01
4.608346911796669665e-01
5.086601072701477655e-01
5.037443403152027654e-01
5.324944077922648678e-01
4.435079070901877252e-01
5.448196052313267757e-01
4.939535770770983603e-01
5.326100122040071660e-01
5.042640312587304274e-01
4.673457299918816199e-01
5.243757970263578372e-01
5.284739060239391772e-01
5.292835789646408440e-01
4.400298888691849819e-01
5.477107312996214450e-01
5.413069633993780050e-01
4.791797531065352111e-01
4.635287960548121200e-01
5.155497051846075207e-01
4.970724253999219688e-01
5.247545002896187860e-01
4.689895173482448998e-01
5.253771761812955354e-01
5.264734197825490236e-01
5.331732798145051300e-01
5.468525666605660307e-01
5.475886391951054755e-01
5.145981573560076683e-01
4.685841321916708324e-01
5.228599909239243226e-01
4.954115356728797104e-01
6.101635226230743836e-01
4.612371053760246919e-01
5.400432319423594807e-01
6.046508253761126994e-01
5.092252328048103571e-01
4.982750615620085144e-01
4.697403974310896402e-01
4.707253797500175474e-01
4.838045276181270338e-01
4.992323215553594040e-01
4.016476029496475197e-01
5.620186964666876728e-01
5.256138827690438609e-01
4.906812721071852623e-01
4.706334225644701608e-01
4.964495740586314931e-01
4.987917985841076596e-01
5.533840588776779423e-01
4.937406548147441065e-01
5.356491347811471737e-01
4.832301388078605875e-01
5.408699970170406379e-01
5.205159787875959232e-01
5.110221897768184585e-01
5.646924766612615443e-01
5.697820663092897364e-01
5.216056731739590058e-01
4.565593521484332951e-01
4.557900483773320577e-01
4.985868479954155275e-01
5.055374440437239159e-01
5.333327727626293591e-01
5.336769929915036181e-01
4.518665057048312783e-01
4.762475461426319279e-01
5.245307168864635772e-01
4.620937094292829617e-01
4.612082884944558869e-01
5.688995430250864960e-01
5.333532310589016445e-01
5.327939055375139343e-01
4.636000302792016026e-01
4.637588214465001024e-01
4.796412013489238513e-01
5.518673812779636423e-01
5.080490194255654623e-01
5.819977804185275660e-01
4.716226704355974686e-01
5.159030376902496995e-01
