4.814623482962861467e-01
4.624626723598018185e-01
5.677428396378972897e-01
4.489615296915948628e-01
5.399761554653700335e-01
5.083797738861132176e-01
4.213598042099391816e-01
5.257545064913385913e-01
5.319094672744733021e-01
5.224351099249455732e-01
5.365409290968792266e-01
5.192467628030537075e-01
5.014658801436608915e-01
5.183093756014823805e-01
5.080963507890429165e-01
5.255259424178558847e-01
5.047661244231745892e-01
5.189732313014137066e-01
4.287206588674253860e-01
5.588214946508557324e-01
4.674441617454184739e-01
5.349860092119992361e-01
4.847195819694783969e-01
4.976868797604392380e-01
5.779970009250083862e-01
5.138143701997033297e-01
4.888241533839480790e-01
4.856072016009829184e-01
5.067319883356473653e-01
4.942344064201152909e-01
4.612673858840713459e-01
5.032278464266204399e-01
5.312319146652293433e-01
4.598963591819297259e-01
5.116357912738744851e-01
5.289933996980213937e-01
4.933510864988885913e-01
5.572816748870226267e-01
4.679231592697421505e-01
5.547477318865409179e-01
5.567535680249035002e-01
5.515819278490473598e-01
5.015672470731995514e-01
4.743853582808295055e-01
4.531792391675695253e-01
5.316361042416368754e-01
5.138347788413130113e-01
4.734240429910627213e-01
4.571033273225580951e-01
5.238601645421865349e-01
5.203545178975580443e-01
5.001813963100457672e-01
5.514970915920770489e-01
5.134685900094916322e-01
5.030892315328278075e-01
5.477904397585674490e-01
5.654614438986568237e-01
5.771454277352350282e-01
4.745808798517213156e-01
6.600486779705144746e-01
4.781972190737460715e-01
4.516822026204109775e-01
4.664615209221850134e-01
5.457797493163343283e-01
4.546310152398754245e-01
4.787511824799041138e-01
5.104111367329861038e-01
4.870252078517047778e-01
4.535229610598910943e-01
5.332219673970014506e-01
5.497624049822732450e-01
5.081835881101325336e-01
4.693926865023454464e-01
4.781631547171624197e-01
4.598159867139891555e-01
5.335312763792293689e-01
4.839662185378603709e-01
4.426449475843607928e-01
5.545120838885452264e-01
5.213573096016477226e-01
5.602139966614673172e-01
4.433307882376836817e-01
5.182715068746519549e-01
4.778208236943072285e-01
4.810570367735363950e-01
5.282976450110069555e-01
4.561554821649683733e-01
5.386509584944259021e-01
5.285510328741453989e-01
5.432615868192176567e-01
5.866874576049472267e-01
5.062967478727564696e-01
5.229870129718298122e-01
5.778680782708474073e-01
4.975868940700234333e-01
4.287282552915336886e-01
4.537870270434548603e-01
5.051387433536413951e-01
4.440052519415002008e-01
5.551199191136122479e-01
