5.164811653383365453e-01
4.484957055487134303e-01
4.991467580012799443e-01
5.119529093702489542e-01
4.636595354651560918e-01
4.699380399808219533e-01
5.141081743691858774e-01
4.946491196664444812e-01
4.969928928872350826e-01
5.495563095623212657e-01
5.561192855380976408e-01
4.881559576328685091e-01
5.073420801911769917e-01
4.771725333777310785e-01
5.312760464530310589e-01
5.363944274829021142e-01
5.484369994103807100e-01
5.229611965999582113e-01
4.697528937135677651e-01
5.729808947227689186e-01
5.401110971579222708e-01
4.521136863214250678e-01
4.897519331940865528e-01
5.452456520214341573e-01
4.771051752122722478e-01
5.016329903944631852e-01
4.378981205163248180e-01
5.361543498032801391e-01
5.160658273280945840e-01
5.304217850614826313e-01
5.099767706581167515e-01
5.266156021678797261e-01
5.187560429137831886e-01
5.422920808043729668e-01
5.175824349304732896e-01
5.229385414301704893e-01
4.263822811982104222e-01
4.529743237309217796e-01
5.775371839583149924e-01
4.504372949768564727e-01
4.930886337433009747e-01
4.903483113409679572e-01
4.723573435082305538e-01
5.605155706518055725e-01
4.973779440000566376e-01
5.225575485250107954e-01
4.650090270202994480e-01
5.340666406938130439e-01
5.207173308389542177e-01
4.702276718238670994e-01
5.249598466990725854e-01
5.511596662011317704e-01
5.932268996887957169e-01
4.783591926244434855e-01
5.212995960849712285e-01
5.287265274840791118e-01
4.631123003669998517e-01
4.687911475422570362e-01
4.710883125154821660e-01
5.581976661890418745e-01
5.073751388726277511e-01
4.836610041461502085e-01
4.909748957219163823e-01
4.359554774158042600e-01
4.631725794371295835e-01
5.784295187946342232e-01
4.617297099147745776e-01
4.589160444392607063e-01
4.737806129403689948e-01
5.443025592534344037e-01
4.894289727074500052e-01
5.305550405529264602e-01
5.638119587250634002e-01
5.508453668673460868e-01
4.188657478003905421e-01
4.345820806479179788e-01
5.789017059232873796e-01
5.255168244013704859e-01
4.853303605116462971e-01
5.940705789138489568e-01
5.024982382851014284e-01
5.177693764353901162e-01
5.462531352106626548e-01
4.919383578081457653e-01
5.447661863320394371e-01
5.222064751238323366e-01
4.489889992544038311e-01
4.802228697552458625e-01
5.554685786895051658e-01
5.742277383922730349e-01
4.529488549224311988e-01
5.784077308632685765e-01
4.657662611356706006e-01
4.838440379863382379e-01
4.774309388160591916e-01
5.794610085980956837e-01
5.246550022911007360e-01
5.185137199565604815e-01
4.923794932413254055e-01
4.418322036721892832e-01
