4.418993972558777905e-01
5.496620993956428114e-01
4.898356540199956255e-01
5.264023337218627363e-01
4.763840855102428606e-01
5.284232658585119591e-01
5.903582972467621426e-01
4.346614018864100593e-01
4.950743038622975045e-01
5.650979405759167795e-01
5.052444488740364115e-01
5.371564747737193057e-01
4.902461942305449405e-01
5.186613713902716860e-01
4.332195871027895162e-01
4.928240694199707006e-01
4.789966346910008999e-01
5.693274804309688131e-01
4.465562859622806968e-01
4.426163747016313987e-01
4.856821602254929315e-01
5.257835095098423173e-01
4.433266645088697611e-01
4.988799053254622806e-01
4.700737104324748672e-01
5.344194011732990024e-01
4.994576901720796935e-01
5.358420917754782575e-01
4.849555749319340303e-01
4.840790083405914213e-01
4.936694440559854513e-01
4.626597526625263468e-01
4.831120951644737316e-01
4.654752997343458154e-01
5.013920861637820581e-01
5.117368493124166973e-01
4.527493360793810595e-01
5.016750206011850732e-01
4.613354914630852788e-01
4.936064783255099120e-01
4.904881853595766117e-01
5.193777224297387862e-01
4.691731193153909629e-01
4.672415394939639643e-01
4.691134344488916974e-01
5.163008799750467004e-01
5.259575430059525436e-01
5.448421908978661188e-01
5.302741387835440134e-01
5.420060024155601841e-01
5.667144176137001166e-01
5.296702774986097317e-01
4.939519104690276441e-01
4.277065749311988463e-01
4.931854659541284880e-01
5.210523893414948926e-01
5.252005129574547349e-01
4.474004376893256363e-01
5.059438310855833842e-01
5.067858299757171947e-01
5.230784351674939714e-01
5.667215425206170165e-01
5.228705002653957212e-01
5.300139841567772514e-01
4.313311053609114598e-01
4.555447051191611196e-01
5.376551918880437819e-01
5.054960675105631962e-01
4.890172217073716077e-01
4.952645836841237381e-01
5.672569660903958866e-01
5.286032502064316185e-01
4.674140525341865526e-01
4.765946500541225483e-01
5.699801907736051776e-01
5.034942274461111644e-01
5.073763642948017072e-01
5.114881399300570397e-01
5.341574246701009665e-01
4.350068255557841823e-01
5.393876915844555420e-01
5.310167869826903919e-01
5.055772493381046617e-01
4.683943635779354020e-01
4.467043131309829107e-01
5.943375082572555090e-01
5.821139281833501711e-01
5.594767725723113205e-01
4.971109184774408218e-01
5.487792658583540151e-01
5.245214153666964974e-01
5.533316570402835310e-01
4.827719890124542168e-01
4.997852903105432509e-01
4.463228270408127196e-01
4.411818958183308381e-01
4.490736759676101086e-01
5.067112368657988863e-01
5.144850145799035879e-01
4.232206388981928913e-01
