5.603575188410779839e-01
5.724012736220862596e-01
4.266916993745978326e-01
5.089236577387453719e-01
5.142286199880906628e-01
5.526083156698953225e-01
4.872178452027052242e-01
5.114699501415757021e-01
5.394680983860796752e-01
4.586626253809029108e-01
4.772898435886455681e-01
4.760679395803073533e-01
5.232947051635225000e-01
5.932175319676842307e-01
4.850863685253227753e-01
5.129961544110508420e-01
4.887412399892301917e-01
4.872461401284806648e-01
5.575777889777261409e-01
4.734084684825602407e-01
4.977931486814737294e-01
5.119828091692272265e-01
4.663404796568991206e-01
4.956387189679776206e-01
4.690307409811774186e-01
5.221878346505415269e-01
5.614537948278012225e-01
5.427041415223681220e-01
4.541633612955254251e-01
5.001373680491529861e-01
5.101744534518847241e-01
4.850976217456611228e-01
4.874046518457507693e-01
5.033594830005156950e-01
5.432179479142701384e-01
4.795940992944762726e-01
5.365885157182511689e-01
5.581006031731183814e-01
4.908030924693182473e-01
4.820703018002204243e-01
5.112628896903850251e-01
4.865088404420677137e-01
4.868972678593102010e-01
5.073470328233834481e-01
4.976035956050204878e-01
5.539100837815399414e-01
5.792759523286518109e-01
4.690664467414979444e-01
5.290621230178664813e-01
5.088951746930353570e-01
5.251952280039783316e-01
4.758657177213908573e-01
5.233478821144208482e-01
4.671250001164898302e-01
5.212440463844465466e-01
4.565896314061381744e-01
5.067396576628945271e-01
4.778311973169445115e-01
5.125404687831249806e-01
5.237277403228340900e-01
5.174979426862573728e-01
4.558343777079000847e-01
4.780592027300873403e-01
4.878453457309888108e-01
4.653694789635959839e-01
5.133433211231023252e-01
5.157093695018479806e-01
5.154835982840152431e-01
5.481880359585925566e-01
6.016068028618805075e-01
6.384594588013496885e-01
4.636339453533248056e-01
4.955973013382981573e-01
5.282878573473438477e-01
4.370249321721361713e-01
5.034839353799559492e-01
5.181360310380400680e-01
5.148057389994934452e-01
4.620381609658737454e-01
5.476044949307397047e-01
5.802342190670437549e-01
5.196078134074894050e-01
4.889314041482463735e-01
4.382765745420457160e-01
5.025535370300051596e-01
5.365428344358006418e-01
4.847127082432032830e-01
4.949844758621520513e-01
6.258601715197136262e-01
4.993737943983246330e-01
4.478679250971969172e-01
4.785383488901258087e-01
5.161682522438246767e-01
5.831190963883599032e-01
4.674771637799726154e-01
5.345985501722715361e-01
5.772136723580554296e-01
4.280170581836361121e-01
5.065045805251043864e-01
4.666955659324559247e-01
