2.211900466115761077e+01
2.144443824125097109e+01
2.181573363623578388e+01
2.122073240604126809e+01
2.191104559321887280e+01
2.136782059059850170e+01
2.101827470140274556e+01
2.129780152953273742e+01
2.088612861823638767e+01
2.143804585614551428e+01
2.136779429826267318e+01
2.182051875325387513e+01
2.215607617952596087e+01
2.166488332801893435e+01
2.154762554589184020e+01
2.129640523845649369e+01
2.167257108806242272e+01
2.176022793689687873e+01
2.151136324742520500e+01
2.145256934270783233e+01
2.201093741401026094e+01
2.180070245489888592e+01
2.166666051268794391e+01
2.140344174109170439e+01
2.177794349932737816e+01
2.215978370073704440e+01
2.134788619449095393e+01
2.209097241800879274e+01
2.186968433934954348e+01
2.178833129540542757e+01
2.217254686522316831e+01
2.263173787777216717e+01
2.166204067242770392e+01
2.163382496886283590e+01
2.165788588851135188e+01
2.168812520240383179e+01
2.196608820953699848e+01
2.145315051119789374e+01
2.165361966240844183e+01
2.212336880889635182e+01
2.150808402877143166e+01
2.182230383615573643e+01
2.142561696827599960e+01
2.176899540970228486e+01
2.201750967688956351e+01
2.090382228402559406e+01
2.165936173361075845e+01
2.181178179440790288e+01
2.229077129175227157e+01
2.115639876657338547e+01
2.207668246865733153e+01
2.178151062305595431e+01
2.201219209248709774e+01
2.179476454028671029e+01
2.111062481381230427e+01
2.200682372981244228e+01
2.209772858621886016e+01
2.156471514168971382e+01
2.156603781487420690e+01
2.153491478438185069e+01
2.138498729335533355e+01
2.161412774523831359e+01
2.186725298472372714e+01
2.158533564061664123e+01
2.157769614857635787e+01
2.179587582004355895e+01
2.227483525115200180e+01
2.184889001008293263e+01
2.168355633613300526e+01
2.178672610219989281e+01
2.211378853363128627e+01
2.159461363437806014e+01
2.174152234253775973e+01
2.183216232322808281e+01
2.170683138858830574e+01
2.161486583625277547e+01
2.120193051104034865e+01
2.153911769082801797e+01
2.159047649966382920e+01
2.126620278199621339e+01
2.185280965528153274e+01
2.181678085965436154e+01
2.221211102362570955e+01
2.150778123325305202e+01
2.232946011752716586e+01
2.122232443574449334e+01
2.133275286884716593e+01
2.116847572446305037e+01
2.201030243804801145e+01
2.108846802505881612e+01
2.199800967561160903e+01
2.166319648863090563e+01
2.126722719293079678e+01
2.157874793755147991e+01
2.163833425109389808e+01
2.144093939145070138e+01
2.117640588451122596e+01
2.192490549110846132e+01
2.148354154393868853e+01
2.171725884665006490e+01
