3.493563348433985993e+01
3.660551335359493663e+01
3.525034356180633921e+01
3.547923095214353850e+01
3.570415814987980241e+01
3.748435181779002079e+01
3.630956631462172624e+01
3.732457449532508775e+01
3.728932697009324926e+01
3.675145580179250970e+01
3.718612739773266185e+01
3.569784303861854369e+01
3.679947937420995174e+01
3.581389353695502109e+01
3.659667985474160190e+01
3.578223334266156286e+01
3.758101406420004054e+01
3.721328518992030610e+01
3.682854717780610798e+01
3.660908998089713862e+01
3.849644601853442794e+01
3.799252220766562971e+01
3.611034119559404587e+01
3.740279259712164617e+01
3.776825912581890066e+01
3.591213055364227813e+01
3.714389846208729296e+01
3.553149366658018238e+01
3.727173920075833990e+01
3.648561601673299037e+01
3.560181334260036579e+01
3.684157541498925070e+01
3.742388406223945907e+01
3.533505188262999042e+01
3.579274515496167197e+01
3.653414314017103237e+01
3.665915950594300909e+01
3.493294028828127296e+01
3.581745781686631602e+01
3.846445402144832570e+01
3.647486527799868128e+01
3.728332158760279214e+01
3.833536582344541443e+01
3.555481973211160351e+01
3.697342073397645379e+01
3.692466392868993097e+01
3.387049854540599370e+01
3.802504299895763751e+01
3.743859575655142180e+01
3.564714822091876556e+01
3.777392471108189653e+01
3.598161131736425489e+01
3.557572863347087377e+01
3.561502469889988021e+01
3.661141318136443346e+01
3.593353830609127897e+01
3.617459642099190376e+01
3.742917128467321675e+01
3.679954256023309966e+01
3.595953998228332438e+01
3.677357725023102120e+01
3.661364102961274369e+01
3.609263323480538332e+01
3.646931834124956850e+01
3.717591014820421691e+01
3.561099724667540301e+01
3.526225617200884699e+01
3.671213210702561014e+01
3.581988654622686852e+01
3.730508825048395494e+01
3.773761720539437903e+01
3.645443321179511287e+01
3.775028297115441234e+01
3.604561382629583477e+01
3.801691013589411483e+01
3.483824429556047164e+01
3.616978201391653869e+01
3.616375948520554573e+01
3.594024019277727433e+01
3.585936258130661258e+01
3.633056793077352609e+01
3.578596596614056580e+01
3.791881205665529819e+01
3.610275051386398104e+01
3.821883872744826505e+01
3.653012664757240913e+01
3.629755575965628367e+01
3.935463762786529429e+01
3.577248967469777341e+01
3.687117234903065111e+01
3.629105892044965032e+01
3.564924977362768033e+01
3.479110584960909591e+01
3.499774206715644453e+01
3.621833281936451954e+01
3.608749370531907630e+01
3.513880312977115494e+01
3.829562372410406113e+01
3.576253782028174300e+01
3.654036642036547278e+01
