9.126553765806452390e+00
1.158293132625381361e+01
7.326530959259836884e+00
9.015577890508764014e+00
1.473264448302691676e+01
1.137012006255448071e+01
1.238688361455652576e+01
8.377036553598339097e+00
1.425624393906971754e+01
1.072043655791079608e+01
1.298532089755536134e+01
1.398432907708108353e+01
2.444837433361182377e+01
7.492362884890889418e+00
2.384595649738649925e+01
1.325628070337494613e+01
3.942730919466901440e+01
1.001153889852376899e+01
1.026364904813906342e+01
1.249563143067140736e+01
2.707140283802980818e+01
6.591178642276108945e+00
7.727505437612006034e+00
1.642433500974074789e+01
6.423336999189099394e+00
2.116142694096219046e+01
1.670253097005712917e+01
1.302843644424570435e+01
1.207170556053951671e+01
1.705268852329344753e+01
1.765133956447707675e+01
9.197329917496915641e+00
3.179404492562861506e+01
1.005932240095531149e+01
1.764061700891923934e+01
1.488006637052809999e+01
9.593148392944744529e+00
9.348602721231442203e+00
9.665406217589534776e+00
3.505127326971974266e+00
7.120928035961958003e+00
1.247905444464558400e+01
3.970585392674554726e+01
1.319724909171079474e+01
8.471353884747943042e+00
2.453545587921755455e+01
9.126155325161958487e+00
1.322325588579701439e+01
6.995917010792561008e+00
1.345030838751990210e+01
1.532320010476250616e+01
4.634440514169534175e+00
7.004634631498143804e+00
7.694632902310410749e+00
9.713063323414054651e+00
2.208626489733217113e+01
1.415632145575959200e+01
1.305047563500109575e+01
1.187080323229599976e+01
2.315750755815118112e+01
1.563427971582484766e+01
1.026626556815036828e+01
4.712354887137887971e+00
8.372433654681792348e+00
1.567830675704414567e+01
1.070043864318423488e+01
2.530860713365341752e+01
2.418516107531354820e+01
6.867268836958687395e+00
1.239058203428080773e+01
8.277292201423128049e+00
9.818351978179100215e+00
1.413973175185145692e+01
1.119255391294929680e+01
1.572490052521884607e+01
1.521356455123364704e+01
9.125555206442665934e+00
2.682385670511323994e+01
1.466594174614935753e+01
1.085823295947096057e+01
1.522409447061642673e+01
9.332024566960630096e+00
1.604363638161048655e+01
2.317615718336854158e+01
1.455629157867350898e+01
1.209323852126829735e+01
9.297645184251893014e+00
2.418139997391558182e+01
5.372305899929919804e+00
1.383652309574765660e+01
1.138904615008392973e+01
7.856556305922049788e+00
6.830478006051318829e+00
1.347892709430873914e+01
9.623366184793301414e+00
3.377413541509530148e+01
3.056982807448025241e+01
9.334407187597319577e+00
9.446619780633204400e+00
1.669559057330809182e+01
