8.864072719892175378e-01
1.093297660646029890e+01
3.910993931921207256e+00
8.251385194498208620e-01
8.896916844598340424e-01
7.561618236407374738e-01
5.688301281129827913e+00
3.727960959549476261e+00
1.766104161262969541e+00
1.387467595160606137e+00
2.367428704583666743e+01
3.836602707501272747e+00
2.064728283735368652e+00
6.859133232289143400e+00
5.534995359749627086e-01
6.155795011063351918e-01
7.442261875792173242e+00
1.717832650647358905e+00
6.051118427461202209e+00
5.625584627259539339e+00
1.202110082164877358e+00
6.867035571465637256e-01
3.313944272933245117e+00
1.031664774970346032e+00
1.067442586767014312e+00
5.028856560383069052e+00
5.644730765421560603e-01
7.137280115667580915e+00
3.659033857785784605e+00
1.186404058030802178e+00
1.052066816594116938e+00
1.213821526279352803e+00
4.970822296885676117e+00
1.730521001132747871e+00
3.950283411952817403e+00
4.641289007880859407e-01
7.759973242016687811e-01
6.043900923307414796e-01
9.794654865740790584e+00
7.810946908872388406e+00
1.596579481187819116e+00
8.657039905729688734e-01
5.958584802426825089e-01
7.694447481257449262e-01
4.905655158470841215e+00
6.293212523382428758e-01
1.338297203986369421e+00
1.275050124586272737e+01
4.282575290668661161e+00
2.803714013681615214e+00
2.081906294627787979e+00
2.806207850580592744e+00
6.535093866252471573e-01
6.127777204293749502e-01
8.741269199452573746e-01
1.030116922040291927e+00
5.481601139021505809e-01
7.260374754165973554e-01
1.105562707967109981e+00
2.557266132271730719e+00
3.310181193235754993e+00
9.220466113519885099e+00
2.079218616654687324e+00
1.667677205566847842e+00
8.122394566728730059e-01
9.544189828815645704e-01
9.403380590384929905e-01
8.757632060677502661e-01
3.057137628295517384e+00
1.972920484029095434e+01
4.700440140023579794e+00
3.834632185331980025e+00
1.120443591080497292e+01
5.534238356165992467e-01
1.092533555232839015e+00
6.083140842281168359e-01
1.119800394467870719e+00
2.676674686025272365e+00
7.863999238234606892e-01
5.417156407759505798e-01
2.158384667709886351e+00
1.525078217205462217e+00
1.257227325294733022e+00
1.697828650213002888e+00
4.936753288968148135e-01
1.127126750515814901e+00
7.557310401085944873e-01
1.626164862863621607e+01
8.911488752323818430e-01
2.471044891311930947e+00
8.775774097755010272e-01
7.394184248778596924e-01
7.191554573256555560e-01
1.040531068806231030e+00
8.379590309512269242e-01
6.286952203893265700e-01
6.353033462856148006e-01
4.148974677409142942e-01
3.626447045912940759e+00
5.892605710013272269e-01
