9.707880153294100589e-01
7.200060341782127393e-01
3.622670217406393611e+00
7.149911743155796806e-01
5.580803927138826559e-01
3.896716776329477661e+00
6.699380729828336989e-01
6.644650665573441639e-01
4.931803909775076100e+00
1.406167881774114647e+01
1.297663747811235835e+00
1.589252062087518347e+00
1.506714963098056304e+00
6.173193880262365374e-01
5.958109914020873754e-01
4.684581625923008197e+00
6.677860359554915748e-01
4.547111965020427249e+00
9.966185600331823879e-01
6.815727513223386325e-01
6.937721799896984232e-01
6.156415051893066037e-01
4.553019442201243216e-01
7.194561261957904685e-01
1.341317309130260371e+00
6.118139416954498921e-01
7.994170455659415087e-01
1.366721894955845062e+00
9.613288519697089640e-01
1.270339780159211562e+00
1.264129421157106359e+00
1.966090274074073108e+00
1.546498272931753792e+00
6.244930308595247892e-01
5.083406248454971355e-01
1.413646274182593698e+00
6.966480871017313170e-01
9.751152498754741549e-01
1.495059674401740812e+00
7.891599980455664687e-01
1.013596395982543807e+00
1.208409566589243589e+00
4.380013797706608258e+00
7.040418286640558465e-01
6.773765768042091517e-01
7.792820430781134400e-01
8.905953122916002940e+00
5.139330654118953179e-01
1.290165983425372076e+01
3.778589523701620378e-01
4.882505140196469640e+00
4.568363731202759404e+00
6.089879461410635741e+00
1.568485732624779860e+00
1.093490964614364680e+00
7.653539945983806048e-01
1.262307068689893264e+01
1.283029763198584083e+00
6.177000822955147630e-01
3.753699044983914490e+00
6.326988095163437187e-01
5.498228197464625211e+00
8.157555138466601186e-01
9.740590885899559348e-01
1.584992788574478340e+00
4.303271882128786863e-01
2.749636695314533252e+00
6.448240389817584406e-01
8.219895189614451425e+00
9.203745099402739882e+00
5.436122932759872572e-01
8.102451542368266146e+00
6.174444341821235804e-01
5.648758754902714063e-01
3.000864544737100292e+00
3.369384652735214924e+00
2.257056452779331757e+00
7.990156099394532419e+00
5.278780844810504469e-01
6.570049291930977198e-01
5.504846061794541612e-01
9.933316341143553885e+00
1.234545477390419199e+00
6.715533866842514632e-01
5.551456909217205027e-01
1.384411227707796233e+00
5.537270967546863432e-01
6.351804916895096298e-01
7.512762334000127051e-01
5.073445222854062742e-01
8.140324802879830290e-01
5.657546150923576933e-01
5.551335570024875654e-01
4.904345585020008502e-01
2.307593468818232463e+00
1.004347136457002909e+00
1.491860372065339391e+00
8.211065523329005300e-01
6.166949248513361459e-01
5.353697294589833122e-01
