2.266694989080525247e+00
8.716163958187098659e-01
7.856052819486918359e-01
9.107201163037219160e+00
1.297355244770613591e+00
4.940645329364272698e+00
3.841941136776381160e+00
3.170786090926678735e+00
1.444151606288797574e+00
5.968973136492960130e+00
1.522478208595719362e+00
1.203922155570926122e+01
1.205530412510068539e+00
2.783149452565401027e+00
1.729791379997063672e+00
9.313150907399454503e-01
2.306048070066348821e+00
2.018056217676664588e+01
6.726782459955712667e+00
4.769949434512196440e+00
3.226675416123481632e+00
1.113002529511418093e+00
3.028207275668931775e+00
1.401128926491877458e+01
7.172385290896734489e-01
7.754765226030267300e+00
3.780463484201082913e+00
1.935024630368098464e+00
1.796613052895729812e+00
9.589115434078287592e+00
7.988671114657406314e-01
6.544820625303571227e+00
1.097928581057957409e+01
8.276501028238861801e-01
3.710691821891348496e+00
2.899994805186537850e+00
1.182398904332222944e+00
1.002508121976581013e+00
1.991877310942036239e+00
1.401399941519217762e+01
9.561254678095806980e+00
1.471976497304201992e+00
4.112605869275299142e+00
7.845022429665785557e-01
1.363910704880055391e+00
1.097294726249591434e+01
9.403667036047339778e+00
8.393713110406388012e+00
5.093961610229406745e+00
6.927573307320751272e-01
6.628936559473204149e-01
2.272518317663322129e+00
5.911248047184057164e+00
1.371138517502509835e+01
1.244865309492539929e+00
2.298177479003927104e+00
1.817663804798090199e+00
7.100534240349892556e+00
6.997870931301681807e+00
1.765787784507304670e+00
1.065618128764492134e+00
3.148578972066215176e+00
4.199970089585227662e+00
6.921533597279497796e-01
1.854744123814959345e+00
2.043450471286580861e+00
4.536069182725267268e+00
2.215823557827043988e+00
1.001774372290611170e+00
1.292403971468293999e+00
2.487686433690946330e+00
2.151557525687437966e+00
2.785283489433903359e+00
1.334982549906474958e+01
5.052676406159891664e-01
1.740614986133673625e+01
7.401701064881614833e+00
2.704070254652076510e+00
3.278994727421202793e+00
1.338709131004437891e+00
2.439976508154501289e+00
3.583236880458598783e+00
1.965718864733875915e+00
2.352685339147588817e+00
1.439181525767086134e+00
9.010384090094151199e-01
6.386387274906897282e+00
1.425082059468658624e+00
8.393416729969640500e+00
2.205354347958766503e+00
7.057950584834463692e-01
2.326957675512473678e+00
3.180495362780194846e+00
1.027238875902625193e+00
1.874168455820649726e+00
2.393835070116562491e+00
2.740888447033333897e+00
1.058765024030478052e+01
3.586252970501820680e+00
9.012816009243596937e+00
