2.427252114486715229e+01
2.447214153621149535e+01
2.522607803666497972e+01
2.454219428697327743e+01
2.449011334732346512e+01
2.427374238443341170e+01
2.519173645914746373e+01
2.488602752601893897e+01
2.531714028566165098e+01
2.476719036504588090e+01
2.491005873727408115e+01
2.409825815486394518e+01
2.488150388011430536e+01
2.479492621568007849e+01
2.406968990722485913e+01
2.515307407927704375e+01
2.464445901031390207e+01
2.446131911855040286e+01
2.552795091462583699e+01
2.445657367601877041e+01
2.526265151408715681e+01
2.454673748788433230e+01
2.456411604481409228e+01
2.464600758234530886e+01
2.545282982741241184e+01
2.451905437362831108e+01
2.437834448141440902e+01
2.400698704341593626e+01
2.434777998480053895e+01
2.434506311678888935e+01
2.442235784257350062e+01
2.519333139042815262e+01
2.432722342571110374e+01
2.399871744173194799e+01
2.462736791956479721e+01
2.453514735079959053e+01
2.375597411798945657e+01
2.380172010855292442e+01
2.436429185349524218e+01
2.502286612598577165e+01
2.453128537188222325e+01
2.413776448269475594e+01
2.345453806351645909e+01
2.482802511192419459e+01
2.366582705568421829e+01
2.495488832649122557e+01
2.436688293390746907e+01
2.536965856852635426e+01
2.450290774046408160e+01
2.441090311812425284e+01
2.503134987205365292e+01
2.563499833885408208e+01
2.459073800344783933e+01
2.457394543872462478e+01
2.450281666485039622e+01
2.461112701500343647e+01
2.529078421266432741e+01
2.415691294054469296e+01
2.510247986969480749e+01
2.535739339838659490e+01
2.405163653687043990e+01
2.386480411844221194e+01
2.485459587364123379e+01
2.350505523165589139e+01
2.451264417354607517e+01
2.452115828175098144e+01
2.431503139606877895e+01
2.507840861151991518e+01
2.402788143241394891e+01
2.392307862811953001e+01
2.455211280532621743e+01
2.406695779560301673e+01
2.459920691313320873e+01
2.410755860888303559e+01
2.477240468401315354e+01
2.358560892375608375e+01
2.455028597626480291e+01
2.478865473100698580e+01
2.518232532021639614e+01
2.517212460775206395e+01
2.462226939110364654e+01
2.455911643500713737e+01
2.481984583585212079e+01
2.425567115299416443e+01
2.379885607287874905e+01
2.480058705383015294e+01
2.463765675881792561e+01
2.413494893134446073e+01
2.505496448696008116e+01
2.505855474885023781e+01
2.414901203882803316e+01
2.478752834581728948e+01
2.441332249376441510e+01
2.494429045846917248e+01
2.429571191672361152e+01
2.493188140009277376e+01
2.488005734433237137e+01
2.530141433440109822e+01
2.497041334282153358e+01
2.496718930765387512e+01
