5.598903241048258650e-01
5.358624514437444475e-01
8.227878282138300081e-01
4.763078710969557150e-01
6.028712719769321327e-01
9.261430726799489976e-01
1.616124460199359181e+00
6.286739313130533802e-01
9.413910808621884785e-01
5.730959335153358314e-01
1.311828182354195738e+00
5.500271890173110689e-01
4.841899224322759321e-01
5.086610532942331675e-01
5.049410179199071980e-01
7.740621862661131170e-01
7.675677978387543954e-01
4.910004898516150407e-01
2.167670593380781607e+00
3.477813463687239315e-01
7.004393559631613142e-01
1.081681347149001882e+00
8.091258960500694597e-01
5.346546765970874304e-01
5.420138188628069731e-01
5.081838191804309846e-01
7.422559949432476767e-01
5.810348591911537186e-01
7.908260074643395088e-01
1.161623768536831358e+00
5.364888269002353605e-01
1.046547711383269075e+00
1.553303883848414335e+00
5.193432902881081059e-01
6.697915442420809828e-01
5.465898970262501599e-01
4.811274123163565841e-01
1.426672558079293163e+00
5.266503778875705200e-01
7.225595311698442824e-01
2.170227066582575137e+00
2.677758180267511889e+00
4.906274761819017782e-01
9.121197802872027527e-01
4.514229613871376667e-01
2.775311462647704008e+00
6.149741192826334579e-01
9.409786783549922706e-01
6.923962997256412066e-01
6.569617165852853491e-01
1.435707873768099274e+00
2.181101261029404270e+00
9.955391260380063168e-01
5.407357386004484345e-01
5.414467298791820760e-01
1.005674259016317906e+00
5.233359418806808883e-01
5.201469947908146096e-01
5.096684389251165959e-01
1.572656371520698038e+00
2.060434121538250452e+00
1.416087618674571891e+00
1.254727187036033920e+00
6.926396876637689326e-01
3.363383119059515369e+00
7.008495390815847603e-01
4.936653818931249216e-01
5.381999226401553704e-01
9.083069946067082734e-01
5.739109664976377312e-01
5.694272046349404981e+00
5.112327655005740601e-01
5.483667654011912251e-01
5.712536965506057607e-01
5.903729484398474447e-01
5.668912240154702076e-01
8.068215692268693173e-01
4.658207595602713580e-01
4.629801749706509817e+00
3.449499080624700564e+00
3.835482382703964799e+00
5.403399445777806731e-01
2.484857850929587109e+00
3.605905718035527840e+00
6.561552872513283230e-01
4.005171613747684489e-01
6.516258928339274670e-01
5.855433636160833899e-01
4.492572987868052592e-01
4.934523808629381336e-01
5.819856867869509509e-01
5.410245751983634444e-01
3.771105033949509799e+00
5.534769193850999081e-01
5.025461323180234752e-01
6.473916956431023939e-01
1.336667322825332516e+00
5.641999860876258932e-01
5.374152668316846126e-01
4.428333075678243524e-01
