6.178970466541073847e-01
5.288130860492745722e-01
5.948386470655711022e-01
5.525319572291291781e-01
5.184331069851526586e-01
2.215707857532713376e+00
6.529129238882688258e-01
6.213063160992835510e-01
7.415714536427172598e-01
5.561871587686484375e-01
5.465659345555758941e-01
5.769573114422753557e-01
4.482598425257022789e-01
2.706431766780915460e+00
5.425043963036046968e-01
6.145550953539752337e-01
4.912108076676601764e-01
7.200436978805609956e-01
5.511217584441219230e-01
2.329942248240587155e+00
6.540999345110138918e-01
1.321577187646282514e+00
6.011710562952707892e-01
5.606867184984045682e-01
5.144156666861046112e-01
4.248483102579270754e-01
5.436667178324890992e-01
4.815287057706302831e-01
9.354276043814626629e-01
5.523595616851011414e-01
6.245520486166962204e-01
6.561252774288822698e-01
4.386660923369639087e-01
4.978204414708984338e-01
5.125110907006958927e-01
4.934721143289660383e-01
5.584729993060084663e-01
5.910110659305637393e-01
4.427672358982657208e-01
6.225884612308172361e-01
3.649652093259521113e+00
1.083306275455414580e+00
1.115991673156763397e+00
4.400388034324673736e-01
7.014533150571066189e-01
8.048614193795594618e-01
6.204884058354057652e-01
4.664854018826934401e-01
1.026182617055092505e+00
5.803022789727948494e-01
5.356303517200395881e-01
5.857255858319089237e-01
6.626487634284978778e-01
5.073456028169799348e-01
5.526928929659192802e-01
5.007605972742712463e-01
4.789076858008822213e-01
4.966714259385472396e-01
6.797108963450933850e+00
5.496210102890369820e-01
5.696799281159722339e-01
6.115643584349842454e-01
1.709931351862766569e+00
5.578637728892305025e-01
1.656871234456616770e+00
5.576090014466986711e-01
4.707314555080244212e-01
4.497844377728269505e-01
9.672984463564170410e-01
4.890677629890075040e-01
4.996801749061133835e-01
5.295922735851745777e+00
1.101520151812705350e+00
1.043998268787470485e+00
5.352520576920099415e+00
4.867235441953375874e-01
2.428329956323052041e+00
6.596405634145007246e-01
5.640049276519542021e-01
5.886303646605590689e-01
7.098759290904741448e+00
5.802811560618809095e-01
1.193955993392894577e+01
4.881693076121237373e-01
1.331084918074891377e+00
5.007730822913848412e-01
4.356251455516464421e-01
5.641993925122003040e-01
9.514732999119749346e-01
4.280478416098986716e-01
5.658298893788545891e-01
4.782019563194845890e-01
5.060604582856288447e-01
4.643568074763413933e-01
1.666206288890636600e+00
5.966449013909342902e-01
5.208435739661132491e-01
6.116511923914220716e-01
1.045418913014147577e+00
4.919501861326704417e-01
