4.678467441051534226e-01
5.231402924596423309e-01
4.348140550097119861e-01
5.480857024739393957e-01
5.349864587280681594e-01
4.567198457588939609e-01
5.642024547179014249e-01
5.886985516908407323e-01
5.075621646844549195e-01
4.572338174683970857e-01
5.044571791444938391e-01
5.362578494249096162e-01
5.617810465759026650e-01
5.902934775548227542e-01
4.779353424240727621e-01
5.810815223096489346e-01
9.283003469684073528e-01
4.859789347056878706e-01
4.597180604994970943e-01
9.842274017311161138e-01
4.450445594108030090e-01
4.685999448876672635e-01
4.691767575132668178e-01
4.874869841800849035e-01
4.394515898650099839e-01
4.774699556716253679e-01
4.821374746801944111e-01
5.547034795599175006e-01
6.020792514826686093e-01
3.850056850138056097e-01
4.514308524895624952e-01
5.663383207088610316e-01
5.270935608862266086e-01
5.667010566341981193e-01
5.678957532893629256e-01
5.029112772289848765e-01
5.054143566936987186e-01
4.017723224831992734e-01
2.579611380614692973e+00
5.448724616418696431e-01
6.128874590287102242e-01
6.624629152333945115e-01
5.541190751253310953e-01
5.212030777745561005e-01
5.526383935961024507e-01
5.702348769242376880e-01
3.594110595185512125e+00
4.767420261386903224e-01
4.535342439758925370e-01
4.767436040232655992e-01
1.831479787455405273e+01
5.517623564721544360e-01
5.157306781727463152e-01
5.074651726660960316e-01
6.093484988458329754e-01
6.163443903053605899e-01
4.455699107467271380e-01
4.580509319430818294e-01
5.488928857408255091e-01
5.688290483568502198e-01
5.376066481120747031e-01
5.690636020366557357e-01
6.127403747627414576e-01
9.310404736255628588e-01
5.372724528921880571e-01
5.373957350204887629e-01
5.007656949224368326e-01
1.049223948413681828e+00
5.045483850265866099e-01
4.758176385729715463e-01
6.618185447330799942e-01
4.769510638486173515e-01
5.188529855201912122e-01
5.151964533365956944e-01
5.258991668312245071e-01
4.892045474166836772e-01
5.474250427036592148e-01
5.172965560151868702e-01
4.983779652229380908e-01
9.695165343748344267e-01
2.042647677896799685e+00
5.173953695856129409e-01
5.252753081476229102e-01
4.277133345514830820e-01
4.755093768165635226e-01
6.831511944678737569e-01
5.426415164576990913e-01
8.216239963935468849e-01
4.741967799097498437e-01
1.656703598750275841e+00
4.611063843643963267e-01
4.869530083859985869e-01
7.316440495379797904e-01
5.829239177159040164e-01
4.989951070751059703e-01
6.309710977337029680e-01
6.637342233370744360e-01
4.774057653253399591e-01
5.166932986725405463e-01
5.210019614620878814e-01
