4.976965765799282737e-01
5.034009355413012754e-01
5.255598897955721105e-01
4.944724851364150631e-01
4.947583975825111113e-01
4.688787802866456467e-01
4.906037853794014136e-01
5.164900741046415389e-01
4.458366740738293199e-01
5.107680654727604352e-01
5.303401132843152954e-01
5.882084506374103405e-01
4.368765424395815722e-01
4.959662401878985327e-01
5.616112300164608495e-01
5.132289171026880314e-01
4.265371583953626033e-01
5.951189671338388276e-01
5.572315474527463897e-01
4.402798339067588995e-01
6.010543877177791927e-01
4.618518048748690985e-01
5.694100565277424586e-01
4.843128173244921064e-01
5.413969599724625104e-01
5.220874603571595829e-01
5.535237245399576844e-01
5.643910547522135168e-01
5.077667115943862441e-01
4.178273055523987756e-01
4.599694299870960013e-01
4.933838929068293799e-01
5.538583534730622260e-01
4.753285892719312233e-01
4.980413591533580098e-01
5.271143705677113767e-01
4.795062838150728202e-01
5.148441163359621653e-01
4.777799589221303767e-01
4.923657531889642502e-01
5.783990317411228377e-01
5.269174853004789938e-01
5.541300574092330455e-01
5.450618591848654937e-01
4.834934311704823240e-01
4.393163896422563885e-01
4.336571085377117218e-01
4.999624900049573495e-01
4.766260790516714252e+00
4.410362323296602161e-01
5.070210230073737279e-01
4.080349825737919489e-01
5.268788223667874027e-01
4.795165089546071790e-01
4.570912630318085812e-01
5.324189118342581573e-01
5.583223235437845267e-01
5.244664933885987423e-01
5.226051359133497831e-01
4.731376707562144901e-01
5.845994051524714408e-01
4.375595958600836388e-01
4.967322668891882009e-01
5.548666713201013678e-01
5.183450743336769362e-01
5.247748665845051175e-01
4.313965735573448979e-01
4.752800571458091761e-01
5.065198142427509431e-01
4.133954375520929037e-01
4.555689540636407853e-01
5.555902354851979252e-01
4.292910681686478713e-01
4.644742191794665187e-01
4.550661298561202162e-01
5.760304000316041062e-01
4.987251144718322649e-01
4.902842491991809548e-01
5.046404813158102964e-01
5.380680887107085475e-01
4.246159803971373270e-01
5.272961481893863045e-01
5.755661887176052316e-01
1.321943201723227546e+00
4.583509619899267529e-01
4.010722437810719798e-01
5.074506257412613186e-01
5.144142929448491941e-01
4.724469056348813423e-01
4.156215813335423781e-01
4.884614402679731682e-01
5.509455765882609324e-01
5.489157092549139527e-01
4.529398964715256604e-01
5.276734934859397264e-01
4.874673208015528614e-01
4.657127995233308893e-01
5.807166620956157876e-01
5.354067693161397301e-01
5.495409719999155840e-01
