5.292028489164989358e-01
5.506708095503539679e-01
5.271640619294560848e-01
5.265369086206797000e-01
5.170373226270061906e-01
1.876917847788636573e+00
6.177541321263836371e-01
5.829407161564661433e-01
5.437057215411906785e-01
5.381978107159764990e-01
5.190938137671049502e-01
4.948026462533465786e-01
5.207143531201234854e-01
4.800642328567602535e-01
5.022875150436767466e-01
4.723135590204705081e-01
5.998615661258399623e-01
4.383645161250792066e-01
4.327870576644451406e-01
7.108927660854287289e-01
5.087702419340248694e-01
4.553587890212162925e-01
4.776334775476810957e-01
4.502654341206829280e-01
4.993889763575168339e-01
4.863982649738485819e-01
4.916921319916830457e-01
6.565892698156998719e-01
4.912329530674738876e-01
4.761063495101792720e-01
5.457867500893005541e-01
4.899332985498887627e-01
5.511058003738494859e-01
4.330263147691971737e-01
6.273483811557455381e-01
5.385943706467731795e-01
5.161055345531984084e-01
5.222382423032552179e-01
4.985440834124613141e-01
4.648721590381371116e-01
5.465078083511212270e-01
5.614441185345626639e-01
5.443847002316758443e-01
4.622217109894094511e-01
4.649556654579963255e-01
6.153208644355262491e-01
4.113623662792824098e-01
5.451328835552005092e-01
5.068637342534478840e-01
4.193711054809081684e-01
5.490308099300628131e-01
4.541046394170757394e-01
5.956725238454828597e-01
5.160865303819492933e-01
7.808687711793085295e-01
6.040158420861088118e-01
4.765299763594099125e-01
5.369410744379086164e-01
4.970752644184451285e-01
6.152001055249239903e-01
5.734087211734356648e-01
5.023367739038920865e-01
4.519957827907368775e-01
5.385474596251866863e-01
5.094780758942694110e-01
5.070461007803646059e-01
5.292875362752005319e-01
5.324983313718864020e-01
5.321098734388268747e-01
4.676760531646076968e-01
5.713949953079976440e-01
6.319608234729430229e+00
4.659517085785487844e-01
5.614229883713951486e-01
5.572052856654454711e-01
4.664846241413299621e-01
5.052916865021408466e-01
5.163107036382857951e-01
5.475217375335819092e-01
5.488272908877953604e-01
5.363329717930694907e-01
5.163807795510751975e-01
4.831035462312302520e-01
6.182733752342203459e+00
4.867011468719433243e-01
4.675543834833083556e-01
5.449013714279156151e-01
4.641834915439265186e-01
4.906891312621095014e-01
5.042958510501710512e-01
5.734089689919358301e-01
4.901127292199321528e-01
4.640309087255184983e-01
4.738984047299152347e-01
5.742013413894703211e-01
4.965270296220559154e-01
4.495095294592050261e-01
5.168567229901701587e-01
5.155640815780105912e-01
5.675966751624699214e-01
