6.055176367682901795e-01
4.599752154260468573e-01
4.419837259680894359e-01
5.005172160037918427e-01
5.488435407406160316e-01
4.845891684273871403e-01
4.827092044353296085e-01
4.512772610933633022e-01
5.197405344498219337e-01
4.894422731056861653e-01
5.256012603415352036e-01
4.701695190796962853e-01
4.352832687372528153e-01
5.077592923640961153e-01
5.606568547410614167e-01
5.421439129556575587e-01
6.281615903513309007e-01
4.807506722555437428e-01
5.166868544467054791e-01
5.690005406806583066e-01
4.674521350327673908e-01
4.649132001724606278e-01
5.545007534633401569e-01
4.801848399785129118e-01
4.323089054363708494e-01
5.535947767948169451e-01
3.761810768786389425e-01
4.754188884099211365e-01
5.610654718551877362e-01
4.259486422415306173e-01
6.180631723952307865e-01
4.779893176928010634e-01
5.192516494331100851e-01
4.871180388814976281e-01
5.006554075722779995e-01
5.174133571967591827e-01
3.854403374376537683e-01
4.500945281039917534e-01
5.425654108353575866e-01
4.958038311640253770e-01
4.662114141450409144e-01
6.196191157663770710e-01
5.193806692798814684e-01
5.181909410924645520e-01
5.322904508909457322e-01
4.976215753226458927e-01
4.477655132089097267e-01
4.789047469128031587e-01
5.568301920479049594e-01
5.690963052249146115e-01
4.291356410069841476e-01
4.966297238659686530e-01
5.075743154796054091e-01
4.454293592979821081e-01
4.783653625561462008e-01
4.748129881849258438e-01
5.401581118771153767e-01
4.471106803705707788e-01
5.295902033367615447e-01
5.450109492183339288e-01
5.410969920009411904e-01
4.628269171640245760e-01
4.888212224420653285e-01
5.311522262334916755e-01
5.212238221606895205e-01
5.783386766717676375e-01
5.320650667773246800e-01
4.414065769757838931e-01
5.685093791741679947e-01
4.973843095575602447e-01
4.882620549895929085e-01
6.393113954939261268e-01
4.702140196329370192e-01
4.690089901026407437e-01
4.810625220507471211e-01
4.249460425413129627e-01
4.856882797343450298e-01
5.015047909179017882e-01
4.226567259031123180e-01
5.274120771665486984e-01
4.644009472720779241e-01
5.712082689392097290e-01
4.658832840312541745e-01
5.370092862814201951e-01
4.926380285983297802e-01
6.555194615893467081e-01
4.261921018839491815e-01
4.950300853165995330e-01
4.665662312864469197e-01
5.692837874365660467e-01
5.308666752777349007e-01
5.703457319796115810e-01
4.900747264982753815e-01
4.767349259415799012e-01
4.881955712624793109e-01
4.319937482778095639e-01
4.682473001124886069e-01
4.280040390498661140e-01
5.360750774677301989e-01
5.516406806747250480e-01
