4.896711375884931772e-01
5.326120331122564666e-01
4.754581620901702776e-01
4.471011363918442783e+00
4.460157246316287516e-01
5.031194256216203753e-01
4.734848481656165897e-01
5.090097251649388088e-01
6.100685363108298009e-01
5.252987658283810868e-01
5.304334789839657560e-01
5.613990918890650050e-01
4.954714455468988143e-01
5.337533328455861259e-01
5.915714128324216503e-01
5.974366890684836839e-01
5.032319169999778241e-01
5.877176934144505704e-01
5.424663630889756671e-01
5.288132413878628979e-01
5.208386464967554863e-01
5.629695914470280727e-01
4.596112653360263645e-01
5.669908471156573926e-01
4.997831666308439336e-01
5.188007663596347907e-01
1.113534368870481961e+00
5.282258286371199762e-01
4.387811431705268550e-01
5.285644488925032025e-01
5.795995934665878480e-01
5.626052158618337629e-01
4.746911738087479793e-01
5.066700138241160278e-01
4.458371512123798230e-01
4.504214796443676283e-01
5.422189931865345480e-01
5.606383699620738348e-01
4.791495062869390864e-01
3.808907071623488516e-01
5.177807611162471568e-01
5.559907112871386170e-01
4.983173854199565156e-01
4.801844042613856445e-01
4.538146813243247313e-01
4.266404724214984956e-01
5.579996685570067783e-01
5.018962785220461020e-01
5.351609980409111067e-01
4.538068524476030485e-01
5.824823894232113997e-01
4.590399917109950767e-01
5.097435867233003348e-01
4.910770635472468948e-01
5.291803762789519805e-01
6.222077952633296993e-01
5.253570424457304489e-01
5.240479082547232492e-01
4.986897340002848789e-01
4.505536739216021713e-01
4.853242941005708744e-01
4.598674260183852613e-01
5.011239264178906083e-01
5.743763153141219213e-01
6.149958192847833072e-01
4.692555402796854680e-01
5.946722312269808741e-01
5.000871508141407906e-01
4.908766195286750067e-01
8.388528681289403321e-01
4.423563065079125778e-01
5.226364634411103660e-01
5.870696823946016663e-01
6.079039265871825082e-01
5.935219604953604344e-01
5.524084080355591286e-01
5.643198968626933487e-01
4.685874060519801265e-01
5.582189313808886277e-01
5.024203034817579239e-01
9.439507605252096534e-01
7.190634607312565763e+00
5.276707078467106626e-01
5.372019502100859878e-01
5.177424062589933706e-01
4.144609358148690914e-01
4.961904901839074844e-01
5.371182277726024301e-01
4.757332878276068211e-01
5.023702248331728404e-01
5.088577155767529669e-01
5.090528656570802113e+00
5.733548507942169969e-01
4.887331810950982236e-01
4.993233573456478669e-01
4.734326560111992155e-01
6.117126286952335734e-01
4.569221764636093308e-01
5.601661355096800854e-01
6.420978777749306587e-01
