5.012341058664451232e-01
4.879044731172715310e-01
4.667040993216305944e-01
5.210384285131890447e-01
5.524653444907164923e-01
4.963226510276530501e-01
5.032246748136419701e-01
5.712895777109453510e-01
5.411646845273774264e-01
4.985893489234975995e-01
4.512134788932371521e-01
5.332557597206575295e-01
5.266467084859441927e-01
4.739439118916559113e-01
5.047824228059639706e-01
4.994821283247185550e-01
4.178060950692122910e-01
5.417532730327274670e-01
4.636327122463194672e-01
5.016898362601224237e-01
5.105920484041447382e-01
5.847813267325099318e-01
5.257549752212710148e-01
5.534710917024241450e-01
5.435643917835529804e-01
4.512681576418478557e-01
5.103876157824126514e-01
5.673803357327205088e-01
5.411646120268615023e-01
5.308759752154862399e-01
5.347407327431855650e-01
5.326838144515937401e-01
4.451229060139438309e-01
5.278344767777177760e-01
4.965042938749991142e-01
5.777918497076294235e-01
4.902406775137907458e-01
5.579714941753655122e-01
5.494323695688873022e-01
5.709142561897989632e-01
4.975816607158464744e-01
4.869662436282495288e-01
4.969714050293402852e-01
5.344029280222851730e-01
6.083390343600356687e-01
4.906077577628487618e-01
5.488618330027527081e-01
5.569991874736162085e-01
5.362200740787140818e-01
4.985951614229484630e-01
4.963885575773113734e-01
4.248791274137173057e-01
4.646557604175753364e-01
5.410376425169435288e-01
4.907837470268846536e-01
5.436295497224875595e-01
5.518481834688733212e-01
5.376614124310963305e-01
4.801784140326774142e-01
4.822903048799133674e-01
4.648515819682311756e-01
5.142267393371221518e-01
5.130644522615140923e-01
7.772515619917483853e-01
4.914497005060658452e-01
4.255277048200427070e-01
4.978491293947986396e-01
4.457385527943711345e-01
4.921925282043776440e-01
5.400246667005392798e-01
4.944478555654909790e-01
5.359083529216117636e-01
5.176010323120243672e-01
5.630791689601346572e-01
4.887278412049834153e-01
4.891350704038212038e-01
5.384325019639701893e-01
4.707004859906976368e-01
4.629854821664747822e-01
5.405532725146318107e-01
5.047832797738298627e-01
5.032213370669065267e-01
5.145729461866875853e-01
4.872787503972187961e-01
4.972591337206389017e-01
4.930649725439961717e-01
4.894420055074682474e-01
5.189214412652820574e-01
4.817784539101134245e-01
4.153070765909214201e-01
5.051880057893534115e-01
5.082338586835691840e-01
4.399928183162519768e-01
4.754691329866642113e-01
5.666817482867680944e-01
5.636189015000858671e-01
4.610987298930803724e-01
5.888231889479038639e-01
4.463233398314389033e-01
4.401317932764952090e-01
