5.492260223715216272e-01
4.747465918439860988e-01
5.219210587139173629e-01
5.456096498797676775e-01
5.309261763124540900e-01
5.964286431547531908e-01
4.858227893029354871e-01
3.961361992558013467e-01
5.108637764568996209e-01
4.745796475442782270e-01
5.530564464475825615e-01
4.801776895665889611e-01
4.611434502567557381e-01
5.116005448379437048e-01
5.604959790955931220e-01
5.345233639195584585e-01
5.599830292212538696e-01
5.652215254280271717e-01
5.636977474208013650e-01
5.275379564833073687e-01
5.429733662821882856e-01
5.189966983210617668e-01
5.915740753108654770e-01
4.683663461082484547e-01
5.375929694436567541e-01
4.887761231524652694e-01
4.903740256612418302e-01
5.772806732459967449e-01
5.022420546094725768e-01
4.462478775208380544e-01
5.238160212274608485e-01
5.024031480395045879e-01
4.594622004532317727e-01
5.611443626799955675e-01
4.824028809807690554e-01
5.717247118233369507e-01
4.471997014858333785e-01
5.396358341554614579e-01
5.461243230969589080e-01
5.347029596274538443e-01
5.605151903709686412e-01
5.425594878198682913e-01
5.257845327572369110e-01
4.953853656266360983e-01
6.080675523600387322e-01
5.233885372919139245e-01
5.061267394030385391e-01
4.555060715241685543e-01
4.103153736931645645e-01
4.467590013764502488e-01
4.835232870982125730e-01
5.098059703796307129e-01
5.618039970777972680e-01
4.758794260657425168e-01
4.977229696593783448e-01
4.701185478402064577e-01
5.090371675690369413e-01
4.893989383071533639e-01
4.952137457641723195e-01
4.768990389178327516e-01
4.334210856014945601e-01
4.420095064188137579e-01
5.607632419273249624e-01
5.104282094295184979e-01
4.820888096867393946e-01
5.358522794389360966e-01
4.217112023731923731e-01
5.511082696406621739e-01
4.983445261508256952e-01
5.668461993267905896e-01
5.376493470990277856e-01
5.264693331625922568e-01
4.412928483713537409e-01
5.176010920616734845e-01
5.064289683638211192e-01
4.994681969448527270e-01
4.590064674082201535e-01
5.267438365663997812e-01
4.866873688698698519e-01
5.789911070199317278e-01
4.786319674641371091e-01
5.076485277102662508e-01
5.511849253449216945e-01
4.851036641081877265e-01
4.728547702961051202e-01
5.383798636750507516e-01
4.284820166791271645e-01
4.532839860237474205e-01
4.320848662227295134e-01
5.346141963655151041e-01
4.493385392989198146e-01
5.206636485007800630e-01
5.344769532695641256e-01
4.774533275234422169e-01
4.591264639268586856e-01
5.514032979308124416e-01
4.864391551154783055e-01
5.214171899336762506e-01
5.187710032812689054e-01
4.220092011328687720e-01
