5.629780355948100778e-01
4.785971959467729131e-01
4.932374875661652558e-01
5.189412611945168896e-01
5.646835176794080535e-01
4.606609908991113334e-01
5.561379100406392828e-01
5.369707960434543237e-01
4.321935163344016728e-01
5.169835950108288003e-01
5.116359309603423222e-01
4.984387081249943008e-01
4.945295666171311000e-01
5.652269589923568649e-01
5.305203802319495843e-01
4.939556888916834532e-01
5.699597624278399666e-01
4.258045583795049271e-01
5.285038813119182777e-01
4.946916393361308617e-01
5.266271413095310328e-01
4.596570965384944585e-01
5.105376558105287899e-01
5.839412996718281734e-01
5.040736300403547698e-01
4.934203903314489104e-01
4.915931724473631137e-01
4.714842716263830114e-01
5.597295235116654943e-01
5.469324631019082394e-01
4.826282210871889466e-01
5.300995155792666003e-01
4.889718242916619717e-01
5.770419134369559888e-01
5.352488723334760667e-01
4.963289070607039277e-01
5.711806289320882080e-01
6.008078726387398039e-01
4.579765423808251912e-01
5.063620512136807195e-01
5.501335913755929230e-01
5.301740928527112207e-01
4.990599795316941201e-01
4.824411111275134778e-01
6.050862390706515104e-01
4.934663648884647369e-01
5.259636332035472206e-01
5.344086597249170234e-01
5.141763147580578064e-01
4.860442206118971709e-01
4.168272308811072913e-01
5.881312204424888890e-01
5.330902666971758519e-01
4.884332234452853361e-01
5.362886298442162136e-01
5.821540447336045476e-01
5.397426552517514686e-01
4.334714082340582753e-01
5.839692806006343551e-01
5.072587241521585577e-01
4.378927695860223013e-01
5.234002078365893595e-01
4.677152560792076641e-01
4.798472037051745853e-01
4.962354448006658925e-01
4.592243993225592069e-01
5.243795462613524139e-01
4.939077789564086385e-01
5.426636869890577586e-01
5.067282180815760873e-01
5.551141265861752050e-01
5.212786235074164942e-01
4.346271050895230692e-01
5.674540813305499753e-01
5.721813870079561770e-01
5.742820213977795074e-01
5.034477991676565845e-01
5.126008286936456493e-01
5.416924452139624258e-01
5.245003954782669897e-01
5.138239672189118812e-01
5.367294265949531518e-01
4.056665281296591985e-01
5.911762950030401420e-01
4.154631389635507488e-01
4.760185646284517125e-01
4.796124117835793843e-01
5.690827632459025676e-01
4.629558378987659317e-01
5.206043759779540592e-01
6.073121187837645651e-01
5.523914474817906983e-01
5.483451375961295726e-01
5.171906168587501185e-01
5.433763447217722087e-01
4.699239384554019239e-01
4.789580050295464408e-01
5.952642753950260213e-01
4.439759285015051904e-01
4.987395248480648857e-01
