5.485525635061447858e-01
4.861600208091615971e-01
5.320956630687827538e-01
5.377537753887112748e-01
5.037536754702500730e-01
4.117168294520660021e-01
4.603690796801258589e-01
5.103344971913345018e-01
4.561373364497505745e-01
5.526293142574013606e-01
5.370084343109231551e-01
5.086035326324651606e-01
5.286667547480061735e-01
5.223430656559996388e-01
4.736889283793301320e-01
4.864098345261651524e-01
5.173022616319574718e-01
4.880901563478254879e-01
5.657443931246147750e-01
5.623079441295507630e-01
4.728675634456586119e-01
5.375904260607748952e-01
4.898362879573112671e-01
4.183137918221720430e-01
4.930535484773361787e-01
4.589506473891009075e-01
5.008454030645030919e-01
5.177620090776748896e-01
5.071190376434728808e-01
5.431613775576629166e-01
5.279017610454157516e-01
5.692277705230109897e-01
4.938868898089170401e-01
4.893025461744649474e-01
5.564264959670222055e-01
4.933502359865922782e-01
4.770270151422917326e-01
4.597605624523557477e-01
5.490894274731207281e-01
6.076106205167799423e-01
4.627965334705831935e-01
5.706491543262652844e-01
5.015169605446747614e-01
4.190492807107899509e-01
5.428695590760156398e-01
4.073514337472530777e-01
4.960605944190486505e-01
5.443285323780076013e-01
4.538030093062302983e-01
5.955993676311115426e-01
5.285606755188454464e-01
5.725200953570754869e-01
3.988502687517954670e-01
5.283185206745704132e-01
5.256852380718500806e-01
5.340613888237397688e-01
4.521860399542610987e-01
4.592009723096330265e-01
4.551666179109343791e-01
5.058820040733618129e-01
5.112074866445407428e-01
5.079952146775738031e-01
5.144260985562763011e-01
4.348719072696708432e-01
4.596727216462758725e-01
5.754857317943754547e-01
4.123005246545090596e-01
4.879131200248157385e-01
4.422119227842889466e-01
5.426516291585845586e-01
5.074773517968010905e-01
5.501395295095961036e-01
5.159666797046659203e-01
5.051080602356690097e-01
5.120724980550923622e-01
4.550488875676454437e-01
5.811719802831006865e-01
4.500941635605391622e-01
4.710791417438875417e-01
4.472161831147308808e-01
5.525372959550504115e-01
5.231458439073924938e-01
4.717970504564631407e-01
5.120371863616695052e-01
5.880273128510508096e-01
5.518173207644143652e-01
4.984245598914728292e-01
4.371187694269434432e-01
5.023892664744905590e-01
5.270478228378377983e-01
4.804705396878939938e-01
4.903591162739008857e-01
5.478562737334359278e-01
5.049823887175068915e-01
5.386152860068317283e-01
4.039981302829978027e-01
5.615825478536184967e-01
5.020652621094857659e-01
4.513360635369690899e-01
4.477776705811901681e-01
