4.962910780266053812e-01
2.808481602296167612e+00
5.245551573749680507e-01
5.737544455893721640e-01
4.306188149613677241e-01
5.153779948144306955e-01
4.762013380707827426e-01
4.739034342411268530e-01
5.970689968302425044e-01
4.351943634343922729e-01
5.656689462934837431e-01
4.794293868920982971e-01
4.506213946069254628e-01
5.127157094982930374e-01
5.805992243250468476e-01
4.485262017456386197e-01
5.369578616168000362e-01
4.667322307311060903e-01
4.922617430537070127e-01
4.858467815454564631e-01
5.244447322768146513e-01
4.485425923696959027e-01
5.980240045582212449e-01
5.296307064214625937e-01
4.769456922310749136e-01
4.643619090794017246e-01
4.659970955902437706e-01
4.220289711041786962e-01
4.251311575643523799e-01
4.273306124990178811e-01
5.354831699970452608e-01
4.576853859700394378e-01
4.241028908043615875e-01
5.215568211319858705e-01
5.114537508123252474e-01
7.641100683840404972e-01
5.344543494787584725e-01
5.823636540455292554e-01
5.270762883606210369e-01
5.678749072249529295e-01
4.472127709772220072e-01
4.966049202586057532e-01
4.228604746356760535e-01
5.062638770427708712e-01
5.273209756134117354e-01
5.319771708397099674e-01
5.784317948007463572e-01
4.392503872560412082e-01
4.495535813251081425e-01
5.657877028260051011e-01
5.465871980775625083e-01
5.592149615441758259e-01
4.793123534291277577e-01
4.237031131721782917e-01
5.300912988726332875e-01
5.613373102956374927e-01
4.851479297339467700e-01
4.647531342168538249e-01
4.882087701634587606e-01
4.754146864666167205e-01
4.665720859171224588e-01
4.790703678674558819e-01
5.230401227512395668e-01
5.151464585696470255e-01
5.062141832880215908e-01
5.190461291462665772e-01
4.948624531873151988e-01
4.991053832112845035e-01
5.005715616648260813e-01
4.896626085001211104e-01
5.040940504749226170e-01
4.853736893669502450e-01
4.389217590124330770e-01
4.800040226082430417e-01
4.757493454245683706e-01
5.668763107613512542e-01
5.383693614462237154e-01
4.893496507034094667e-01
4.617391196711776447e-01
5.059675416231558254e-01
5.280725900365088599e-01
5.155457388708829525e-01
5.418892059481205115e-01
4.276851279311149057e-01
4.968473687432733987e-01
4.849035561317563969e-01
4.515566553789380211e-01
4.646835581083657574e-01
5.121715367366914684e-01
4.741796766567472621e-01
5.392724308326585225e-01
5.378817558291806300e-01
5.264938952862189270e-01
4.752854162477251898e-01
4.510307691871486835e-01
5.738164767085615070e-01
5.107422630790731111e-01
5.633921610717449457e-01
5.354027848043687587e-01
5.038779166228255502e-01
