5.305689024870056114e-01
5.547631730692436092e-01
5.212862603939959483e-01
6.420195149629679410e-01
4.791077601166415234e-01
4.792859555938861482e-01
5.523866515718339754e-01
5.808901501775247667e-01
5.493914255956343640e-01
5.419700279846304536e-01
5.674294673347402007e-01
5.784711565547878687e-01
4.765124588251213322e-01
5.723604145175414937e-01
4.720112814847990945e-01
5.240632127366680049e-01
5.553590192869155562e-01
5.824588712140317259e-01
5.090265948939517449e-01
5.433714551909587520e-01
4.839740906731984649e-01
6.015505639235535496e-01
5.325254943268339369e-01
6.264416133695664968e-01
4.272677615298159370e-01
4.602431559665820515e-01
5.068493261810107509e-01
4.249262721683773614e-01
4.793134033233780178e-01
5.416323973950474269e-01
5.372218355941438261e-01
4.643308126448696949e-01
5.444371711049397211e-01
5.052264552826500887e-01
5.333122155761758076e-01
5.153073590455241604e-01
5.230884655030350050e-01
5.083664485081227369e-01
5.029061134211528783e-01
5.415377480972054514e-01
4.788533599628180815e-01
5.283287597847566852e-01
5.912929623912461796e-01
4.782092340540592956e-01
5.067910011230991607e-01
5.524908643999283386e-01
5.493671796532059171e-01
4.447943835783718658e-01
5.441399850038242114e-01
4.775535826856778798e-01
5.339340175581809289e-01
5.369917384615334743e-01
4.676283837306519642e-01
5.357016428021449395e-01
5.013201871964676481e-01
4.485049707858326795e-01
4.376761582729501443e-01
4.965089233803025026e-01
4.878520335818064546e-01
4.261702471177381546e-01
5.118692891253829869e-01
5.715468440093582903e-01
5.721832271853789509e-01
5.703345796773992005e-01
4.987419717491594628e-01
5.416885446552608396e-01
5.170410669773847223e-01
5.200736615087494519e-01
5.125011099017763305e-01
4.471073047072570694e-01
5.563264962920086987e-01
5.272523538482890570e-01
5.052341327493555800e-01
4.716433551951128567e-01
4.789088097067770722e-01
5.586717061955229768e-01
4.941603690392644688e-01
5.313282541878123766e-01
5.469955980079346247e-01
5.292864027964093721e-01
6.008367083075185633e-01
4.774213556937784153e-01
3.973528607843491156e-01
4.995618153321046417e-01
5.472366400899633110e-01
4.216930992237570841e-01
5.124152449406362830e-01
4.904300194578293803e-01
4.731528108925731613e-01
4.872516596781217846e-01
5.068921756312970706e-01
5.030533630881790508e-01
5.179147692751479015e-01
4.724897135040152518e-01
5.453884581520618280e-01
4.939435278300340348e-01
5.279229088925661006e-01
3.713170952705819872e-01
5.175703218179792398e-01
5.087461885600620404e-01
