4.831779405322599863e-01
4.887661581786253429e-01
5.612463135770299205e-01
5.212884173478791183e-01
4.765868900429913180e-01
5.554004039673926529e-01
5.364449380067326523e-01
4.817226396862624993e-01
4.606471113196480283e-01
4.692598882897022206e-01
4.629367041735547583e-01
4.577553806595335284e-01
5.499934493752824949e-01
4.612650373657947167e-01
5.370262369620101284e-01
4.837903107900366484e-01
4.826605945338581782e-01
5.519569984681665931e-01
5.091057751063254866e-01
5.392979422586157146e-01
5.512500956702747201e-01
4.296429162518358713e-01
5.504749371534538582e-01
5.562806193524968412e-01
5.868007584599601589e-01
5.564327404117899167e-01
4.485117955431920378e-01
5.363649977612984232e-01
4.873188543852376986e-01
4.816033645446276545e-01
4.972221620055374824e-01
4.647844183088638559e-01
5.279026026096786950e-01
5.031746016436173807e-01
5.046826159593414962e-01
5.337747007215685180e-01
5.022732357513565171e-01
4.296732287077926760e-01
5.000777464182255549e-01
4.080591654171290550e-01
4.909613953377880979e-01
4.937714813097207611e-01
5.564661144227445178e-01
4.870797095957822287e-01
4.552081402633847973e-01
5.164366235744451972e-01
4.664887513519468953e-01
5.569033771843018288e-01
4.907919735374278725e-01
5.142100840695065234e-01
6.157698984899373507e-01
4.759988129979444427e-01
4.552770580181428328e-01
5.127319067198869984e-01
5.624762958407164559e-01
5.875728390423708980e-01
5.178118097534111230e-01
5.056163978371184253e-01
5.500745940148988877e-01
4.993366135647003823e-01
4.752166149270110607e-01
5.561882226634280446e-01
5.135315255420237479e-01
5.792531041406526748e-01
5.687490772460920274e-01
4.644103980823749422e-01
5.721888184023072865e-01
4.713913828496408831e-01
3.941461242763212303e-01
4.763025426009427354e-01
4.969339346649842004e-01
4.455866254290947182e-01
6.690813348960232831e-01
4.891906789113175114e-01
5.242278358598840837e-01
4.537406189979815707e-01
4.723309176039863777e-01
5.573682670339804579e-01
5.127184292427157120e-01
5.884022017518820702e-01
5.124847592253801709e-01
4.502459793296449964e-01
4.961251173115598934e-01
5.097052731274056558e-01
4.713155033430015961e-01
5.242035247884180293e-01
4.481625377534640964e-01
4.715966364243875386e-01
4.816413627799925323e-01
5.168442271070615712e-01
5.339246189851544200e-01
5.570810826422940565e-01
4.860192682669031150e-01
4.730263388792175228e-01
5.860469246280187727e-01
4.656017549942608191e-01
5.122516184403380635e-01
4.942990844803303307e-01
4.589968937075997180e-01
4.816151340229563038e-01
