2.680196923397145170e+01
2.675792643540885507e+01
2.694934678855894106e+01
2.789554633220287272e+01
2.759229851339803119e+01
2.722016452263137865e+01
2.637964224837561744e+01
2.701051705644637835e+01
2.710902611610191215e+01
2.683035377402051935e+01
2.708634824067253177e+01
2.699579049201378567e+01
2.695552372273562369e+01
2.697897443429877029e+01
2.707360482471910856e+01
2.723314281846785789e+01
2.705695600392044753e+01
2.617352505571133392e+01
2.624797715232120510e+01
2.725378702287653354e+01
2.704102470738094866e+01
2.629815346850871904e+01
2.718523522736182940e+01
2.665980482779593430e+01
2.700043360843370621e+01
2.774430247837102215e+01
2.698911320041499806e+01
2.678540261019588797e+01
2.628915883430652656e+01
2.709741087604551524e+01
2.686800532053151258e+01
2.683504444473835449e+01
2.665081403873773525e+01
2.824744801307430819e+01
2.695517233814744884e+01
2.679369251972638466e+01
2.656045922556851835e+01
2.676419842937708893e+01
2.651540829867634841e+01
2.709670229311714351e+01
2.618099494580795294e+01
2.705203689030231828e+01
2.666350906164069201e+01
2.668650461324326884e+01
2.767762242536933925e+01
2.657323906056954499e+01
2.709175858257700042e+01
2.713397873055002307e+01
2.757613752806118512e+01
2.657882147664537342e+01
2.728964666823873131e+01
2.662402757975872802e+01
2.670200845072712781e+01
2.631966407602879343e+01
2.669229909143782820e+01
2.660460876221914361e+01
2.640990617224809967e+01
2.608773836211608810e+01
2.721545287493567855e+01
2.752569154489389902e+01
2.714753003730909953e+01
2.832554616050441609e+01
2.675389504550389219e+01
2.773172513320808008e+01
2.655069159814870972e+01
2.620638008660501583e+01
2.764522072755931958e+01
2.705733698691219402e+01
2.709094693053537739e+01
2.633184521062573680e+01
2.651674861775955350e+01
2.625688064635173191e+01
2.697986915088378979e+01
2.683855460646559976e+01
2.703397502319450396e+01
2.673340363869939651e+01
2.768497667609033286e+01
2.668753838836683556e+01
2.667654449394449401e+01
2.761963783279231777e+01
2.650450256342814725e+01
2.703436195616788140e+01
2.798499308368680971e+01
2.765820126013131031e+01
2.779833573034495586e+01
2.779442572144163393e+01
2.757290842937106135e+01
2.679488349478535625e+01
2.770332788025257997e+01
2.752448031189585009e+01
2.660197581943648615e+01
2.770988292151428922e+01
2.676453630684174101e+01
2.710354337164098837e+01
2.749604054787248231e+01
2.606148546932128340e+01
2.696722951601144658e+01
2.632157409452426933e+01
2.686397655734446133e+01
2.664004141299763617e+01
