4.497027931624686392e-01
4.451443948952106822e-01
4.818567489352144628e-01
5.027865032856539962e-01
4.500151528580781379e-01
4.766360392525303968e-01
4.237600996788328245e-01
5.029291587346572667e-01
4.939901965036763709e-01
5.062886154233543490e-01
5.097746524136738122e-01
5.330823396268382641e-01
5.233324517092217132e-01
4.273698363110454146e-01
5.546833679635851944e-01
5.130327029368335623e-01
5.448436952355917295e-01
4.774697671053417802e-01
5.314047778375455833e-01
4.772432048529654525e-01
6.200289432287656721e-01
5.444421523308664579e-01
5.272644220512804347e-01
4.416434077539118097e-01
5.713590827663780347e-01
5.630145128362030738e-01
5.062047792469784868e-01
4.077676351967944313e-01
4.793958901953805363e-01
4.321333145068665949e-01
5.024005879023130117e-01
4.669229487523538502e-01
5.637533502956433296e-01
5.394037033062920594e-01
4.772136654728472704e-01
5.241719405169551482e-01
5.087490622206047863e-01
4.957776658953731985e-01
5.521456435510514460e-01
4.822046578877705048e-01
4.923704890690558389e-01
4.924853707126532476e-01
4.590579329025826771e-01
5.660712239580691918e-01
5.481599222402016025e-01
5.003124586565091958e-01
6.062303236261141759e-01
4.699339805715249674e-01
5.195882230891580855e-01
4.562805430867859502e-01
4.297120764206647237e-01
4.747657590415585993e-01
4.293795506107741522e-01
4.986866308801298220e-01
4.917728305105289466e-01
5.358138217268791914e-01
4.733505076275523193e-01
5.334399946146833882e-01
5.528509723876560145e-01
5.255110085780813067e-01
4.679375503638924516e-01
5.028223312482539287e-01
4.984350316018729687e-01
4.859657936904839826e-01
4.830847639228466606e-01
5.474900780001761280e-01
4.997535787695675524e-01
4.496806750104078154e-01
4.641379122305293037e-01
4.680044601228903756e-01
5.578931851258953634e-01
5.445972833698797810e-01
4.445388389357979309e-01
5.846490599968889867e-01
4.840858353303659212e-01
4.845249810318218442e-01
5.205262951305156260e-01
4.830275882865501802e-01
5.332070943659388274e-01
5.144912574095111824e-01
5.869222055052945031e-01
5.399738988883873159e-01
4.850910551499282852e-01
5.165189988904662632e-01
5.294257754769210456e-01
4.762385802618687713e-01
5.504340769788155230e-01
5.397469585551072369e-01
5.025265159264360459e-01
5.725689813262045957e-01
5.839668546617522438e-01
5.223953084219814524e-01
4.708532437443513352e-01
4.993796999386707069e-01
6.122068577494441666e-01
4.923244794959980575e-01
4.894331043939342818e-01
4.631115556705768799e-01
5.521295927518474755e-01
4.835191275002270195e-01
