4.874668061367302685e-01
5.235966034637424826e-01
5.194249194327589247e-01
4.761900554306701672e-01
5.762426217009199991e-01
4.749787483570613866e-01
5.054413143041022183e-01
5.619802509629273635e-01
5.054818604006579008e-01
4.671218613103402251e-01
4.880944853378700876e-01
5.403101281298285929e-01
4.880883956060637630e-01
5.221162531198534351e-01
5.930631000494043237e-01
4.537235395547143946e-01
5.778811216959591768e-01
5.126178095166671334e-01
4.807220475912947211e-01
5.053603897978021786e-01
5.275492200197701154e-01
5.253865747002021136e-01
5.085637710593036154e-01
5.216179620994423338e-01
4.544192504129513921e-01
5.781970392940125603e-01
5.186544070686939234e-01
5.807910044756714463e-01
4.914756513978204566e-01
4.533226616404039677e-01
5.112227667560316213e-01
5.328123106697754130e-01
5.010265146341269515e-01
5.276010503346560965e-01
5.439279687449409817e-01
4.928455257033499404e-01
4.502658792831487067e-01
5.212397551009549934e-01
4.392165398998298387e-01
5.200957907854089068e-01
5.389505458476666622e-01
4.333862103312555725e-01
5.297576820436423750e-01
5.518787306601201648e-01
4.022563022803982147e-01
5.978640108896198235e-01
5.254156402154046557e-01
4.981380984933682643e-01
4.572879908238051683e-01
4.417993509881235070e-01
5.084747840289292053e-01
4.543109262314690699e-01
5.572142592524244042e-01
5.065579815563462374e-01
5.002954126204082197e-01
5.013178949367230741e-01
5.438224334304481156e-01
4.869135955220489920e-01
4.962618337577728300e-01
5.451289996883320610e-01
5.834145433160543570e-01
5.507743933221763699e-01
5.458721026164666812e-01
4.959766004017869268e-01
5.287711241335955048e-01
4.228265261264044783e-01
4.635598893555153976e-01
4.586830561014359486e-01
4.909003445703174484e-01
4.645989924084325540e-01
4.146874148365552459e-01
5.867476849130085492e-01
5.116349863471955084e-01
5.639435607151382923e-01
4.113071320686939036e-01
5.565999639528136367e-01
4.896198560866278360e-01
4.976744352946094185e-01
4.638025232542209997e-01
4.875314417153265856e-01
5.254727392823886900e-01
4.829997293535265301e-01
4.833584934190790494e-01
5.325026906211254296e-01
5.375705381976739750e-01
4.986287693045202696e-01
4.850356528784187105e-01
5.294252955127753957e-01
4.677974693967006381e-01
5.529919084155650033e-01
4.284392839084947280e-01
5.497146843012417072e-01
4.959553306362218250e-01
4.969985255421885961e-01
4.729342063828577691e-01
4.492769381181378474e-01
4.715069283874082084e-01
4.670168200835669303e-01
5.127921208737172831e-01
5.371672083639400519e-01
