4.664906539556932241e-01
5.131936908268356357e-01
5.721294730161754494e-01
5.933039465419470693e-01
4.761360430271197597e-01
5.118449335811453560e-01
4.566057094810736516e-01
5.359288779082609366e-01
4.172760107209776970e-01
4.531922950607339406e-01
4.803687912429744356e-01
4.984488082564359490e-01
4.410853039398014430e-01
5.329212167532655364e-01
4.805863282932902325e-01
4.622511216934205303e-01
4.402614870205931452e-01
5.367360671313666787e-01
4.917877390639099344e-01
4.972312422457390579e-01
5.231568094553868953e-01
4.368274636929593280e-01
5.100789336574763633e-01
5.440972172958837838e-01
5.015660948618096970e-01
4.893202367268154607e-01
4.871252926144304940e-01
4.958606715321813296e-01
4.770512181128690465e-01
5.282247707401169778e-01
5.093561912739285047e-01
5.465711026077770818e-01
5.658659966620765980e-01
5.126612807427211038e-01
5.232690911734532158e-01
5.565187121212746835e-01
5.322818709131723613e-01
6.392748653084091570e-01
4.553296386316465494e-01
4.865177620322579388e-01
4.880895808817263815e-01
6.243548403529619595e-01
4.818275176435194429e-01
4.570620426133808478e-01
5.153811016620087893e-01
4.654880833789755701e-01
5.440321841360267197e-01
4.864087465889559425e-01
4.777935169883831823e-01
5.080118080614023368e-01
4.986597054658797878e-01
5.660198767296328315e-01
4.623875452765072169e-01
5.415034562072286173e-01
4.847054367013821086e-01
4.825008320921318483e-01
5.384256501057964606e-01
3.756482473275343237e-01
4.840077338972255117e-01
5.283859509360646634e-01
5.362650968650577443e-01
4.891983307207879994e-01
4.839876242091361025e-01
5.093375235257134870e-01
4.860601869071056180e-01
4.434936683192723939e-01
5.599118493624686277e-01
5.011887862687093298e-01
4.811679755941852266e-01
5.039790636897527598e-01
5.700370987773288878e-01
4.838534925665957109e-01
4.353975062448774969e-01
5.310935887096195351e-01
5.186311606175111333e-01
4.883443799738198532e-01
5.281883528387535387e-01
5.128911476008091164e-01
4.370632784075465516e-01
4.809598739751637653e-01
5.988396899632774106e-01
5.168748834875468434e-01
3.919579378341958575e-01
4.931954403072184578e-01
5.719534483117414414e-01
5.299322881207425562e-01
5.489589593837658210e-01
5.187903723465562278e-01
5.678147369185800875e-01
5.409285908469839699e-01
4.292248934221567502e-01
5.050957622868592622e-01
4.725224967962423639e-01
5.085379359687498546e-01
5.345780486729070358e-01
5.181039816211046034e-01
5.062577053879471212e-01
5.590335846398133413e-01
5.516625558195961121e-01
4.618761114280277025e-01
