2.762535373394630156e+01
2.840906651232199209e+01
2.849997822710768247e+01
2.709720662050916573e+01
2.875321858277290232e+01
2.906252546042852813e+01
2.781435940685961938e+01
2.855232770194373870e+01
2.727384120133068990e+01
2.816485305524674132e+01
2.786113034698963276e+01
2.862390287692826973e+01
2.870218482206880140e+01
2.763077353611001996e+01
2.885891502555499244e+01
2.897050068915680043e+01
2.812650643903244685e+01
2.895372511479104105e+01
2.867301230964690362e+01
2.875517498407458561e+01
2.874712552731613613e+01
2.809005867287218905e+01
2.788829372138408402e+01
2.791286697600274636e+01
2.881764785013154295e+01
2.793467369736370642e+01
2.728273469567765019e+01
2.818845617575221496e+01
2.903999339662360057e+01
2.822725970244331251e+01
2.971048815803197130e+01
2.815222958917974694e+01
2.741418593289706607e+01
2.724215764881116186e+01
2.800384597779013873e+01
2.925973389531268154e+01
2.886894627883119568e+01
2.747275763391120051e+01
2.804404020910132900e+01
2.774628682355321274e+01
2.898801896174405357e+01
2.935275399114853556e+01
2.843242391942808567e+01
2.854478858432434407e+01
2.820873268308533355e+01
2.931905146405800977e+01
2.881722335787175027e+01
2.810884164859568557e+01
2.852310732431060458e+01
2.827764684849945453e+01
2.796221753860815795e+01
2.845667060939457826e+01
2.770604598044101863e+01
2.868435460751214805e+01
2.756742829473451195e+01
2.870254662261811873e+01
2.821600882452129611e+01
2.856312685277566032e+01
2.808970711271278020e+01
2.870985297874501185e+01
2.833737619540479002e+01
2.813801207973140350e+01
2.844491068926889810e+01
2.876961225218782658e+01
2.895814481271504448e+01
2.895213600325294934e+01
2.796053167238861192e+01
2.877946346913901010e+01
2.830272897458037917e+01
2.827371611698863418e+01
2.718530284018265419e+01
2.844440372064958922e+01
2.733417272294148859e+01
2.877897114392256128e+01
2.791325727138229240e+01
2.834834043204464749e+01
2.841390691930758905e+01
2.940573174231420595e+01
2.926181957368799402e+01
2.883065200817946661e+01
2.907336613072421372e+01
2.824388424106178164e+01
2.826700267475256112e+01
2.838503533203238405e+01
2.772015968308324574e+01
2.789248728983754333e+01
2.927751439544699252e+01
2.773971327082655947e+01
2.785926570215321263e+01
2.929097617918515084e+01
2.885785306999742161e+01
2.890251339812751041e+01
2.866932111752190693e+01
2.761594915629610014e+01
2.798765664194952763e+01
2.821272616754962570e+01
2.765539708397788132e+01
2.747990038428816817e+01
2.930570535115469966e+01
2.842228225825854082e+01
