4.395804503178037947e-01
5.525280941427209713e-01
4.439380515161601148e-01
4.758629254917386975e-01
5.038415149677027971e-01
5.263356926487529064e-01
5.228819955698407185e-01
4.895043204065299691e-01
5.059334228798065825e-01
4.813832848091175731e-01
5.138349085009855655e-01
4.619930172988322425e-01
4.906904227638451688e-01
4.969882089120519209e-01
4.817242728609338887e-01
5.191255609799501070e-01
4.595270308577708018e-01
4.386410245397986962e-01
5.076181758446505210e-01
5.537527525120451433e-01
4.462185486723191929e-01
5.125958350155083165e-01
4.830535854547887142e-01
4.912786106818469722e-01
5.488596219007125798e-01
5.346075148328423010e-01
5.223370357506297301e-01
4.469053453552173094e-01
6.431501167329417568e-01
5.282072787069197473e-01
5.099438496117955077e-01
5.368944287481423050e-01
5.355023149911736224e-01
5.701455138110093079e-01
5.160212275923987679e-01
5.128727431934845260e-01
5.055062391866326221e-01
5.340303514252784378e-01
5.897697396499421707e-01
5.110258341045239572e-01
4.946166450611272913e-01
5.929668312422923249e-01
5.698620906925262464e-01
4.855936107796235413e-01
5.106090928636070059e-01
4.432947201544493732e-01
4.587736815653151723e-01
5.808821883233866723e-01
4.468681076027847809e-01
5.136142268784289477e-01
5.377524911826095932e-01
5.396728338796625835e-01
4.867567518580574459e-01
5.282709327542248756e-01
4.429172539922862639e-01
5.157019076400639612e-01
4.195496284634751549e-01
4.815321533391559439e-01
4.871388451955733778e-01
4.668214258696918861e-01
4.591293243649811062e-01
5.624185012030850084e-01
4.955058669336258603e-01
5.228982404819366714e-01
5.048130383600694104e-01
4.574867076126392096e-01
4.685298697644345034e-01
4.417005255814803188e-01
5.070002724263964478e-01
5.069568703072983018e-01
4.427088580707307930e-01
5.247208016228207539e-01
5.268822239484433068e-01
5.229002180656271426e-01
4.985047679517308761e-01
4.691338305095612005e-01
4.739304215159322320e-01
5.024953091450645726e-01
4.776967785450143555e-01
4.551690032435301569e-01
4.963649374784120938e-01
6.115855850195178744e-01
5.423869137505905602e-01
5.479718652718084115e-01
5.544591218534663524e-01
4.887690179821433945e-01
4.588745419624952748e-01
4.996651300999502832e-01
4.444698569798876675e-01
5.463165488394932101e-01
5.111592516984462264e-01
5.242469060046119900e-01
4.463444316786193689e-01
4.234393521035735852e-01
5.136770165067856553e-01
5.186523148247217385e-01
4.973928598178905536e-01
5.501938291708046158e-01
4.770416834727872479e-01
6.233766503388085134e-01
