5.449854224734700381e-01
5.412573913924850766e-01
5.445410539695788588e-01
5.583003476874901505e-01
5.751472419710171868e-01
5.382646046860654065e-01
5.013045483880791409e-01
6.298370207934598231e-01
4.974766182336317621e-01
5.693715665677110405e-01
4.589571567784931916e-01
4.770910447231365703e-01
4.911047785033624824e-01
4.792503160607687329e-01
5.625274430852199581e-01
4.795172332246797620e-01
5.307733246611155975e-01
4.646821790250140749e-01
4.755491718723877104e-01
4.491743100663772026e-01
4.402369780903030438e-01
5.482457147370022321e-01
5.047256608569071767e-01
5.201750742273480999e-01
4.875024941562785541e-01
5.030632395088382447e-01
4.423773181969039570e-01
4.793303323025642215e-01
4.829398972350871788e-01
4.910109479830591650e-01
5.263969946451304560e-01
5.165467656934719098e-01
4.792823084988340199e-01
4.835409047268517391e-01
4.624582191193309377e-01
5.644260197218252673e-01
5.142798508753496645e-01
4.871423979339073451e-01
5.028614400053731393e-01
4.889813338126134945e-01
5.188572815015183304e-01
4.651373960898458892e-01
5.213181582524116786e-01
5.692599743251223199e-01
4.583878889111412946e-01
5.681594022842829661e-01
5.450779521600678246e-01
4.982822746142381853e-01
5.068235575048392061e-01
5.574914613908797945e-01
4.695624116301271855e-01
5.456887417898971249e-01
4.729472328173013329e-01
5.041633925666401117e-01
5.676822292195013997e-01
4.779057980959481311e-01
5.508373103956822892e-01
4.679577195758850006e-01
4.523595129564164097e-01
4.524695090707849254e-01
4.965324026627469522e-01
4.627744394153924801e-01
5.187597648924604510e-01
5.357307512342196487e-01
5.628069974074270121e-01
4.674566040168653402e-01
5.087581027344704188e-01
5.318825926370995827e-01
4.816541969818126101e-01
4.363312613431769571e-01
5.215207235458728663e-01
5.565083790297775668e-01
5.051939189113114903e-01
4.818429202195698702e-01
5.589904256663297266e-01
5.331222476587420545e-01
4.646400483664616110e-01
5.394657650822589634e-01
4.550418721500688046e-01
5.683345204329018907e-01
5.893568783393348109e-01
5.911028590182713094e-01
5.917744157129450899e-01
5.530741881309824137e-01
4.677782761137687650e-01
5.184797435777238617e-01
4.617891318654560040e-01
5.462672589014069269e-01
5.257040451113332846e-01
4.301963100075996693e-01
5.491284839917582872e-01
5.518261148453531550e-01
4.442788343359364567e-01
4.834269472814605173e-01
4.617414332987842540e-01
5.007795830395564973e-01
4.683442465623358641e-01
4.579915718759308141e-01
5.131987042165704338e-01
4.677455886378130145e-01
