5.326092017054593342e-01
5.064308294000173793e-01
4.497468044753830108e-01
4.528769761771337388e-01
4.901453743496685389e-01
4.585541431159239067e-01
5.129859638050009440e-01
4.635472747562803253e-01
5.558502585422182563e-01
4.838738124514675998e-01
4.591665986933578525e-01
5.294521380831608282e-01
5.303546822039322262e-01
6.029139199013718864e-01
5.462266887977453855e-01
4.573570739060575097e-01
4.791634231148136358e-01
4.762399226432589283e-01
5.038808943879091728e-01
4.826057434638795773e-01
4.462216921954469395e-01
5.729228330156784788e-01
4.795242244948789700e-01
5.690887640458117680e-01
4.783536074717639197e-01
4.549353155287160222e-01
5.028934287941920767e-01
5.402244460467274800e-01
5.043743566452446592e-01
5.457270478621835119e-01
4.849582615262906238e-01
5.047410352404118061e-01
5.827415745683731663e-01
5.204390293229881337e-01
4.988844982919989901e-01
4.675837017807160101e-01
4.682185167888926469e-01
5.033579028734532779e-01
4.722367608668330274e-01
5.050209497728520569e-01
5.082343928568444635e-01
4.797468341236563183e-01
5.002351101681925538e-01
4.699717370771521741e-01
4.848454069844904679e-01
5.312921425892369598e-01
5.159869960494788410e-01
4.804838423809763004e-01
5.107393368425748870e-01
4.714499468760596224e-01
5.339690281242424064e-01
4.350503276394298569e-01
5.116145625155261722e-01
5.927982940598770512e-01
5.200872456569020086e-01
5.139072613718657090e-01
5.097686583978535690e-01
5.521304116432929066e-01
4.526977243502926518e-01
5.139335205746028423e-01
4.831748291612371626e-01
4.691053248778043194e-01
5.226790794185639522e-01
5.510391837464344578e-01
4.405987726054659825e-01
5.064468177792752490e-01
4.554977054100577405e-01
5.714595230872697718e-01
5.306287567622715029e-01
4.572721877946725466e-01
5.617172285352122207e-01
4.812462133132642261e-01
5.088814300753290443e-01
5.022682714726875997e-01
4.710510021283203508e-01
5.258078630451545887e-01
4.563555358312809118e-01
5.304032681687871342e-01
4.756656785077814087e-01
4.590758508391681314e-01
5.129844772806152475e-01
4.328991091984251693e-01
6.365598402055127059e-01
4.738734446678573575e-01
4.230903428995938520e-01
4.992920424583115468e-01
4.894727705422461939e-01
5.156424728694628534e-01
4.724993653652835857e-01
4.832813947127697074e-01
5.356857060966017103e-01
6.041619564280872323e-01
4.944063592851083433e-01
4.850901864490574367e-01
4.227828102801586274e-01
5.094376521117948142e-01
4.886051871370394317e-01
5.337566002249914954e-01
5.049339783431523454e-01
5.046826053261617151e-01
