5.310298261022644573e-01
4.477029648316104837e-01
5.388794266992792403e-01
4.692065931112400223e-01
5.395077556877010405e-01
5.733898078744567028e-01
6.269194537342440698e-01
5.538140888714241372e-01
5.317596152774378693e-01
4.675154923155689368e-01
5.072939740457484969e-01
4.795775475660423726e-01
5.469401860869874676e-01
5.418297888422809461e-01
4.981359922053993361e-01
4.660987652562408878e-01
4.299538772094422256e-01
4.897981268401249699e-01
4.815433451357336581e-01
5.174262578542918600e-01
4.461854417858878152e-01
4.945114339024752614e-01
4.484609456785785264e-01
5.249652223289070774e-01
4.757417300830671936e-01
4.560388915297344803e-01
4.807284181275545132e-01
4.656172579666655875e-01
5.735649193440636173e-01
4.994875187765142055e-01
4.212252060872516135e-01
4.769771889009670196e-01
4.907443659857961826e-01
4.560890351212806837e-01
5.385867692300148057e-01
5.281906207522155672e-01
5.078076437703498147e-01
5.981619192905901494e-01
4.962249303693810898e-01
4.674156362177801505e-01
4.852642520325988751e-01
5.099495892927744523e-01
4.671306170507393274e-01
5.136471036722554118e-01
5.477806176006605465e-01
5.319899826167291401e-01
5.464661761106630600e-01
5.200905673379853100e-01
5.453137610583416173e-01
4.253668494326606764e-01
4.680066370058200698e-01
5.718175812873629305e-01
4.238027756646936539e-01
5.040966743810157968e-01
4.941104552627867963e-01
4.453373453476897059e-01
4.914287806319633245e-01
5.609670738483936159e-01
5.204601599641137666e-01
5.505960164870110640e-01
4.949727306425442119e-01
5.041363470141972947e-01
5.508773779494154921e-01
5.181071198907556408e-01
5.680959163945792367e-01
5.514947300595707258e-01
4.708548642695077890e-01
4.812525566661451926e-01
6.228223374611476792e-01
5.341100931028740506e-01
5.999163298034377867e-01
5.178145834977285755e-01
4.641446181223570777e-01
4.641657770473978650e-01
4.906758501572576758e-01
4.837311527687032653e-01
5.111376864566971046e-01
5.574448927480967209e-01
5.018217324235303423e-01
5.522369199237243675e-01
4.191084773982128309e-01
5.692244235992093282e-01
5.029454364093453034e-01
5.211629929861643085e-01
5.142181752966084041e-01
4.603077198115139712e-01
6.125856570895585884e-01
5.437908945049941822e-01
4.642218132561460320e-01
4.227551322957385227e-01
4.891753207497138156e-01
5.791149757617912730e-01
5.191511316619288330e-01
5.499462831866702706e-01
5.248713514610849895e-01
4.490200598104358010e-01
6.106490688664534261e-01
5.104805937555138007e-01
4.581283544182966905e-01
5.253138962818550972e-01
