4.521816737002120612e-01
4.843608150462868078e-01
4.559433193441657095e-01
5.223613997357627881e-01
5.127308203106112350e-01
5.194999754552657167e-01
4.684650027247067583e-01
5.227748598754562437e-01
4.806484183607251937e-01
4.979906417747712588e-01
4.577325673226596559e-01
3.966833564270630386e-01
4.707770672576987447e-01
4.553728920189924478e-01
5.064430479738160074e-01
4.884952217437265598e-01
4.653371722865214388e-01
4.793969487682453456e-01
5.222465886889492426e-01
5.014814058535325136e-01
4.594670975147471803e-01
5.991440545821931085e-01
4.873723473445465970e-01
4.725483049029086113e-01
4.614098628798241064e-01
5.412253890234162146e-01
4.789773060597338206e-01
4.654697898941121958e-01
5.410436076213686052e-01
5.206849469613166193e-01
4.958268941096754534e-01
5.391955986642361642e-01
5.761560205041381666e-01
4.784073731213481784e-01
4.643155476990770691e-01
4.612155526691567586e-01
4.500156667847082237e-01
4.752945858297686899e-01
5.445591436705010668e-01
4.605020636638237908e-01
4.844538744552274734e-01
5.458426245845441338e-01
4.641849409029046303e-01
4.386769593976180825e-01
4.731203467030073995e-01
5.565820195795002645e-01
5.149041447132324256e-01
5.009789979453952435e-01
4.925878749703809234e-01
5.176604615380407948e-01
4.855142317390069295e-01
5.067871299126401885e-01
4.937401040812344766e-01
5.538098294581681458e-01
5.070939130102568582e-01
5.055660779381607739e-01
5.119794401150687957e-01
5.796983981710042144e-01
5.305912096846387982e-01
4.169805832861530059e-01
5.353121714528351616e-01
5.010882823439772871e-01
5.061055991312329860e-01
4.774430201153652686e-01
4.803119081452831840e-01
4.566246761876417981e-01
5.298336687017366486e-01
4.870987663773039267e-01
5.117080327039872367e-01
5.282090187137973292e-01
5.219603929582504742e-01
5.027315064857627025e-01
5.223239905936793992e-01
4.545065074648435011e-01
5.455485847771831542e-01
5.439463689187213902e-01
4.536953554838785152e-01
5.873759400119112906e-01
5.260595199148010437e-01
5.323236470541365950e-01
4.354940479623389260e-01
4.365094771342209468e-01
5.198421460707449704e-01
5.358979036161068965e-01
4.516778155565844277e-01
4.838440897823787501e-01
5.245283164007694676e-01
4.796569297741421489e-01
5.410966441509655889e-01
3.979228891996308692e-01
5.573396044517821002e-01
4.514438494081782216e-01
5.849001425989281966e-01
5.768802788182323393e-01
4.401538196915940615e-01
5.325918941415997976e-01
4.961438788489819229e-01
5.424090789588481565e-01
5.205051991641928000e-01
4.692710688950196829e-01
