4.514365612915475778e-01
5.808493055297853092e-01
5.357411212184115534e-01
5.389620051657539879e-01
4.868889192005381727e-01
4.971419219054624139e-01
4.992355868574471223e-01
4.772625855029624664e-01
5.275356712733866305e-01
4.722333269360760588e-01
5.094768765256032506e-01
5.365621613317872463e-01
4.957884158518289786e-01
5.322734673511155812e-01
5.295093134994758310e-01
5.236141152311643010e-01
5.343557138214112268e-01
4.842792229931711101e-01
4.982751402297730392e-01
4.666710990855748586e-01
5.138996249509981684e-01
5.183238777444504342e-01
4.846307390865675080e-01
4.892153492108434198e-01
4.981988519422760331e-01
5.561274564152672850e-01
4.733292528028242296e-01
5.200678357569777921e-01
4.780900130812834603e-01
5.405483672713440324e-01
5.133699516422054465e-01
4.772331076023248464e-01
5.074573762755461015e-01
5.190384322944495699e-01
5.315153013730420373e-01
5.617639339059251613e-01
5.423278410752607748e-01
5.049727267698753685e-01
4.909601546298952846e-01
6.002526337735869522e-01
4.689671753823972944e-01
4.862486193946788937e-01
4.859874601366822588e-01
5.653478653587522551e-01
5.040757582199231202e-01
4.551802131170401555e-01
5.446251077688776254e-01
4.148534025311103046e-01
4.953268267552206616e-01
4.857628113493268618e-01
4.934885826676227993e-01
4.943274832838497335e-01
4.322223237491132353e-01
4.740461238886509721e-01
5.172040729883563559e-01
4.273978239040336358e-01
4.697153479846396529e-01
5.361719073743569375e-01
4.884715907012806557e-01
4.686559874439540363e-01
5.038543339102649066e-01
5.521000187927024294e-01
4.413315940338271015e-01
5.381864056663748785e-01
4.792683035639472289e-01
5.239625967137593321e-01
5.704897070422837446e-01
5.408709465874020905e-01
4.934364142428648847e-01
4.715721637965624713e-01
5.152407523296623770e-01
5.503440294183784554e-01
5.088343789196995148e-01
5.231492902854975036e-01
5.492488676788512825e-01
5.159115100077132920e-01
4.264743862631431015e-01
4.866111695589524500e-01
4.404283992824922778e-01
5.804099692124153886e-01
4.920437822520365434e-01
5.328249998765729467e-01
5.472824755720763212e-01
5.390406431855517821e-01
4.934945616874376051e-01
5.269870525236589609e-01
5.441224003875099191e-01
4.827889582902692434e-01
5.138718426906606629e-01
4.979086075931539734e-01
4.537924730868094225e-01
6.437539403765253354e-01
4.569241148220459237e-01
4.504455430268578531e-01
4.602564734754404641e-01
4.952829003172349864e-01
5.172946916728776712e-01
5.773050027898838366e-01
5.446564407556790943e-01
5.089224978347547390e-01
