4.853302074255422260e-01
5.428249846230235320e-01
4.941823201399674348e-01
4.805361249668946289e-01
5.229084172201363678e-01
5.733019263794635334e-01
4.967221567384275116e-01
6.171708658318403318e-01
5.617278903973166315e-01
4.473051127981236830e-01
5.292459977718982911e-01
5.217239484785854975e-01
4.741900247144641978e-01
4.923623198498942588e-01
6.163393399393748417e-01
4.917309851025501444e-01
4.769429218411617155e-01
4.800055721708429979e-01
4.814724607238108911e-01
4.515977393901252079e-01
5.184341964202456854e-01
5.086734569580229071e-01
5.840844926939010584e-01
5.395948695606788137e-01
6.026330493199009153e-01
4.807584018305233742e-01
5.074650836887449890e-01
4.670856547879239096e-01
5.872059037628667433e-01
5.003101797488077596e-01
5.938895331902145358e-01
4.945971017316203033e-01
4.648858593229328040e-01
4.370595592624624826e-01
5.420104894203622292e-01
5.431702895808835363e-01
5.134043854677867724e-01
5.675448999361208946e-01
4.869450534403896858e-01
5.653660746471226295e-01
5.663653677989942681e-01
4.896916472506349649e-01
4.618483466209812871e-01
4.573555805833776633e-01
5.022041914358652548e-01
5.237418647176176334e-01
4.966710656571038940e-01
6.100435760363209781e-01
4.213217848349436467e-01
4.340763858596523583e-01
6.493468230912440298e-01
5.308429296646279827e-01
4.831348760586754998e-01
4.413683478363586987e-01
4.806875162961620762e-01
4.547678222989372521e-01
5.480579571423175311e-01
5.125141937277638560e-01
4.902369315127306781e-01
6.045866356767864991e-01
5.396920827354659833e-01
5.230010332580050658e-01
5.692877537706475533e-01
5.307434898353081687e-01
4.456940730832140152e-01
5.077633369011722575e-01
5.302410970358895081e-01
4.487135781512360255e-01
5.365631060667156449e-01
5.103906859121394302e-01
5.401046684326282765e-01
5.206334263090311998e-01
4.968867606970699957e-01
5.056688698082131284e-01
5.169602274453154456e-01
5.205256057729250596e-01
5.789542199328433503e-01
4.699841796402325911e-01
6.133248574022976962e-01
5.084866289050629096e-01
4.350912126397217805e-01
5.303479531231803934e-01
5.325116739951468725e-01
5.143619938672657765e-01
4.932729092928797576e-01
5.114675942617979976e-01
5.866166774621041080e-01
5.311095738525781762e-01
5.226018233225986354e-01
5.748675457186219750e-01
5.417086741081965640e-01
4.955098324715441760e-01
4.949800379749614843e-01
4.578191588833321890e-01
5.820622105622678122e-01
5.201233338606292556e-01
5.195170983508112794e-01
4.737256665810258283e-01
5.246713230677960693e-01
4.565222362287063573e-01
