4.975240427735884152e-01
4.797834209981079456e-01
4.616032593894240366e-01
5.825487186229102443e-01
5.227369427160721838e-01
5.177659445326268095e-01
4.669399951546254202e-01
4.761371744089449853e-01
4.204552674218517971e-01
5.181180632004155351e-01
4.860605580531009995e-01
5.269155952411817001e-01
4.636037872329827891e-01
5.271028397875530125e-01
5.518218737816900088e-01
4.482493250707157428e-01
5.354042731771145869e-01
5.538261777017621235e-01
4.500467835507614978e-01
4.612924468260718447e-01
4.713577253931472422e-01
4.703984518232767753e-01
5.250883672062531815e-01
5.067455203517172713e-01
5.450010182011097992e-01
4.862697521448804405e-01
4.514381501508719086e-01
4.547945690342741210e-01
4.334720652085963244e-01
5.198024164076394671e-01
5.396599499124924426e-01
4.801281274891514017e-01
4.753360618524376524e-01
5.921421901735630655e-01
4.832802062525083375e-01
4.605129593469732274e-01
5.849409733018916535e-01
5.206760172747474380e-01
5.246074151932373919e-01
4.575843583717512097e-01
4.771837508515571757e-01
4.543294190001537780e-01
5.012308899838179288e-01
4.935473363856174300e-01
5.320654811255470795e-01
4.512135105048796224e-01
4.770668071460939519e-01
5.663732640099873317e-01
5.298506414491570560e-01
4.628296826790860852e-01
4.578671821757761551e-01
4.883163784203355395e-01
4.724657946988147783e-01
5.475625672471112759e-01
4.907824056734111373e-01
5.450465142125581197e-01
5.097992370941186735e-01
4.962121558186786685e-01
5.316526988784830987e-01
4.485643732208893231e-01
4.860088588730317460e-01
5.286772267955816007e-01
4.957107876373867961e-01
4.774570326631465966e-01
4.989675151582410595e-01
5.265107334483313251e-01
5.194221258075208958e-01
5.180782858519820122e-01
4.685487522196382093e-01
4.653776819996482961e-01
5.254561010746173766e-01
5.055769234786023913e-01
5.358450842349609111e-01
4.331986892652031629e-01
5.649767856785103959e-01
5.611894754209627578e-01
5.060926239716750930e-01
5.441439097869312791e-01
4.893398865308614121e-01
5.243525257513538262e-01
4.324544337848998943e-01
4.724526142492025405e-01
5.435989911642390426e-01
5.025935739734672669e-01
4.760521850705531355e-01
4.554148914772503387e-01
4.360265492343492477e-01
5.075540260819314531e-01
5.096817547643278656e-01
5.630571171973430822e-01
5.266603610976484662e-01
5.645283241059686485e-01
5.217554139974917016e-01
5.300919883281167699e-01
4.753935238909705041e-01
5.394259515043129394e-01
5.549750763778469320e-01
4.303646753075952569e-01
4.903396924185620120e-01
4.730680695988536133e-01
