5.367461921125322721e-01
4.636469368391796797e-01
4.911774291246532309e-01
4.477732611520239825e-01
4.984187839388944385e-01
5.210650603447180007e-01
4.747894065372507688e-01
5.842833608102380172e-01
5.168980830980703933e-01
4.712195671717038792e-01
4.730509419061218468e-01
4.977332241672487445e-01
5.418702459459570075e-01
5.064357489165670634e-01
5.105653738024737986e-01
4.990454502680240489e-01
4.320032541379084101e-01
5.384931410889095549e-01
5.327319360296014494e-01
5.914281138056428633e-01
5.347370253689232023e-01
5.306322282645443700e-01
4.544405425681127819e-01
5.307297909052592910e-01
5.097067084705971807e-01
4.586102751624159257e-01
5.405827424714626517e-01
5.179260124198473703e-01
5.208549609845655182e-01
4.963383417824562271e-01
5.215418188098869257e-01
4.783894588364953071e-01
4.817834657813353516e-01
4.401382802518734039e-01
5.079369065597372224e-01
4.979065996631443225e-01
5.435987335573200241e-01
5.743360856711120510e-01
5.200626274107645886e-01
5.119915395317751194e-01
5.434385459795916251e-01
4.635808158353841302e-01
5.012465689690613901e-01
5.034455228621106393e-01
5.188608824191158764e-01
5.897938149459608370e-01
4.360697251888746018e-01
5.495812080040992642e-01
5.092998402364076194e-01
5.307041353748906953e-01
5.706942919338495734e-01
4.682880316193013814e-01
4.723040892696028781e-01
5.286905423280060523e-01
5.073176191373782729e-01
5.077205129552733176e-01
4.873454046689580377e-01
4.987832538020637863e-01
5.041625040874503361e-01
5.030815807831948705e-01
4.598701177118895700e-01
5.011206966882946201e-01
5.338141947047378988e-01
5.391526812501902244e-01
5.375281835597509605e-01
5.074417108894914152e-01
5.103759802169889337e-01
5.336560818947826412e-01
4.520218626943718343e-01
5.678195449928988836e-01
4.675878365946512516e-01
5.165890112692711478e-01
5.482567302315758395e-01
5.189064386418567043e-01
5.230616243982075808e-01
4.552132990689409797e-01
5.123230872231572253e-01
4.837633605824273597e-01
4.781795221274054430e-01
5.700147043128815927e-01
4.440185157162361285e-01
5.017984958908264792e-01
4.681091861734074655e-01
4.971694111576082098e-01
4.772011847908420590e-01
5.467708843123564311e-01
4.848691084404997964e-01
5.223019770664155681e-01
4.663990041626937533e-01
5.503649881418479772e-01
5.219804272553970614e-01
5.031897004562915221e-01
4.431023014412410199e-01
4.836320289015521023e-01
4.559710925431750272e-01
5.542947050454731794e-01
5.764649571345066281e-01
4.476112490945925448e-01
4.957776783534912912e-01
4.614435581723130286e-01
