5.251516704180180239e-01
5.096664521901028699e-01
5.146235099927833900e-01
5.196289330374677107e-01
5.127827941615918927e-01
5.172320956176328366e-01
4.656897463880707022e-01
4.868324463568411420e-01
5.127623225783900507e-01
4.582993189312923321e-01
6.128292632216725266e-01
5.738668916994867919e-01
4.864524943731660667e-01
5.206730167468796022e-01
4.945424606645026366e-01
4.231288443016685275e-01
4.770791483359961838e-01
5.265624496213512362e-01
4.761362101473023412e-01
5.268661091629829318e-01
4.823001488319781926e-01
5.309178642285620198e-01
5.525076636810855035e-01
4.380940037886129623e-01
4.936423307472144750e-01
4.887817822842394078e-01
4.982237264249367859e-01
3.761071988613834405e-01
4.681685092600736953e-01
5.363566235832810669e-01
4.970518946165750074e-01
4.933173388750853872e-01
4.959203961262564908e-01
4.817518858742224630e-01
5.473716896847183877e-01
5.982775968615637874e-01
5.274980314737681697e-01
5.121888027218457484e-01
5.413062015137671823e-01
5.304156610654613413e-01
4.539575132863884477e-01
4.992195571718138214e-01
5.862429164862639208e-01
5.105320331516463028e-01
4.777018347661448061e-01
4.949849000191657300e-01
4.840666484440467321e-01
5.244742712516753391e-01
4.945357679865078349e-01
5.051621330229544293e-01
4.416279441541293149e-01
4.242513300553957256e-01
4.403848810595494823e-01
6.283543860329545705e-01
5.553880168538612994e-01
4.272894149314509504e-01
5.921492904789492639e-01
5.482471142521125884e-01
4.376105735168146493e-01
5.052881539028307722e-01
4.896855549246373895e-01
5.084682327747277464e-01
4.793784910522251863e-01
5.889616676436135734e-01
5.171542770701311742e-01
4.237995197730307639e-01
5.516698763649861004e-01
4.855070241353757754e-01
4.691236002550615014e-01
4.877808697820162909e-01
5.543541683095334349e-01
4.642717576213106212e-01
5.476276683126437561e-01
4.893431399944269122e-01
5.139915531996686049e-01
5.484818326557600043e-01
4.637886314964854151e-01
5.351649547797378004e-01
5.476950958804753800e-01
5.027056538849803413e-01
4.339058381735761416e-01
4.618181061201470095e-01
5.234623196110719245e-01
4.597006664692667166e-01
4.718810048947166824e-01
5.984081805316709968e-01
5.571234084693222899e-01
5.202445382691753828e-01
4.685712805272232995e-01
5.964235208019909029e-01
5.384498556664684132e-01
5.611642654534002572e-01
5.402605447684526441e-01
4.637503681118968490e-01
5.160743986551961093e-01
5.894765466440610169e-01
5.621328141913334298e-01
5.525890241522032342e-01
5.746007820432176283e-01
5.292303814235369552e-01
