4.771643772092043490e-01
5.201461153309372420e-01
5.679899048610833612e-01
4.398267021084207307e-01
5.451282607994296647e-01
5.376392169746251337e-01
5.757361106340892487e-01
5.006922748558816361e-01
4.472755069444336873e-01
5.151905693481966253e-01
4.718052553663459880e-01
4.927141674962876028e-01
4.779187513403521659e-01
4.812047793970001264e-01
5.480640384840832491e-01
5.238431467477348003e-01
5.403320974784332487e-01
5.544277471007643676e-01
5.513441561415125536e-01
5.205358024243342818e-01
4.628024324849032145e-01
5.309639873446573288e-01
4.622463612515724796e-01
4.457081657206881653e-01
5.198456893174054905e-01
5.012566181412670963e-01
4.801815497787006448e-01
6.147947831427515997e-01
5.241314069075456716e-01
5.344040335239362838e-01
4.947700488562351562e-01
5.119780068423058772e-01
4.745584323104311553e-01
5.007478068924077208e-01
5.114522036815140060e-01
5.597828398787927373e-01
4.148781348198501973e-01
5.060134546355318230e-01
5.183830548375147895e-01
5.404548309345388324e-01
5.221976406730857168e-01
5.408329675182749208e-01
5.347354679701491476e-01
4.957576979551441831e-01
4.454182930634412174e-01
5.151112160618941394e-01
4.957480733151263808e-01
4.693337252077695032e-01
5.266111751511209915e-01
4.775019958871755121e-01
4.472140975721778933e-01
4.848851159611768935e-01
5.454724251081672914e-01
5.480737903608656758e-01
5.242849564900746717e-01
5.160983859156463849e-01
5.325754928615118455e-01
4.353010467572830944e-01
4.262223084113407334e-01
4.371582004546519795e-01
5.869857553097775904e-01
5.339354794299226992e-01
5.200071980123314175e-01
5.128751296298850182e-01
5.385386546642049188e-01
5.251436974888615827e-01
5.265313337425004958e-01
5.776079238910212243e-01
5.127487699851348557e-01
4.862617561294566570e-01
5.118700797696400517e-01
5.073892007328336673e-01
4.468614338279776055e-01
5.428954496303891597e-01
5.607568137219367532e-01
4.414301082079464811e-01
5.478666332126824745e-01
4.881721826879568127e-01
4.877135199998727244e-01
4.313860981629432656e-01
5.036090551658901626e-01
5.051923312858958015e-01
5.838707547867422187e-01
4.898109623733838958e-01
5.136231919377395316e-01
6.644812576830012585e-01
5.637471962135097714e-01
5.634262464615408250e-01
3.810762866660105663e-01
5.945534216818573192e-01
5.270736346488904545e-01
6.014850685444850242e-01
5.092172938902651547e-01
5.858199596315850632e-01
4.713057173549108358e-01
4.681639295824018832e-01
4.758014053087253337e-01
4.659137493840685429e-01
5.820911621047470952e-01
4.549907105570932808e-01
