4.897025305309939402e-01
5.168795149917702059e-01
4.784408966732033863e-01
5.279019717176187676e-01
4.689487774315775903e-01
5.045160788394114082e-01
4.800943799342768936e-01
5.083422247829327834e-01
5.655741105143939906e-01
5.109531970011524926e-01
4.677105210244461020e-01
5.032047646306815336e-01
5.369099190352754070e-01
5.369183569144125867e-01
5.329698969198179981e-01
4.591604347950249965e-01
5.208312846915525984e-01
5.026065409780345883e-01
4.894244401150782409e-01
5.588102804379961874e-01
5.127650019653938740e-01
4.822885644570924502e-01
5.156274797075686145e-01
4.931344842267723072e-01
5.153795169374216778e-01
4.744429327382811423e-01
5.721252461711905379e-01
4.959198472083171660e-01
4.988941739730601843e-01
5.036026771018973225e-01
4.543435214174496029e-01
5.090962891669353896e-01
4.357595000570596566e-01
5.495705273597664142e-01
5.411736554087688278e-01
4.126333129659253141e-01
5.633837885209798113e-01
5.627943052673312074e-01
5.829711255696055083e-01
4.698806378365620873e-01
4.801694222743847495e-01
5.030430553202879240e-01
5.431071987808341328e-01
4.508961695131455394e-01
4.344339196441037720e-01
4.425662686988152683e-01
4.814557811784618280e-01
4.460730877983685727e-01
4.861932178317727171e-01
5.370316116570996723e-01
4.855862645119320975e-01
5.174083121892230075e-01
5.043664510096557141e-01
4.663783192856851278e-01
4.205065810473734289e-01
4.970444488691226903e-01
5.120229725807800003e-01
4.967992788955357675e-01
5.365554664638926274e-01
5.372233310384982863e-01
5.404900952115971879e-01
4.870347185463705375e-01
5.292758343434313950e-01
5.077212216413490298e-01
5.393393906951231553e-01
4.856066506911673741e-01
5.229309948159974741e-01
5.162097427415428541e-01
5.457298014988809509e-01
5.039109757970909875e-01
4.940984556572435848e-01
4.877026189772710185e-01
5.709769837885222410e-01
5.900443322277180158e-01
5.093126524305000569e-01
4.538209821577695591e-01
5.317940877180666881e-01
4.702837518636364122e-01
5.025249335834226505e-01
5.494580110960218811e-01
5.306312878084644691e-01
4.853905524553689399e-01
5.397665381661703732e-01
4.693172264231290636e-01
4.483297892598773204e-01
5.249551113116374124e-01
5.185567069985571598e-01
5.072157880290398824e-01
4.643641951048165240e-01
5.416874622276695028e-01
5.641173832892807383e-01
5.018789915153373249e-01
4.872853488028732749e-01
5.513055659951537901e-01
5.046902743789628554e-01
4.438306593812142986e-01
5.507373882692202516e-01
4.940668660744111373e-01
4.810271026286603302e-01
4.330911068869673919e-01
