5.437873612668316925e-01
5.659105560902257803e-01
5.210149209759638023e-01
4.523348708763599846e-01
6.467800687302198703e-01
5.009479687965383565e-01
4.032062353661255427e-01
4.638585849810316075e-01
5.485642640871591924e-01
4.936963782018352065e-01
4.733145818685549067e-01
5.758105773121844351e-01
4.954608737090702153e-01
5.153451834960288691e-01
5.159826916378831285e-01
4.826232047082533727e-01
4.573970082201589404e-01
4.528541612263194960e-01
5.044298593108678119e-01
5.560318658210192666e-01
5.062196511729474269e-01
4.354854464824315374e-01
4.967014729394408912e-01
4.508680051486015916e-01
5.307355668112166969e-01
4.787559438449326965e-01
5.088708295893079603e-01
5.231597257577217386e-01
4.610076321596059956e-01
5.093659095549919469e-01
5.499929845246958049e-01
4.567583193332453995e-01
5.072438178351307281e-01
5.114267292557715949e-01
5.930084396556601911e-01
4.656101886973685322e-01
4.546965010504713245e-01
5.311045377407078716e-01
5.420793796358710503e-01
5.167877519291947941e-01
5.191527649786258358e-01
6.684301402609894582e-01
5.414865953294522027e-01
5.065345184018530400e-01
5.751794448577086660e-01
4.143890932545485351e-01
5.065586205749902371e-01
4.868614098184210759e-01
5.342045792735724552e-01
5.622615718246010141e-01
4.401308706136554116e-01
4.462689022278673590e-01
5.343374281573214368e-01
5.019637497588883557e-01
4.189552468057414214e-01
4.980795337212420293e-01
4.894989659713665509e-01
5.458038348097071779e-01
5.480955134837574017e-01
4.832144302692827909e-01
5.586539556874992041e-01
4.525794040107120608e-01
5.805072061578343545e-01
4.716576282728280889e-01
4.957515716557267527e-01
5.387361040537711476e-01
4.975348857916431777e-01
4.572901300336604802e-01
4.527593837782724062e-01
5.598548527858957513e-01
4.656038690770968325e-01
4.170610556398237079e-01
4.695964146961253971e-01
4.750805250295174198e-01
4.574620352800075063e-01
4.060717569707493757e-01
5.698430572486341550e-01
4.757928104686782733e-01
5.170216452988931621e-01
4.365049062768867061e-01
4.275308840221067053e-01
4.700955889464771831e-01
4.887144183242976281e-01
5.756640535689097060e-01
4.892795022022864981e-01
5.326851811506532197e-01
5.039059693680715268e-01
4.998362283541137319e-01
4.701632104422338032e-01
4.583487004072444027e-01
4.788951488151382829e-01
5.068819388865997144e-01
5.570229746478494448e-01
4.627407276802881220e-01
4.884033162100698822e-01
4.884681082344555225e-01
5.407883044848725840e-01
5.060983609633056268e-01
5.420489280233794505e-01
4.711808116416004721e-01
