4.569962696877998276e-01
5.699520640948606554e-01
5.747779303691863406e-01
5.263713906350430127e-01
4.868520296711972284e-01
5.310802718821743262e-01
5.553239630637625268e-01
4.760506937544157213e-01
5.369956649326945719e-01
4.995306259666653093e-01
5.330589370149372286e-01
4.959212945209354739e-01
4.612111687857594622e-01
5.214744916425165799e-01
4.416221801656435297e-01
5.277139762897891107e-01
5.204044229683881806e-01
4.953838264089147070e-01
5.998567889702799416e-01
4.889829124104964064e-01
5.125966037834271960e-01
4.708818805757729598e-01
5.827446694293337837e-01
4.631549867042736301e-01
5.022539392548208692e-01
5.363919563393901857e-01
5.340283622789986362e-01
5.131857316618383402e-01
5.042974759794046635e-01
4.974970215583895405e-01
4.905660888219009474e-01
4.891162235207406339e-01
5.515846175265596285e-01
5.047473462196034877e-01
5.082687154895626502e-01
4.335772020998866494e-01
5.226179290052447302e-01
4.624852702221644019e-01
4.324620596960417340e-01
5.343739982173508762e-01
5.334262294787418535e-01
4.722522508785629292e-01
4.698416289604105955e-01
5.614369292528684774e-01
4.783604256856021641e-01
5.072452831664525652e-01
4.833231987589866052e-01
4.823221800526010794e-01
4.469495257603776084e-01
5.609726188031659566e-01
4.356069139141556801e-01
4.994480895174442936e-01
5.329410086117407630e-01
5.431804200437634345e-01
4.975829704925858743e-01
5.217958941207088142e-01
4.940764103538007879e-01
5.041607950669654281e-01
5.065741854361878183e-01
5.140013294772768360e-01
5.094348667817494292e-01
5.345151189081532861e-01
5.140304563830180307e-01
5.137889165174360784e-01
5.145046816097427200e-01
4.464781008109545146e-01
5.072406549266860187e-01
5.263253556400175892e-01
5.013090708606349200e-01
4.783933419307680457e-01
5.633246157578118973e-01
5.240549788450404867e-01
5.204407887002182598e-01
5.358476942498107132e-01
5.232201406528249610e-01
4.841601776294006121e-01
5.083562664885366011e-01
5.228997105621537855e-01
4.874891511741692440e-01
4.657772156675493713e-01
5.279910861285750379e-01
5.002826138560030333e-01
5.427838710257290034e-01
5.056566487005582644e-01
5.091388581056132123e-01
5.083008116687939282e-01
5.189084133362559248e-01
4.952771717714269939e-01
4.643368765937421205e-01
5.204293276739816454e-01
4.788844318423468582e-01
5.195959929034490443e-01
4.704621435976591437e-01
5.351582515822593811e-01
5.319127875563107732e-01
5.277142333860627144e-01
4.458575888489378358e-01
5.435282348360924720e-01
4.482655836481676537e-01
5.061486929502910792e-01
