5.318675451720638048e-01
6.328668812693837298e-01
4.566249858942845186e-01
4.734993411112937145e-01
4.872825852102420918e-01
4.726951922618123358e-01
5.443023136907561010e-01
4.961703090178539166e-01
5.886015591061334318e-01
4.898945351539934490e-01
5.092246543711306250e-01
5.349761341187139196e-01
5.168366245256110769e-01
5.874464138481136910e-01
4.992506343178365613e-01
5.211199266980975908e-01
4.794964648374917537e-01
5.047494501422297164e-01
5.367614518829418868e-01
4.707008029374239455e-01
5.037973384174559977e-01
5.169714634989366342e-01
4.158476414131747623e-01
5.338199557129735817e-01
5.509375466928213561e-01
4.999177905708708791e-01
5.463178438871315601e-01
4.784935819691609749e-01
5.455983722356344545e-01
4.719826954530407792e-01
5.055640864959383141e-01
5.319623236402468702e-01
5.430313394440936525e-01
4.670349487863180715e-01
4.631665818940444712e-01
4.995492318448228608e-01
5.073316749868328479e-01
5.349130565363077183e-01
4.837480939687365811e-01
4.661466754140712876e-01
5.390863995383025076e-01
5.019991840594915100e-01
4.280782355949693807e-01
4.391827542952674857e-01
5.523086308887779072e-01
5.693878926083038028e-01
4.340561098808667362e-01
5.002510257370703650e-01
4.940002913148043295e-01
4.992924281421406429e-01
4.812942291860518584e-01
5.143864906641301138e-01
5.076335169491666965e-01
5.129054559718427830e-01
5.318320898181164713e-01
5.186463756944899028e-01
4.887629334769285627e-01
5.551554815831530876e-01
5.201022594597604076e-01
4.979123810193806787e-01
4.673080728390991978e-01
4.894487749225349127e-01
5.920089876066454426e-01
5.298133603260848368e-01
4.702665922943671806e-01
5.750051530413048395e-01
6.108859902636240014e-01
4.820761617265556520e-01
4.491908162719557840e-01
5.190286369432506319e-01
5.169544720198978593e-01
4.646973866155257316e-01
5.293595639043927603e-01
5.059356984787670708e-01
5.987773056672259786e-01
5.346616960759055237e-01
4.315964572322547044e-01
5.439382788399778068e-01
5.487488707528962451e-01
5.441033609713913366e-01
4.962905158302018394e-01
5.286637854966028671e-01
4.853339272439104457e-01
4.408394691547271038e-01
5.592009235562466207e-01
5.357769764438908844e-01
5.277896346375043901e-01
4.701479128999297985e-01
5.335846715219774161e-01
4.461903234878901170e-01
6.455675216520928572e-01
5.038405992690824231e-01
4.647084403845121447e-01
5.740895936340671968e-01
4.499829956724174518e-01
4.828735322992161461e-01
4.784489352198097456e-01
6.142991516557417819e-01
5.090900613454230061e-01
4.896116991627936232e-01
