5.007717046766316793e-01
5.555072089215038478e-01
4.578408080722016216e-01
4.989939100543657746e-01
4.893634373152261352e-01
5.132421598743821534e-01
5.195752091619132429e-01
4.334839059013461671e-01
5.220595782931445328e-01
4.069612276670344087e-01
4.853588010856743074e-01
4.804416972020306154e-01
4.330363494220649256e-01
4.964817595096540082e-01
5.106341301511259090e-01
4.713122378033774984e-01
5.636116410896291340e-01
4.126340344314597952e-01
4.687791456222981101e-01
4.724838033936554771e-01
4.488895008624405603e-01
5.059429980037111196e-01
4.809548229659003082e-01
5.005970768787956215e-01
4.675193557652875254e-01
4.700985382082974451e-01
4.734999581327258289e-01
4.361722715797820560e-01
5.754378704833678082e-01
4.176964448434961064e-01
5.142473503716131766e-01
5.478641078106375462e-01
5.052907445986135615e-01
4.874478070450931622e-01
4.947053295861216227e-01
5.316716456075752939e-01
5.630540916528932183e-01
5.960353604034095421e-01
4.236044607979602139e-01
5.741265980408297720e-01
4.812876988385562105e-01
5.290327536022519928e-01
5.250609434412603083e-01
4.482241939946660647e-01
5.469789853984984296e-01
4.367267319153917970e-01
5.648511288335279490e-01
4.931395313312026407e-01
4.558565353004009335e-01
4.535312280938929574e-01
5.395516645628497532e-01
5.396222918237737476e-01
5.128436681647127182e-01
5.443880306064436958e-01
5.828339714373478309e-01
4.344050919214683115e-01
4.812082820652321402e-01
4.626262482979575652e-01
4.598986840260838593e-01
4.388948971619295869e-01
5.095400609352359611e-01
4.701612467478142876e-01
5.776814958603014860e-01
4.011234880078816123e-01
5.323246353542304687e-01
5.187676980012170258e-01
4.077828384267170314e-01
5.194322777283801873e-01
5.375021352737863189e-01
6.074342167963091565e-01
5.536991892853166952e-01
5.187373794198568699e-01
6.071387493063721275e-01
4.971874702417001246e-01
4.629248291163149398e-01
4.613957268990914740e-01
5.177625380690021872e-01
5.194457049979411822e-01
5.474069109756050100e-01
5.347398844184700906e-01
5.193195249979325467e-01
4.950703549161863948e-01
4.755639221116599313e-01
4.890749826398034239e-01
4.699958241178648355e-01
5.297966713057700172e-01
5.436627489022765047e-01
4.682842417643834354e-01
4.563467612330208700e-01
6.217396643986642379e-01
5.195373213849030503e-01
5.243423584352526756e-01
4.327099243600070477e-01
4.356983368983720628e-01
5.336922425962983274e-01
4.817868539785054582e-01
5.072664914671609626e-01
4.538821725464811108e-01
5.444310600316355497e-01
4.777362467380457667e-01
