3.310196894141976998e+01
3.283328978888113880e+01
3.215130666801471193e+01
3.355604185848297760e+01
3.214808926937892863e+01
3.228488804633526144e+01
3.340666184597976951e+01
3.420234617653588316e+01
3.519615901148835491e+01
3.262984589323745155e+01
3.333551179924202756e+01
3.208396124888895429e+01
3.312323138914174336e+01
3.325498264051125830e+01
3.303405067697711672e+01
3.375997459873261874e+01
3.303834415441671268e+01
3.320812989594370634e+01
3.390865832510907296e+01
3.236695313538137952e+01
3.273197390904039850e+01
3.209649152853252474e+01
3.237017006944457620e+01
3.264879242525555014e+01
3.185670065965289055e+01
3.183413897502545709e+01
3.397190923406763119e+01
3.238395368492502513e+01
3.139788964114357483e+01
3.269392461093459445e+01
3.274527822585543646e+01
3.217015674450748008e+01
3.145437759500716624e+01
3.247429941438154799e+01
3.247112600196666676e+01
3.186971371974359002e+01
3.169204813071193527e+01
3.350730727814072907e+01
3.404527226758334990e+01
3.339455879191434917e+01
3.274419494235959860e+01
3.372152896512161391e+01
3.309329162766218957e+01
3.357762281439421059e+01
3.344573100611686556e+01
3.363163379772068140e+01
3.232585310842663517e+01
3.218821921861584912e+01
3.376980888065198627e+01
3.193821640854298494e+01
3.464263202433772904e+01
3.232226524978219828e+01
3.267674704331760438e+01
3.407566127627774932e+01
3.319548264444446062e+01
3.286024887417207907e+01
3.338303817026329767e+01
3.268257396134389126e+01
3.291891428208190717e+01
3.259272375013117795e+01
3.232367031100081789e+01
3.309621591723078637e+01
3.263162040446677992e+01
3.376958403175255796e+01
3.157829745751629957e+01
3.342675015445124842e+01
3.288067069165318657e+01
3.149936885612454418e+01
3.288652502315426318e+01
3.497243107996236944e+01
3.095549633599036099e+01
3.309288643233907834e+01
3.281024842919893558e+01
3.215751222738920490e+01
3.222342720441672981e+01
3.218064038700555329e+01
3.241388948481871068e+01
3.356664420718726660e+01
3.339757005495761888e+01
3.299819137619736154e+01
3.412476448941721685e+01
3.275836471504602798e+01
3.262358992034767624e+01
3.236149401383940472e+01
3.370107300758872526e+01
3.232195488976204700e+01
3.267722382477904830e+01
3.315559371863339777e+01
3.322585810154263442e+01
3.279964313968469014e+01
3.419996482422575923e+01
3.330004552744997426e+01
3.289590736549568817e+01
3.423393226303373638e+01
3.297170826514479103e+01
3.400956842587200413e+01
3.301144082744605157e+01
3.114958597428631393e+01
3.385774718213683343e+01
3.262811782807929717e+01
