5.269649386203942854e-01
6.143943009533261446e-01
5.936056057081925408e-01
4.500444904240725741e-01
5.492688045050388990e-01
5.290631028890423471e-01
5.486436536737444580e-01
5.318460523036905307e-01
4.395654070162443028e-01
4.359666300626485747e-01
5.596136404067713066e-01
4.857308416292031583e-01
4.651338054593155968e-01
4.428520064274768520e-01
5.393795793080439216e-01
5.431382707181395819e-01
5.348595956654623729e-01
5.395240142425982155e-01
5.269161937290820497e-01
4.698631969784983209e-01
4.807858306224465084e-01
4.336599202892714167e-01
5.120441054665095804e-01
5.338820150237194584e-01
4.878247087401835769e-01
4.559257913769656501e-01
5.349007763154413064e-01
4.590429976234035592e-01
5.117649780668596105e-01
4.904833864503918561e-01
5.195482161173474722e-01
5.590634255909218142e-01
5.225666857119660724e-01
4.709552616863802998e-01
5.049322228098885867e-01
4.767530368980026911e-01
4.805031532425683705e-01
5.494250861827425503e-01
5.883283755984115571e-01
5.245927547972712990e-01
4.056414227120261895e-01
5.053549271131394516e-01
5.010671763973824078e-01
5.143507445356958474e-01
5.994558655376349687e-01
4.560266135482070049e-01
4.917856643356855462e-01
4.885145501979625271e-01
4.705414874854851326e-01
5.442795872450332251e-01
5.380999382540998521e-01
4.671946724956195784e-01
5.567210260961368284e-01
4.678333491177228409e-01
5.240007770242917085e-01
4.604177762635307536e-01
4.955056413700241191e-01
4.978298355228232275e-01
4.963131405406711050e-01
4.797854906937334407e-01
4.647602242578140475e-01
4.639737171852856834e-01
5.345910169863848926e-01
4.710883482770027442e-01
5.478543232651641448e-01
5.655256893866125179e-01
4.488363982558059018e-01
4.660892332971467988e-01
5.435365335118256258e-01
4.857601668457019461e-01
4.399192603851996286e-01
5.225112175910061607e-01
5.599066143737380097e-01
5.141087668354951123e-01
5.047622126006844345e-01
4.895826358645758991e-01
4.979682851394906518e-01
5.338116656986580111e-01
4.803124959434407204e-01
4.564153008009158019e-01
5.579138408590000875e-01
5.595772265976829418e-01
4.847454093435282774e-01
5.709181750930980570e-01
5.368497657276938284e-01
4.898492637309524445e-01
4.516428774149169323e-01
4.900165928424549122e-01
4.673573586972222804e-01
4.942191278168985846e-01
4.610009108861705673e-01
4.462323640996232466e-01
4.956591777856020342e-01
5.221317539074226133e-01
5.095767102279971095e-01
4.401938875449531996e-01
4.671861239903078444e-01
4.836447722529634285e-01
5.135878048659248130e-01
5.246687415260363752e-01
