4.800258500976818943e-01
4.931406359427180641e-01
5.704846138009543877e-01
5.122141114864637856e-01
4.878330263419711765e-01
5.446591495978504449e-01
4.589448755254963430e-01
4.826743792858105286e-01
4.831386937601489517e-01
4.831348477228219473e-01
4.706371868806275560e-01
5.985403829186355384e-01
6.188163016572455488e-01
5.013965997876993486e-01
6.035150183610410446e-01
4.473417941694631250e-01
5.269050657032072760e-01
5.062820364172655463e-01
4.808228470405588872e-01
5.340347995695711170e-01
5.546084037026742797e-01
5.651061695116526007e-01
5.105135012521825333e-01
5.134555376202309951e-01
5.630221820361815954e-01
4.604935731771868102e-01
5.018663860357439610e-01
5.075817736268564140e-01
4.480835066460885363e-01
5.105473850395926272e-01
5.170891227602907314e-01
4.746395294257798603e-01
4.989243056693894451e-01
5.002083311254583720e-01
4.834728375814134615e-01
5.380862857585586578e-01
5.454081400184224160e-01
5.298506357034737935e-01
4.977159615846859508e-01
5.826152980674325077e-01
5.093839415015785077e-01
5.181635742203811734e-01
5.234195999003758981e-01
4.951848541070045795e-01
5.125724746832704959e-01
4.435313945511146216e-01
4.863460403939177112e-01
4.961302083002178120e-01
6.167573253835252345e-01
4.133287204644009449e-01
4.152078532759770901e-01
5.030758589171955286e-01
4.849290020894364006e-01
5.116328647641381622e-01
4.847496679811229003e-01
5.120520410645246212e-01
5.193064838577233777e-01
5.494371706520054799e-01
5.345592836155956817e-01
4.904287383630066000e-01
5.254917861724536232e-01
5.760439819305545051e-01
5.605760611574456265e-01
5.161227951404354641e-01
4.713670269116769229e-01
5.136565386758159546e-01
5.091393200936091823e-01
6.265129281422043839e-01
4.416782051870634662e-01
4.360630985802662063e-01
4.991901673023478314e-01
5.486751336740345319e-01
4.999373377402127061e-01
6.407360026592658908e-01
4.897408740375864267e-01
4.956676685050935283e-01
5.078746310143664733e-01
4.882190945058378362e-01
5.170731240888187807e-01
4.772059283091415471e-01
5.257022839896190458e-01
5.092374137504683818e-01
4.364099319161884316e-01
5.446967568417877548e-01
4.170662282091756046e-01
5.486930828161681317e-01
4.800715757165191500e-01
5.038036114262574028e-01
5.187646629009365906e-01
4.793596411526307999e-01
5.068242678770252807e-01
4.899516700081853471e-01
5.345580064676982435e-01
5.783084623362514387e-01
4.602441566945343343e-01
5.733978124008397570e-01
5.291583800786950897e-01
5.466217039404398514e-01
5.674921020628085344e-01
4.909750278442310822e-01
