4.346321858165734398e+01
4.117063146368395365e+01
4.125455152365171330e+01
4.172943910844080051e+01
4.261958038848948860e+01
4.476489919778394011e+01
4.289229387023566176e+01
4.319515781739423232e+01
2.504823085460184728e+01
4.320736283739208972e+01
4.162420456709822503e+01
4.380595831908684801e+01
4.204612615847873514e+01
4.306947022199441477e+01
4.415734916046024949e+01
4.371331963695137546e+01
4.312048706651631846e+01
4.324688190854884340e+01
3.930081320875722639e+01
4.212403193371081045e+01
4.270839119818216290e+01
4.188791816891527020e+01
4.412296269026374063e+01
4.269498185627007558e+01
4.381275334239557395e+01
4.382087540833111206e+01
4.458044800004704911e+01
4.290334167722325276e+01
4.079741616541880234e+01
4.005628995008758153e+01
4.254000621662484605e+01
4.175462849038108715e+01
4.223875696387879231e+01
4.197273439175782528e+01
4.330151014892987860e+01
4.268089695959312024e+01
4.170351698739236923e+01
4.299759381316800244e+01
4.432719367898956619e+01
4.400904733532367175e+01
4.345050178407353769e+01
4.214701597308479109e+01
4.357651036446807069e+01
4.327173915239826840e+01
4.221401883457145487e+01
4.231478431138943108e+01
4.337319442703001471e+01
4.449508088045615040e+01
4.366333171858817508e+01
4.230777445501860967e+01
4.327716548584432843e+01
4.152759640645655281e+01
4.421842819068320551e+01
4.316301486787679664e+01
4.214449335754318327e+01
3.741613836465214860e+01
4.057135165800495002e+01
4.263552317660689539e+01
4.243256413613909928e+01
4.341604544672398447e+01
4.334935588045551214e+01
4.236231967166038714e+01
4.215041482546504881e+01
4.211496163104568780e+01
4.206501433996469785e+01
4.202381947075316759e+01
4.218997686976930339e+01
4.139280501344856589e+01
4.200545789878033531e+01
4.181372352117468694e+01
4.256172918743232714e+01
4.250281587259942739e+01
4.535357346540255463e+01
4.257249479539536452e+01
4.294485723888523410e+01
4.279341818847580470e+01
4.177534836347649616e+01
4.369339576849018414e+01
4.260090270570593418e+01
4.270920257632334227e+01
4.206950566947274694e+01
4.228478076471284197e+01
4.325008597075406414e+01
4.187533448508983724e+01
4.337808670133016875e+01
4.130271451319931941e+01
4.320025125783708120e+01
4.133324382610982184e+01
4.250532323411344748e+01
4.434791456101774543e+01
4.453871477553448699e+01
4.051360513163903221e+01
4.049530774342476036e+01
4.462420228203491490e+01
4.438218285660074969e+01
4.376553772841027978e+01
4.337744189647865767e+01
4.188991965793962180e+01
3.562640930126845973e+01
4.220255231534233786e+01
