4.063410792121051429e+01
4.056792405947673075e+01
3.683431666732879251e+01
3.776615623224198970e+01
4.026496813685003673e+01
3.914528516547240145e+01
4.020236086642978535e+01
4.113483023967808094e+01
3.868994948194690409e+01
4.076766812471264956e+01
3.940808695575204013e+01
3.672105298924648054e+01
4.081817759246260380e+01
3.902352790650692782e+01
3.971296573346207737e+01
3.862211540007533728e+01
3.871108133422413289e+01
3.931063049348401250e+01
3.861691462673821462e+01
4.071198541880534094e+01
3.858288696753944436e+01
3.977613186524459366e+01
3.931782050278869889e+01
3.913563810240535901e+01
4.030835436039349418e+01
3.973616852990129189e+01
4.075016310379312756e+01
4.130912041373337473e+01
3.832259922868517776e+01
4.061359769224814187e+01
3.876962380269990405e+01
3.881113688126402650e+01
3.799421671810461021e+01
3.915725439819969012e+01
4.039462671663733317e+01
3.834798473497723137e+01
3.889173893417819983e+01
3.790215771021849633e+01
3.969103989862938420e+01
3.964732088113384378e+01
3.990236832086161201e+01
3.919988172271745697e+01
3.884024461966254904e+01
3.918693160252495744e+01
3.981285286986609862e+01
4.044954491911719430e+01
3.982338834488396628e+01
3.973102532561183153e+01
3.791160286262796575e+01
3.711092436079798773e+01
3.950254929481642563e+01
3.981214201485383342e+01
3.924473229076617997e+01
4.169235563341595707e+01
4.008264416273869557e+01
3.954035221593462524e+01
3.997208419633756193e+01
3.862179509449337189e+01
3.950997500341152602e+01
3.875476390434311469e+01
3.945439310570444036e+01
3.655139076957591016e+01
3.783862895375469293e+01
3.884043199013989067e+01
3.887422858625968303e+01
3.954717094228904983e+01
3.977564953408153769e+01
3.922420376092284755e+01
3.827800851993900011e+01
3.739662653982971818e+01
3.908826791035311032e+01
3.918523011842619042e+01
3.888259868020923449e+01
3.848297752556782569e+01
4.064433102834586009e+01
3.932319307596147695e+01
3.952402379543488564e+01
3.885923835709527907e+01
3.868405440826636976e+01
3.976424465917880013e+01
3.986246213320584530e+01
3.879211032842975726e+01
3.815853074612855522e+01
3.865552693169241394e+01
4.079939684083316820e+01
3.844393742055596164e+01
3.784391379851049209e+01
3.771175328664941162e+01
4.072726425570510855e+01
3.904382829090084073e+01
3.792255434692958715e+01
3.827685464407390015e+01
3.793102728832165838e+01
3.691896700899894768e+01
3.895135451716961228e+01
3.928708938455466892e+01
3.920257860166368147e+01
4.039502566061659650e+01
3.880444085744968419e+01
3.872853043522200522e+01
