4.412620959443846402e+01
4.517782849922273414e+01
4.090456031643511636e+01
4.536228977802482376e+01
4.578057900215935661e+01
4.428620191085202862e+01
4.506801103020908528e+01
4.607100050291687410e+01
4.337291545529316750e+01
4.381482498443312323e+01
4.182827457367075397e+01
4.282829250149973888e+01
4.360410134694917872e+01
4.364961304565536437e+01
4.284462920532496355e+01
4.474627368963807328e+01
4.457740590752939625e+01
4.461589140444689150e+01
4.335524021053180377e+01
4.555839196378553169e+01
4.252678552722191796e+01
4.509912177181475101e+01
4.421043259492071087e+01
1.164381340740716908e+01
4.716632574996981475e+01
4.487381481894689728e+01
4.342663742249796854e+01
4.392799498635292821e+01
4.346789956644800412e+01
4.202132703616183562e+01
4.517436224164571001e+01
4.444788724434101823e+01
4.485785483467944346e+01
4.385968852702982446e+01
4.391847227063534831e+01
4.071529454944386828e+01
4.264207474326610026e+01
4.293314162364158904e+01
4.334604636107373210e+01
4.344331233160646377e+01
4.286599024839750882e+01
4.517623265167649294e+01
4.256659748015854916e+01
2.926863855785441970e+01
4.473644010754981082e+01
4.360821838247417759e+01
4.488723645265356765e+01
2.648077834710093370e+01
4.311735390882472529e+01
3.999777734661758899e+01
4.166159435504826547e+01
4.458438322363655004e+01
4.249347220013289217e+01
4.287245315829012071e+01
4.418443826085030679e+01
4.345453476713390017e+01
4.254356797951187730e+01
4.336441370388428851e+01
4.310573289013928644e+01
2.661430513388464902e+01
4.354268626773154693e+01
4.335769982938653300e+01
3.728840330585599361e+01
4.508822879824764129e+01
4.528569597303814476e+01
4.324885808532489051e+01
4.469241379597302455e+01
4.380472517300905366e+01
3.001799201437130904e+01
4.538947899716008294e+01
4.526023912153124940e+01
4.348333939810208193e+01
4.470680583869871327e+01
4.482508891765248649e+01
4.222355361194455270e+01
4.301606120195787497e+01
4.591572281836320713e+01
4.384936034138326733e+01
4.559218159319364361e+01
4.174486784807745465e+01
4.475461849504520728e+01
4.534499935783914282e+01
4.204403161804099653e+01
4.390180972101718737e+01
3.158435643839808904e+01
4.417666972968539341e+01
4.484199795479132433e+01
4.461712203277474487e+01
4.326291198118490655e+01
4.239044484434666771e+01
3.733559114733192530e+01
4.163735939677581399e+01
4.359783195370457065e+01
4.463720491195491746e+01
4.333656944417742807e+01
2.054942438111890723e+01
4.225538468312261386e+01
4.420201363839471753e+01
4.189022250650794632e+01
4.432707450856939602e+01
