4.070619739321224273e+01
4.112563525004929943e+01
4.059537588165056832e+01
4.240625870557204991e+01
3.942856505892233798e+01
4.027554146077010699e+01
4.225806237663731935e+01
4.101250244747275531e+01
4.130693751504411892e+01
4.181996878271421991e+01
4.277795729101266176e+01
3.983547543274865177e+01
4.147124684875895184e+01
3.699872199834598518e+01
4.090506145515676195e+01
3.954203586214170940e+01
3.930399782700050082e+01
4.075107522623358136e+01
3.924108708802572920e+01
4.069669174382037369e+01
4.065235302168022713e+01
4.015741913813433683e+01
4.189072079832157414e+01
4.126798018812757363e+01
4.004908915571397188e+01
4.114176811564999525e+01
4.229133270043201520e+01
4.111005697074172360e+01
4.101074995071531504e+01
4.046748161363957763e+01
4.130959275361131944e+01
3.969555692655919898e+01
4.004152095047810178e+01
4.052303718140156263e+01
3.911946307084581775e+01
4.066928933714664396e+01
4.014805637369106250e+01
4.075311438791823093e+01
4.208984131652751870e+01
4.250009079827251668e+01
4.177989619430857715e+01
4.063889460210700832e+01
3.991650871775915732e+01
4.317668686311121462e+01
3.941747085532201567e+01
3.872426104278359560e+01
3.980286197606559995e+01
4.034024520228562949e+01
3.881607412265028501e+01
4.181773605160498164e+01
3.969883440317435230e+01
4.076642071544736723e+01
4.082486321002963336e+01
3.902599440693397526e+01
3.990050100202609684e+01
4.347635905953038815e+01
4.248800289477308922e+01
3.873968682233137883e+01
4.116104255710249760e+01
3.974195151447160157e+01
4.089616696563547293e+01
4.041786087683561846e+01
3.923966249585814126e+01
4.180952685441122441e+01
3.924551449703125172e+01
4.211638816623698034e+01
3.871705985517419890e+01
3.987203186529353616e+01
4.132659073845715625e+01
4.053009597254368401e+01
4.031188602238066920e+01
3.994457524031521700e+01
4.282185597030177604e+01
4.156849645005932814e+01
4.150590706594434920e+01
4.177571798674890857e+01
4.035976470042152897e+01
4.090278066592573225e+01
4.061704843796405129e+01
4.032382054127157289e+01
4.137572213158277634e+01
4.094916339564309027e+01
3.987573377469315972e+01
3.937351789221023779e+01
4.038016046824227345e+01
3.995505089524107234e+01
4.141508532497781658e+01
4.170940755398478217e+01
3.938966847660189785e+01
4.226038667866360754e+01
4.271102422538834276e+01
4.089366588901318522e+01
3.931102504024760691e+01
3.992958212751238278e+01
3.808685473656362319e+01
4.228642751172119318e+01
4.114296925723127174e+01
4.132237023104808316e+01
4.092780212407109275e+01
4.183370710210822807e+01
