4.483955736732453801e+01
3.642589455930919939e+01
1.608079166958840034e+01
2.667054416080944179e+01
4.330854282476190065e+01
4.610416572694686010e+01
3.083414784924231000e+01
4.435508487179708226e+01
4.097798038437444745e+01
3.081043639107319621e+01
4.555458671054680764e+01
1.673878076523767788e+01
4.382655667888921158e+01
4.214075821256106735e+01
4.630849484744161515e+01
4.423007556084061775e+01
4.240757269716601030e+01
3.363217441025224019e+01
3.807923543259745713e+01
4.671185606068534213e+01
1.346623271246345510e+01
4.369380159158023957e+01
4.534159055096228030e+01
4.306736792564542782e+01
4.571128034061219125e+01
4.348241558727445266e+01
4.498718227542320136e+01
4.488533889193541171e+01
4.602400775472965222e+01
4.280352369658116629e+01
4.271685729058808789e+01
2.863840903564219786e+01
4.637576390402676196e+01
4.291538286878947162e+01
4.298217143795428541e+01
3.526423502273867427e+01
4.542738495340509530e+01
4.507267257230611790e+01
4.386676835218263903e+01
4.517478460075223978e+01
1.879061729756725541e+01
4.461291548219856651e+01
4.473646413958611845e+01
3.178210483901109384e+01
4.645625903981254368e+01
4.443179006657400265e+01
1.769786893168699393e+01
4.488505729652553100e+01
4.570038291180267009e+01
4.264132443761151592e+01
4.385987928997508334e+01
4.602305531900994851e+01
4.288889222158276482e+01
4.357907445633360766e+01
4.441460774500716724e+01
4.423190388027683895e+01
4.190118015369557725e+01
3.927901421831619189e+01
4.572490500351018738e+01
3.921319915252911414e+01
4.245018647705027348e+01
4.519531585641644966e+01
2.861357797289546667e+01
4.544670532572433075e+01
4.053329330327427016e+01
4.339431425641480899e+01
4.417800892241045574e+01
2.855185061210398700e+01
4.598239867114457269e+01
2.578886774529937043e+01
4.548912284352037716e+01
4.501055690304655599e+01
4.543911939872464956e+01
4.655993000433966955e+01
4.355303635358742298e+01
4.233926044539212796e+01
4.550309150040563111e+01
4.287881841594131060e+01
4.516951792763633478e+01
3.205524074897745379e+01
4.600143619084058599e+01
3.273085200255974314e+01
3.830413320249135012e+01
4.409099070563886613e+01
3.667548394798063782e+01
4.590435903117882077e+01
4.438330005068087303e+01
3.021179334630808455e+01
4.635018169686060929e+01
4.666566489682078611e+01
4.575676993064699616e+01
2.054604547056071340e+01
1.002858786810992342e+01
4.331231862381455500e+01
4.581285140978370407e+01
4.315383084086912646e+01
4.494137199385965431e+01
4.731259962365506055e+01
4.551088832037343224e+01
4.157673953350916207e+01
