1.996383079657865522e+01
5.545583130451788634e+00
6.849548705843695906e+00
5.261993732562500803e+00
8.048557287262692483e+00
5.969194316488352747e+00
4.546262744607444617e+00
1.244596652620407085e+01
1.300648126361285684e+01
1.380066322310513449e+01
6.274641501992573644e+00
3.041899684983948760e+01
1.059438606212843403e+01
2.176807383950285768e+01
1.121285501221568204e+01
1.171111590111876488e+01
8.169254683892106073e+00
9.871170327969721825e+00
1.805537580548158161e+01
1.283723513953253814e+01
5.275861753286794631e+00
9.452868410138947297e+00
1.512047356568560907e+01
1.213361552588815329e+01
6.218063190451317723e+00
9.301319254860390018e+00
9.936125245142308771e+00
1.255239859699607763e+01
1.219233203528369813e+01
1.224326011187639196e+01
1.164034083916266127e+01
5.752020266001085957e+00
1.373239083271218064e+01
5.653287114838262184e+00
8.970575029510253984e+00
1.172060853693233362e+01
1.177083851317595808e+01
8.756632094609317463e+00
2.833551561466258661e+01
9.703885185005002967e+00
7.333588610787678874e+00
1.820291105936690101e+01
6.074760548785259395e+00
1.319090142011287092e+01
1.018376558486086125e+01
7.229783198808600098e+00
8.444052249642977515e+00
8.070719097858127355e+00
1.037328848493297606e+01
1.061364175765658402e+01
2.118278623833977292e+01
8.663203733053567390e+00
7.413230360399124308e+00
1.672775043021276176e+01
2.984228489490385172e+01
7.254710408962557366e+00
9.294505749496210001e+00
9.031202241104901773e+00
1.471109190376093601e+01
4.546919910967605283e+00
2.051192613710286139e+01
6.439968019161373292e+00
7.538118191444985960e+00
1.235731740321433314e+01
3.386926112288541191e+01
8.481468149719161076e+00
7.424514652198952902e+00
1.735109254490719977e+01
6.744059346898589880e+00
5.360992075232010379e+00
4.745444741552278245e+00
7.233294447234779767e+00
8.851998272664040712e+00
9.977639586883341849e+00
8.967171234683402048e+00
9.692440675330354694e+00
1.555654969463560455e+01
1.718238787568890302e+01
4.605195166819326502e+00
2.845935348970157364e+01
7.602506744713840803e+00
1.015727470796060139e+01
1.652419814447934954e+01
6.836285621090927300e+00
1.403711735789470083e+01
1.302828914163731788e+01
1.033034334925856257e+01
9.138585321997949151e+00
6.546083303172233414e+00
1.309579604341399772e+01
1.345729913508844788e+01
6.245739275727657969e+00
9.729968479270640458e+00
1.774694084084960544e+00
2.329367687128284459e+01
2.555047571541961560e+01
1.191065182240598475e+01
8.215459515611687635e+00
3.111749023899790245e+01
1.740411622049061435e+01
