1.537402579722984886e+00
6.751128872648101797e+00
3.650620625129945562e+00
6.720375766208143808e+00
1.917498957718907882e+00
9.568827045528497388e-01
1.497932381158780357e+00
2.409931407095824429e+00
5.940118222982387231e+00
2.754943854790641744e+00
1.082449946837209431e+01
6.841761171027965105e+00
4.144658203686756082e+00
7.030720606740826106e+00
3.895310841934219948e+00
1.477975476718561332e+00
2.171671439906117662e+00
1.703604143821068106e+01
1.312483661004903990e+00
4.965800557121009540e+00
1.205294580232846791e+01
1.213756414995687205e+00
1.888424930769269094e+00
1.125627196878848224e+01
5.275587661207757684e+00
1.255919692447158287e+00
1.605576432289042454e+00
5.917379311683326648e+00
1.442572118939779102e+00
1.635161860917931920e+00
6.347448581843244675e+00
5.530177800259146181e+00
2.054958245728051303e+00
4.710701207664345525e+00
1.577330267864651958e+01
2.674737757985109265e+00
8.687340747486040016e+00
4.515295489665357209e+00
4.147830441803339596e+00
2.313082102001516649e+00
1.118844122431383070e+01
5.476183022340912032e+00
8.649065106489556953e+00
3.634821982344902835e+00
9.846705907455973517e+00
1.309043041238246774e+00
5.383656399067195508e+00
3.451626570211773437e+00
1.012233233928220244e+01
4.461257009659687078e+00
3.308594876735323709e+00
4.208909871463865748e+00
4.962250268532071296e+00
6.203996702272371877e+00
4.713717718593957606e+00
2.052068054186475532e+00
3.632879964873909628e+00
5.015466660054962666e+00
7.244799417943291076e+00
4.590063852272688649e+00
2.045793565587776364e+00
1.295533358986119943e+01
1.152592542302318890e+00
2.236514501738709360e+00
8.865036554576748884e+00
1.681658930637543570e+00
1.936882057749252484e+00
6.962606921761330669e-01
4.020867403140114149e+00
4.952788708094759684e+00
1.314551501053625060e+00
1.859756186155547164e+00
2.623599257251201688e+00
4.918027877356148991e+00
4.315358354577279343e+00
4.547534044945489740e+00
9.441540332857615070e+00
7.596140136563469980e+00
1.073170709876660389e+01
4.562621273138635303e+00
1.706917989806491676e+00
7.312404430782148523e+00
2.612926774066360203e+00
6.236183009677029432e+00
9.088506773307441833e+00
1.066892738713570488e+00
3.966482689615473678e+00
4.085774468921259839e+00
3.004375327850062227e+00
8.302822183279975121e+00
5.248246268417256388e+00
3.736334288430608552e+00
4.019279011464393037e+00
2.105071557455011622e+00
2.021170654519530707e+00
1.522981396989036229e+00
2.588008157742295090e+00
1.204886851991267882e+00
1.102541043060598414e+00
4.127605602100338444e+00
