2.262258555611153099e+01
2.246369813014528205e+01
2.272996557502751003e+01
2.230060774711988358e+01
2.244614571459117869e+01
2.319704189915688630e+01
2.240819276156845774e+01
2.242412857242329594e+01
2.176154049243944399e+01
2.303158792634652841e+01
2.258139948124804519e+01
2.267174519627078055e+01
2.348132974821065844e+01
2.275015983306328593e+01
2.189359633045547682e+01
2.275238395316172557e+01
2.324056635125676351e+01
2.190322315286754673e+01
2.283468183212655944e+01
2.285437523658567471e+01
2.266387096400129764e+01
2.328404092046405793e+01
2.257930758696323537e+01
2.216724637323704883e+01
2.210398133139237586e+01
2.220537045897433615e+01
2.282035208907858959e+01
2.250736228397725114e+01
2.302991089743892417e+01
2.271928052245308294e+01
2.272697813213195417e+01
2.291178008435368341e+01
2.189991327959823408e+01
2.176395218382754848e+01
2.264836043800831078e+01
2.300691485189949503e+01
2.274210640463990529e+01
2.222669090539903891e+01
2.257106075571427084e+01
2.214820442417092039e+01
2.308196848818622726e+01
2.296302692683918423e+01
2.238045017145756788e+01
2.281427453126228500e+01
2.217141979391821494e+01
2.270196900889773062e+01
2.213101103983016316e+01
2.301479730681418445e+01
2.269168448344159472e+01
2.285483845944905568e+01
2.244487651349951207e+01
2.234616019668695941e+01
2.260296754401444019e+01
2.280706000349630713e+01
2.271383922999562444e+01
2.279008414600107812e+01
2.285665189450612189e+01
2.212362605818744754e+01
2.199113638041496799e+01
2.239996652409640632e+01
2.305273396524778207e+01
2.253910983028485049e+01
2.286765813537232006e+01
2.243805978871241180e+01
2.218661571361076668e+01
2.254537221584372375e+01
2.293754645727050701e+01
2.288024622724860535e+01
2.249066627485192527e+01
2.206437391540614357e+01
2.275846592794216505e+01
2.235345035240463218e+01
2.187273487463870225e+01
2.220123799067356174e+01
2.186105397548569584e+01
2.201062944600434079e+01
2.242367062694151514e+01
2.211974165476738818e+01
2.265649950669399004e+01
2.309141204406162373e+01
2.253494833188089785e+01
2.295190501416429996e+01
2.277591876339321786e+01
2.292084975960824167e+01
2.245736617106684818e+01
2.211106263830213337e+01
2.311640737250786515e+01
2.219513800546671689e+01
2.217334069160704857e+01
2.184356556417582595e+01
2.206999910370030094e+01
2.231043515660937615e+01
2.286596277544566647e+01
2.258317775017141926e+01
2.262700637631487410e+01
2.278776306435262100e+01
2.295058543001981377e+01
2.256063947665023406e+01
2.311788969855297893e+01
2.311432945476136780e+01
