6.434361717379788459e+00
3.763934345334776665e+00
2.844432555643032323e+00
1.539618112258051319e+01
2.011404203879066266e+00
4.959374458671314656e+00
4.123514389453148077e+00
6.936165976881897066e+00
7.561893503443486431e+00
2.231195442951438679e+00
1.452196059019904517e+01
6.698487674251004442e+00
8.341505647028238712e+00
4.351828068801173899e+00
1.613605519708499614e+01
5.641638015470022083e+00
6.663270163651355382e+00
7.552556667774275923e+00
3.163995557772269596e+00
9.364616171038687042e+00
1.048575613922502869e+00
1.502905606715305531e+01
8.745760406329535996e+00
1.636212690237418110e+00
5.740990776010177044e+00
3.804738671442547737e+00
7.027864035630426720e+00
1.513528263180698907e+01
6.311870934218388740e+00
1.536216120992447642e+01
2.833096680123815325e+00
4.724788132235241633e+00
6.472608318803176886e+00
2.625561851823565274e+00
4.315463751448491259e+00
6.637591863721883811e+00
6.835492152803433363e+00
1.390162850709237574e+01
8.734684098381024775e-01
5.396115325965205045e+00
6.965590043536248999e+00
4.329731931801967804e+00
4.501909294549558460e+00
3.897430204706124446e+00
5.616833618816852614e+00
3.727607392753699234e+00
1.010448177905516332e+01
8.825946842254575486e+00
3.819360050155648167e+00
1.344352356947460692e+01
4.053698172701273528e+00
3.450708201917467743e+00
7.122558526590657912e+00
8.782515389616836643e+00
7.786876213014791936e+00
4.508179160864529855e+00
1.115920779409471031e+01
1.110506449988819710e+01
7.771285862992011850e+00
3.778905876855193302e+00
7.443141383184201487e+00
1.315392238240102074e+01
6.531952226636481562e+00
5.101076309447799773e+00
4.221972715188584857e+00
2.307407575685563650e+00
3.127259457489520944e+00
3.320083912481662569e+00
3.847915535406934762e+00
9.393570309316038092e+00
1.238983972601271688e+00
4.176082667097137602e+00
5.573602978528033880e+00
4.456337504002354954e+00
9.321300796436968739e+00
1.530971462176039966e+00
7.699785233327404832e+00
3.824930771244086980e+00
1.900294386269340663e+01
7.553429361148675802e+00
9.863618966287956979e+00
1.620486409107994241e+00
8.399218860203824022e+00
9.342366959084564826e+00
4.742168068450880902e+00
4.336221421399240050e+00
5.532895070556756778e+00
1.267487853687755717e+01
8.316132155894916167e+00
1.238384791456389777e+01
1.057270537331870308e+01
3.903761585158704861e+00
2.645199262796265050e+00
1.812783910265517306e+01
2.819548243422797196e+00
6.583932221588641553e+00
3.968287779534458437e+00
6.239658591240458740e+00
2.958140843094750672e+00
2.721880105970333030e+00
