1.136899624937925779e+01
3.027050897641387550e+01
3.069248062370606078e+01
7.412760690895717985e+00
2.984439831706089841e+00
2.382808663310629882e+01
1.935980328616065549e+01
5.469268576246949287e+00
9.526105624654105597e+00
3.089004613231945839e+01
2.277802513001553208e+01
7.853237716407321933e+00
3.037344566343595176e+01
1.274764277413986058e+01
2.391275644183852833e+01
1.491711376630157737e+01
1.947574771280298478e+01
4.262504368013251366e+01
1.019649373201860776e+01
8.563046641957830829e+00
1.975811647912310320e+01
2.385206651909318154e+01
3.268654998283164304e+01
3.899892693062504634e+01
2.605714926920706986e+01
2.167732152828348191e+01
7.267518513472380093e+00
3.544214772109183542e+01
3.031492399644844582e+01
3.313840284989299079e+01
2.147675913834076411e+01
2.642706896548236983e+01
3.751269946170700820e+01
3.186411781664551057e+01
1.240422342931192290e+01
2.446937145305657424e+01
4.553239118287677201e+01
4.577854693734801117e+01
8.525637467421971039e+00
2.551931532101053079e+01
3.116370805324495663e+01
9.530015707363904909e+00
4.295044421920042765e+01
1.965890174592055217e+01
4.503908890001277143e+01
4.669371496196844618e+01
4.579358413473677558e+01
4.195387064948849343e+01
1.509788119837398845e+01
2.324133697093691353e+01
2.836570163947730805e+01
3.163837709464425885e+01
1.763429937294149497e+01
2.899447931111868826e+01
3.041592959641101146e+01
3.863093200849890962e+01
3.171646445133129788e+01
2.315624735137317103e+01
4.615888662616590210e+01
1.289748356612674307e+01
2.251206203242857740e+01
8.571481652711561594e+00
1.432612386073220634e+01
2.249044691150470143e+01
8.769179184663922655e+00
4.672235223192660669e+01
8.920995743967228719e+00
2.305154739001557829e+01
2.557470859330349455e+01
4.355346467911309105e+01
2.826007491177868403e+01
3.096390442881666871e+01
4.407367499368755404e+01
1.083635989922817799e+01
3.821339659220629414e+01
3.036756852248890937e+01
1.466672377887791789e+01
3.297070998428728217e+01
3.192414103404543013e+01
4.634549748054586615e+01
2.366051103946222511e+01
2.810895814852861818e+01
1.068502223252441041e+01
2.106931368984350073e+01
1.533622449337563864e+01
1.600406898544902035e+01
1.180669271048258295e+01
4.498888874487112588e+01
2.236662107630793628e+01
2.956779670397518345e+01
8.461586319731299710e+00
8.163313117921337181e+00
3.153953215103894081e+01
2.237920029412497769e+01
3.937169299298102487e+01
2.591284164646998889e+01
2.878141312747392178e+01
2.180692829492342355e+01
2.696480359428248263e+01
1.153258785506432105e+01
