4.727102807113422456e-01
5.969204508176729762e-01
4.496731144370187394e-01
6.449414361480394486e-01
5.245410609574773231e-01
6.335257829203335689e-01
4.540858900105833040e-01
5.472247416571277334e+00
6.027097997698064313e-01
5.808948363190834518e-01
5.613984658740314160e-01
1.566007169215815509e+00
5.689621165705163186e-01
7.402634198611001137e-01
4.741718155394576972e-01
8.145743442957182889e-01
5.196508018464656153e-01
5.049594858139417886e-01
4.936112003948852633e-01
5.146669503045262495e-01
5.165675656112331815e-01
5.061071515775219520e-01
1.022331381099634617e+00
4.653181125780444516e-01
9.429184625204397818e+00
1.141067290580595195e+00
5.078761196623726715e-01
1.705955849938496627e+01
5.583644548135747732e-01
5.634610251896825517e+00
6.716337852482771043e-01
5.442196991950705165e-01
5.764855787741034465e-01
5.717012868677372461e-01
1.403443456395172539e+00
4.225789591961003899e-01
3.183417625991868061e+00
5.672961495349297945e-01
6.164251584055289168e-01
5.795436273705375507e-01
9.620717423343514429e-01
6.894193785665020391e-01
1.168259907014916221e+00
5.647383665219383175e-01
6.285155429770719060e-01
5.168189803200853305e-01
1.004527190333545317e+00
5.380354779901023177e-01
1.257038246341947385e+00
4.270026039415760755e-01
5.332783242224850007e-01
9.503278732031070763e-01
7.137667324979308781e-01
4.653999727394775854e-01
5.507930355822913127e-01
6.585345047140698238e-01
4.441282489426526814e-01
5.991425224711532938e-01
5.049847824039096489e-01
6.357549279727487956e-01
7.015308290579785222e+00
6.947227281911400709e+00
1.344364290344316260e+00
5.757402113889399375e-01
6.513563748871327164e-01
5.704408958557799281e+00
7.896819694454761951e-01
5.556107097905638170e-01
4.725319554163149860e+00
4.760238935792852621e-01
5.236426676614388542e-01
5.178219953321638869e-01
4.089544245362389141e+00
6.761545765223125892e-01
4.746689960210001002e-01
8.373230419689497994e-01
6.519915849445602207e-01
4.378260747462880964e-01
8.756007912723914544e+00
5.777711660225702817e-01
6.194988399268789303e-01
1.532497842211046901e+01
4.659768900294419258e-01
4.646974449074621205e-01
4.102424813251507985e+00
3.969333889855554687e-01
5.587726387370088865e-01
5.635778202318521002e-01
4.507150503627872062e+00
7.316625313580760182e-01
6.511231966072228872e+00
1.614729737680470834e+01
1.617484796032407246e+00
4.692420846643811649e-01
5.168306795077294291e-01
1.116270618258184077e+00
1.074873846677390832e+00
4.446319168982695302e-01
4.229347214857224757e-01
5.564635820707616309e-01
