6.939961977415374239e-01
1.020092795619690795e+00
7.736303976932190629e-01
1.542375504846709822e+00
1.303036854209036477e+00
7.666783773922449807e-01
7.170149365042297607e-01
5.697103577821280851e-01
1.449357015430868367e+00
7.694426945988965816e-01
5.881340651469972869e-01
5.557262579311714745e-01
1.186702585371069318e+00
3.328251238069339646e+00
3.875245286108851772e+00
1.160105943258464389e+00
6.273962705256223016e-01
6.901569521044675914e-01
7.543822888728204390e-01
6.835645351885884402e+00
6.056939362034786667e-01
4.473272842936912852e+00
9.123793994197439972e-01
6.281572818737036767e-01
1.029958305520338513e+00
5.546191333764020071e-01
8.470188350679949130e-01
1.400071471414198410e+00
5.389299431168893539e-01
5.190051898951507647e-01
7.490784888263199992e-01
1.148498220212981202e+00
5.910403788175419004e-01
9.833610791379293614e-01
7.093712766157468375e-01
2.530732676550090154e+00
4.720076803515525499e-01
7.538444182246011316e-01
7.457273810696112282e-01
1.846317120379952437e+00
1.086640377058169404e+00
5.034642904804151886e-01
1.128060517849471589e+00
7.342020792963543929e-01
1.427389348649276712e+01
1.325884961315415556e+00
6.804480523890418242e-01
4.946048117726468796e+00
4.020642943762917199e+00
4.358390116298543338e-01
6.845877124643557909e-01
5.977709256710734831e-01
5.312813349515084216e-01
1.673896677423035229e+01
1.205600859262261126e+00
5.930757523501630768e-01
5.909959191911228205e-01
6.626863115629899603e-01
6.139561644389459616e-01
2.193736337067576869e+00
1.017383445308585266e+00
1.839256968444993312e+00
1.950519903583292747e+00
6.092402444020016405e-01
7.440713057905791183e-01
1.126072972461963584e+00
2.351133971775469345e+00
4.870980692829734338e+00
1.161625464367299854e+00
5.600554331021958543e-01
5.507158011797629316e-01
6.304805223099229083e-01
6.541816201295804767e-01
5.580228333962595766e-01
5.363441485700021216e-01
7.634238930918360033e-01
2.349798756556538137e+00
3.788349736100599774e+00
1.098084962028136768e+00
1.089387714042113586e+01
5.138505010518327865e+00
7.403837264995787315e-01
5.965740333797859840e-01
1.924205054971683371e+00
8.399945800682238062e-01
5.696947674566273934e-01
4.435106259459404288e-01
6.219295258957246553e+00
6.859337196594063046e-01
4.855474962404293660e-01
1.955984572401691768e+00
6.014719803797797804e-01
1.400987514748702756e+00
1.948168741694332518e+00
6.538711236989824815e-01
1.182396015904623399e+00
6.294939696142982655e-01
6.392987065794779600e-01
5.396608908689907169e-01
1.554607595890796112e+00
