8.053630830833131693e-01
4.727132865812329610e-01
2.097154907974249749e+00
1.764859187223386305e+00
4.461640145795486845e-01
5.171758019782218829e-01
5.319083564921401885e-01
5.485696303878394575e-01
1.157045808922465469e+01
1.469308833111722556e+00
5.799003936033111373e-01
5.779512641919911653e-01
5.838846912244031184e-01
5.752816027119659337e-01
4.911633917804021920e-01
6.046297044727906300e-01
5.639914555421493558e-01
5.117025616473781513e-01
3.908710150933605743e+00
5.336519902118798120e-01
5.552265603732465804e-01
5.015294524785459673e-01
7.412402949181047251e-01
4.491627205475554052e-01
7.415730143574819078e-01
5.350236754759128965e-01
5.960779731339976850e-01
6.322944642408475646e-01
5.831062584287244333e-01
1.816241624972714241e+00
4.800460797991114581e-01
7.446600458424655677e+00
4.388213135449593461e-01
4.723731499465405048e-01
4.553262199876100258e-01
6.004089542993208406e-01
1.982093107014452293e+00
6.310401944100864080e-01
1.583682188560189275e+01
4.333844517612518987e-01
5.145860323448870899e-01
4.645094229842133826e-01
5.359011234909806243e-01
7.494324938566637728e-01
7.775098901386565675e-01
6.822876031766590410e-01
6.667079637061693598e-01
4.103748295441858596e-01
5.384136262433373288e-01
4.580780130487761004e-01
9.181462633382073690e-01
6.978544965220183638e-01
5.304789864553628442e-01
4.635089753881353469e-01
4.919520124219853296e-01
4.367443993913221467e-01
6.741136061113386369e-01
4.604798501709661540e-01
4.570603426238328271e-01
6.342875933151225221e-01
4.726297146687700179e-01
4.530189861047975719e-01
4.555757248838280815e-01
5.329814014479897777e-01
5.729375588389671314e+00
4.530039311853037431e-01
6.388881877924725838e-01
4.906200023503892171e-01
6.731348467518417422e+00
4.753979162502184885e-01
5.450126933233258031e-01
5.170076250810041740e-01
5.447677401879517101e-01
6.418281636062507234e-01
5.836558650354736200e-01
5.664989300686505969e-01
5.238912032939427865e-01
4.855873605329837916e-01
5.951885880636436088e-01
4.618719836535257750e-01
5.016182833514440942e-01
5.377356350972670729e-01
5.745314726149732820e-01
6.332843810099619830e+00
4.017003286723906941e-01
4.809666340062483947e-01
4.582397771822945831e-01
5.263682379886449603e-01
5.263255726361215636e-01
4.978741259087606230e-01
4.895004982145175765e-01
5.093272987557023734e-01
5.437298835529076335e-01
4.979978805577223722e-01
4.417679356071783081e-01
1.048026473984869433e+01
4.593436616137305806e-01
4.179810240648282438e+00
5.903891631000259821e-01
5.396584255865702895e-01
