2.328622615315283539e+01
2.403197648688277255e+01
2.374878292260801516e+01
2.349464554385095028e+01
2.323366798944326561e+01
2.409403316694419672e+01
2.320001302413717781e+01
2.371286204296201916e+01
2.399927385442265759e+01
2.391353653235131915e+01
2.344499230497387288e+01
2.363679389757805183e+01
2.269621811524735833e+01
2.265021264753883301e+01
2.330573998216002707e+01
2.319689637762902379e+01
2.372540291601452722e+01
2.365653287002014338e+01
2.286096481779895484e+01
2.415653057045230057e+01
2.284937747633208005e+01
2.354343361472693630e+01
2.392754491028009767e+01
2.341889847803364688e+01
2.347821442362610611e+01
2.320834040924264485e+01
2.374423754804814735e+01
2.340676188358353826e+01
2.340341583495086297e+01
2.307016662223398029e+01
2.317802762099530867e+01
2.328308164702156802e+01
2.379978711546729642e+01
2.377748515124432416e+01
2.437404873655493986e+01
2.406209667259036067e+01
2.272793945414686334e+01
2.188462735842536944e+01
2.398341314819666437e+01
2.366387617845129299e+01
2.328740670583075811e+01
2.347727388934828596e+01
2.299628478824165967e+01
2.329897280377522151e+01
2.389398024282120048e+01
2.338318196603518118e+01
2.299385867153040763e+01
2.331927467972494128e+01
2.350013027310127356e+01
2.357741612154520183e+01
2.358132209066718232e+01
2.343982484636647357e+01
2.366004997415189592e+01
2.252825367318270011e+01
2.336318486403697392e+01
2.372180881352445425e+01
2.315458750054355974e+01
2.282853574888520853e+01
2.328424822505263236e+01
2.351778593585986243e+01
2.407389888222239094e+01
2.259897353405402853e+01
2.339899563867463073e+01
2.337053355761048579e+01
2.267521688261241763e+01
2.379985163944288118e+01
2.357463991391133007e+01
2.311079551982837543e+01
2.419166401137056255e+01
2.405270415203366952e+01
2.326547131164775450e+01
2.300658187512425101e+01
2.374709265881212517e+01
2.301938721861442261e+01
2.336873069597479713e+01
2.342151516223118080e+01
2.371326907795718597e+01
2.403779619697329295e+01
2.348258695462245882e+01
2.305600717686695944e+01
2.356997328604947484e+01
2.367565891674830070e+01
2.365676491002131243e+01
2.397161224670353974e+01
2.340778787397754002e+01
2.385383396542805556e+01
2.300387214118550716e+01
2.277727595510055636e+01
2.346767335274471478e+01
2.359108471940956875e+01
2.329583285219670685e+01
2.315738685615103520e+01
2.391171631286176691e+01
2.308150218275893195e+01
2.376396243009132192e+01
2.388134154031931544e+01
2.412904285231456569e+01
2.445487879662528030e+01
2.315786221745555196e+01
2.389660674321607203e+01
