4.673709097537194213e-01
4.908680613209056576e-01
5.360488323734113880e-01
4.656260208005171264e-01
5.317638810993430276e-01
4.819120585274888069e-01
5.024276124165988344e-01
5.025755690709236001e-01
4.808877281463553310e-01
4.247323127006472077e-01
5.006682559089868922e-01
5.501176211045951669e-01
5.244409187366380065e-01
5.327713963627070948e-01
4.854657112665163310e-01
9.774860498103401518e-01
1.236866801542133576e+00
5.447258847638132284e-01
5.648413047103695295e-01
4.194984025980510456e-01
5.985415100446436210e-01
5.043045044870022586e-01
4.483554761722242099e-01
4.961600124394444644e-01
6.949471394543769165e-01
4.716568670083856607e-01
4.849041070203216619e-01
4.598061942985548489e-01
5.065543405270747090e-01
5.183715767522176776e-01
4.823937154280954487e-01
4.717231113742951787e-01
4.497091364318309026e+00
5.023471616302042086e-01
5.530499582133493464e-01
4.061736114341609749e+00
4.694781648234404581e-01
4.630727518039653989e-01
4.791108890220677208e-01
4.593803091828165819e+00
5.175288750341718869e-01
4.644022651843208727e-01
4.881008354013163242e-01
5.048947349761387926e-01
4.527797660077291786e-01
5.358015203530442916e-01
4.605597493416105359e-01
5.956419825773744403e-01
4.942260487577817551e-01
4.834646291681367059e-01
4.298539682760294522e-01
2.829322528771419432e+00
4.702547352592657548e-01
4.792110835487607412e-01
5.304937001994083356e-01
9.755303441602770631e-01
5.652447442598724781e-01
4.746443390697309694e-01
5.355870071864100579e-01
6.032300882328501812e-01
4.746487446129197263e-01
5.476274653491648436e-01
5.710165491454483044e-01
5.430159233982264633e-01
6.202713602586088504e-01
4.440671012336036005e-01
5.805379771488077267e-01
5.208869631543129319e-01
5.790590585027531878e-01
5.838581744869819623e-01
5.470849372813931799e-01
5.036921588972691488e-01
7.345047737146903621e+00
5.148156809919826049e-01
5.611708861770581258e-01
5.482629477062993528e-01
5.368719089099470709e-01
4.401745406019884621e-01
4.855223733633148853e-01
6.264830147292382856e-01
5.051403092904813708e-01
5.068633087688749761e-01
5.294630507692111854e-01
5.028716966735763405e-01
8.883871983105148251e-01
5.085209334538521864e-01
5.245889160627427161e-01
4.552376253094951863e-01
4.186299328449958890e-01
5.625161559342485296e-01
8.772829200586702569e-01
5.546227936477678977e-01
4.797213419961884884e-01
5.364536924733801504e-01
5.758371566395355856e+00
9.028001922189045070e-01
5.013949908598793748e-01
5.294168509535969180e-01
4.478713561226400630e-01
5.804324301459858892e-01
