5.316136857670596960e-01
1.857483471698871291e+00
4.438696758397491782e-01
4.901719880642885219e-01
4.528686710409589589e-01
5.025839280840163070e-01
5.230816888438873935e-01
5.606587322126085349e-01
5.299780550020859460e-01
5.916700621042139119e-01
5.404541409106404792e-01
4.823963864318940864e-01
5.173075846330977834e-01
7.557146267161676256e-01
5.089775670996924406e-01
4.577315270894937171e-01
4.684232739635905696e-01
5.052344693177928114e-01
4.917449090320000771e-01
5.139560632012593056e-01
4.875515033233930873e-01
5.350084006555110294e-01
5.158986907451597048e-01
5.331457562287403862e-01
5.921930968196894574e-01
4.447019847168475204e-01
8.236472109478014669e-01
8.343130078050474685e-01
5.366222002114013900e-01
6.098614411349840836e-01
4.969483063229050424e-01
5.438504779065023165e-01
5.133593351060542487e-01
4.654295910771578670e-01
1.337483251943345497e+00
5.092675294829430710e-01
5.436441525835812305e-01
5.840754338052658312e-01
4.669541665864814783e-01
5.065474178194586674e-01
5.505421864055952685e-01
4.681936351845758515e-01
5.163892671373988552e-01
5.027668052538073473e-01
4.506297918170600325e-01
5.106966700477040266e-01
5.979229793820584060e-01
3.940235949122192216e-01
5.687770485347674043e-01
5.226201345361669581e-01
5.821036268170625139e-01
5.335236062209819385e-01
5.209073754140597368e-01
5.145871957431389365e-01
4.850572053642437376e-01
5.183021999599689345e+00
5.792160566520599962e-01
4.418991093565537986e-01
5.316771538170130817e-01
5.333706206213986167e-01
5.879876845840305011e-01
5.154550606530330370e-01
4.478811038059141936e+00
4.714489180678749225e-01
4.945558012648268442e-01
5.558047076760798122e-01
5.291459789866133079e-01
5.435163448103071948e-01
5.208248627327871638e-01
5.940442548743385398e-01
5.013841514619098438e-01
4.767179740811597344e-01
4.055674757985534562e-01
5.047564140332031490e-01
5.414704680777205903e-01
4.834105573723546656e-01
5.477940734317431337e-01
5.030846156563701932e-01
4.752819371244886293e-01
5.746154379462568018e-01
5.382740876887794901e-01
4.538578461455511359e-01
4.768996265245157851e-01
4.525812930165915571e-01
5.959554757429907923e-01
5.258535019728186599e-01
4.783840959621638023e-01
4.241434805917219109e-01
5.140930660742613068e-01
5.736611370972697355e-01
4.857250494682792685e-01
4.950175794413654851e-01
5.023250702860163619e-01
4.871853727165519898e-01
5.242947184596465915e-01
5.398846864631340337e-01
1.069694660522433338e+00
5.044092679043169491e-01
5.966159465123390682e-01
4.547910275942826375e-01
