5.218410066094891775e-01
6.066500173350067859e-01
5.057661353314307773e-01
4.841596361120943937e-01
3.654399287100005833e-01
1.516431253984740657e+01
5.287309680520839716e-01
4.609631276220337859e-01
4.686944456798356473e-01
6.404816758478312222e-01
4.782668134914941915e-01
5.064051831870398646e-01
1.129616120938701940e+01
4.941087916765907195e-01
5.061537907384660029e-01
5.394864832982634306e-01
4.511363541260824950e-01
4.979713955327763619e-01
5.872909010967040100e-01
4.553823753934056473e-01
5.861257891150878363e-01
4.885734058047351835e-01
4.725510595255535962e-01
5.105078390708083225e-01
4.883564140724055425e-01
5.634856811338418980e-01
5.055888479590998630e-01
4.342087759677639713e-01
4.864661314645371548e-01
5.573709468210790163e-01
5.861219996067905669e-01
4.390168671751620844e-01
4.673663170638907571e-01
5.684888290920190324e-01
4.411677917171227259e-01
4.548654547434514694e-01
3.964352803813027681e-01
5.784745232781813851e-01
4.454688673304527113e-01
5.127597714593257194e-01
5.369296104613193732e-01
5.305705967186391536e-01
4.765604420201398628e-01
4.766236678616750932e-01
4.721810978218883847e-01
5.972283045402208002e-01
5.346523985888068653e-01
4.932365331431006195e-01
5.828192852995666140e-01
5.088341067307448062e-01
4.873036415569428348e-01
4.999887593267438035e-01
5.599711917883026802e-01
5.315872803258144819e-01
5.350919307508346101e-01
5.794625228955599949e-01
6.041122317591176571e-01
5.164898261455543871e-01
5.238416984289993028e-01
4.881228347599055328e-01
1.384268460513657750e+01
5.318469419542186660e-01
5.021171759574097893e-01
5.109943907013742015e-01
5.027853660538229574e-01
4.976131743781123662e-01
5.425521809299310716e-01
4.790123066764434001e-01
4.568678847462242509e-01
5.576566663815634151e-01
5.404695240565989822e-01
5.246901151589247192e-01
6.117985671886490007e-01
4.860036426711321078e-01
5.291254489567359665e-01
6.295918284657501252e-01
5.793787798476736084e-01
5.413885751915294975e-01
4.967053718743950075e-01
4.843576908813129189e-01
7.212230528855618772e-01
5.134249995129731570e-01
4.802220495920802024e-01
4.149926979553083539e-01
4.977591932336185576e-01
4.648287053924955448e-01
5.366575057036679919e-01
5.301246807164128327e-01
5.254572629068097189e-01
4.742129855028834329e-01
6.477421849617559513e-01
5.489899719339268458e-01
5.419289012783541359e-01
4.790239783681514707e-01
5.080729775046697316e-01
5.278063744021587178e-01
4.728465039630203037e-01
4.860770261593987396e-01
4.619867734248823132e-01
5.235613357611246244e-01
