5.702199212824967667e-01
4.842980395612511701e-01
4.636195399632139225e-01
6.040893637544826333e-01
5.116747157369132548e-01
4.776507358128362357e-01
5.696873138498347311e-01
4.857788901759997335e-01
4.153865750580009175e-01
5.285278587782961113e-01
5.349996761998909722e-01
5.488527208080616893e-01
5.409080435310107404e-01
6.064914427802153840e-01
5.300693293536816730e-01
4.403286756448124284e-01
5.501506223766847725e-01
5.396275654551738743e-01
5.929893006942358324e-01
5.128928493909320485e-01
5.673748392203316060e-01
4.889237214915079788e-01
4.943232672308350839e-01
1.086678238382369166e+01
4.464623773770907689e-01
5.193589235169201457e-01
4.916800494721554893e-01
6.992429581766216318e-01
4.808750424470449314e-01
4.717900065826608480e-01
4.854791773560055423e-01
2.051726971129409272e+00
5.130452814214653268e-01
4.919026390365879298e-01
4.637964428325707655e-01
4.202177544215676686e-01
5.270524275352471699e-01
4.726049816636594403e-01
5.400154932970971933e-01
5.788097964103596782e-01
5.545311516909365857e-01
4.255007309808504501e-01
5.134717749715425050e-01
5.869786670502050718e-01
4.579303801326189416e-01
5.318269134631256057e-01
5.819318358168458216e-01
5.447954323711873270e-01
7.209574661233835169e-01
5.090726062359139936e-01
6.898993529505832445e-01
5.742732282069291649e-01
5.104479647133344233e-01
4.826968308741065306e-01
4.986612034910644087e-01
5.565788063513310568e-01
5.501581914246945759e-01
5.112660759176793634e-01
6.711369524367475359e-01
5.438002625905843379e-01
5.272010378695088928e-01
5.270817999464356696e-01
4.652085663225695722e-01
4.495527144421337384e-01
3.032413553174430287e+00
4.177953792535622490e-01
4.564134235651852167e-01
6.706652280477484185e-01
7.344277785503906530e-01
1.131214749333620340e+01
5.188049120814799409e-01
4.966345541044841494e-01
5.740208651189593336e-01
4.703320321397909676e-01
5.382745474643491068e-01
1.772793495992667223e+00
5.796627359700585735e-01
5.257577865016226371e-01
4.958747378210921486e-01
9.751174236063339107e-01
5.543916990952665325e-01
4.695880562017547000e-01
1.933699303259046598e+00
5.300110767357876229e-01
4.606928844191285899e-01
4.709128348838451661e-01
4.937756793479661233e-01
5.850235097465277256e-01
5.307598256694469052e-01
4.765370970730957167e-01
5.491355660480368162e-01
3.622955308925428941e+00
5.219165291252400030e-01
4.346727578025519345e-01
4.888582527055710947e-01
5.856168438192258519e-01
5.163544614515895859e-01
5.059751533652052657e-01
5.236681496729039820e-01
4.683028681178161845e-01
