5.521213392826663791e-01
5.273559691080105249e-01
5.397536716019930569e-01
4.952945982423571647e-01
4.870000406095355561e-01
5.109533452985568491e-01
5.050244616125926234e-01
5.103112189547461819e-01
5.058078416161155832e-01
4.828451776388293371e-01
5.022959024522039018e-01
4.679500324361562935e-01
5.108711586768874824e-01
4.963418652375763407e-01
5.249933507824475765e-01
5.738033263324689992e-01
5.400626114119594368e-01
4.846824703791626776e-01
5.006114727675546883e-01
4.850965723726159973e-01
4.783173307638126093e-01
5.131199179848147107e-01
4.912853282144125644e-01
5.565497413192610487e-01
4.908996476455784186e-01
4.582533497191454974e-01
4.818629953246395536e-01
4.600819614026748217e-01
4.496821616149985767e-01
5.956296125999713809e-01
4.339963580360227113e-01
6.228867711874729318e-01
4.322194115523095848e-01
5.297184780860381137e-01
4.465667987074032896e-01
5.095379883769923790e-01
5.059174604199142555e-01
5.221326985602295911e-01
5.058725727382744619e-01
5.214328778828650757e-01
5.111480769575174055e-01
4.854205724172805936e-01
4.314022291269064002e-01
4.344127974050545071e-01
4.544674004909431408e-01
4.513121895379842430e-01
1.262969433282362886e+00
5.408226850622583903e-01
4.466189567432312657e-01
4.678269901647535978e-01
4.684310835776094861e-01
4.423896540076910355e-01
4.709478642291475836e-01
5.187905756722251960e-01
5.825687398398159411e-01
5.731393217398286222e-01
4.997743355288991052e-01
5.409492831952146252e-01
4.613243312059044920e-01
5.638619436881037172e-01
4.469105144110715466e-01
5.573852322057428754e-01
4.563531830017063529e-01
4.647042013490860768e-01
5.060143025792706029e-01
6.077683531605094780e-01
4.271482242115078320e-01
4.835998027772135943e-01
4.890161292823195782e-01
4.783865819997181190e-01
5.914405871104468915e-01
5.904425554040169111e-01
4.943281571161431964e-01
5.306376523463796069e-01
4.913256517369488097e-01
4.424738955571535515e-01
5.061011519296091388e-01
4.817396688565044882e-01
5.232148040418883594e-01
4.851527019388116591e-01
5.554545909166459516e-01
5.258293760426160368e-01
5.222610052165149730e-01
5.014286738401780852e-01
4.658983908278309660e-01
5.595102420154921541e-01
5.040308244139528604e-01
4.136673687241901876e-01
5.042325168875486652e-01
5.505681393529369139e-01
4.801475478634224525e-01
4.665700514246216013e-01
5.773216185411168544e-01
5.089640912606306911e-01
4.730438055304310163e-01
4.550608588480075101e-01
5.563782504457589484e-01
4.656823234004370260e-01
4.981127585210347042e-01
5.097302235007665772e-01
