2.577536321800425512e+01
2.513716674427289632e+01
2.537150458671100850e+01
2.685805227913005666e+01
2.566145217925441813e+01
2.556303801725089997e+01
2.547127770125417712e+01
2.527369595231667887e+01
2.544643495710840853e+01
2.563611277902606744e+01
2.506481706170815826e+01
2.482978335684453697e+01
2.534341424717984026e+01
2.595779608947558259e+01
2.467336589002715286e+01
2.634551212006508791e+01
2.561900532742308201e+01
2.582568393012662966e+01
2.525164711036598675e+01
2.447658654768664377e+01
2.561429537368662679e+01
2.534635104042540732e+01
2.609831623512246068e+01
2.582637737549684331e+01
2.581367780594305472e+01
2.644218639132084903e+01
2.450237111262662637e+01
2.475028039176013905e+01
2.553616067315368099e+01
2.506174687786840138e+01
2.516230898135586358e+01
2.513251192994275485e+01
2.582669174410239421e+01
2.619110563473927300e+01
2.587303817047689236e+01
2.552872282050869757e+01
2.620863974449496681e+01
2.658586307682620031e+01
2.556734861149216087e+01
2.611335164944689069e+01
2.522053960565119013e+01
2.628057272284007340e+01
2.563644011474151441e+01
2.600876993030059481e+01
2.490682489645859476e+01
2.499997313766186124e+01
2.529838867661928603e+01
2.511647160500133324e+01
2.554993544999515009e+01
2.526170212690539074e+01
2.589670505442374449e+01
2.550862397459085429e+01
2.516040353278497932e+01
2.531017183905306211e+01
2.484993901147536377e+01
2.653829539652969061e+01
2.560542188841209921e+01
2.568978156007672098e+01
2.497063594402630571e+01
2.594702023091417686e+01
2.512557161187960375e+01
2.600896005971442904e+01
2.477151228542832229e+01
2.627764978524074380e+01
2.469925116988028080e+01
2.580116107682502502e+01
2.538225571261041225e+01
2.543779483041000589e+01
2.638769177759620987e+01
2.509767622025243838e+01
2.582628708032213538e+01
2.565844846538578850e+01
2.487178806625912841e+01
2.519614275631924016e+01
2.556508454853489809e+01
2.579614288588302529e+01
2.548446917817407709e+01
2.532260423963719020e+01
2.535568185682196329e+01
2.518776786468584561e+01
2.635303376314822543e+01
2.608467969516461338e+01
2.600852902070295158e+01
2.598442021444979488e+01
2.485153792339141177e+01
2.476749623786117738e+01
2.597163734090251808e+01
2.578379683395469968e+01
2.494078155378636552e+01
2.532972122892607558e+01
2.633878811093212136e+01
2.620526719726760234e+01
2.553919221907448289e+01
2.505658403903718323e+01
2.593050419797466688e+01
2.639928464651721995e+01
2.571896472076210216e+01
2.428097952540218785e+01
2.535000257868121665e+01
2.457179136544540299e+01
