4.589737631669100204e-01
5.243596566842796403e-01
4.310137514713566209e-01
4.507083136063378959e-01
4.726778158293268861e-01
5.237541366481601735e-01
5.164739850629284090e-01
4.694659405918274464e-01
4.513285723588362219e-01
4.934950708944097486e-01
4.707749663131164941e-01
4.347822361091144838e-01
4.984964387991130952e-01
5.161835806551225980e-01
5.195837016258716412e-01
5.158256335910641477e-01
3.885700495373879404e-01
5.226363961606207420e-01
5.891370322863679343e-01
4.582559696940116667e-01
5.885440705374297421e-01
4.967128823766295276e-01
5.256709995123743928e-01
4.749475775152308121e-01
5.082274548082041932e-01
5.468112421305448834e-01
5.283184887182984513e-01
4.489179966460164484e-01
5.113271757642077198e-01
5.001580566978125475e-01
5.252216004522576309e-01
5.269945951542606144e-01
4.718970685577689173e-01
5.002389674723692892e-01
5.918531747674961041e-01
6.240312221409163307e-01
4.500608448683476870e-01
4.789102429995711341e-01
4.975208584901651965e-01
4.372304027428371986e-01
4.669630915325755915e-01
3.655937362364251597e-01
5.368615941707463035e-01
5.189402966008890283e-01
4.623600511264127633e-01
4.395922761756454467e-01
4.621474326303059432e-01
4.634753951844318709e-01
5.101397979710154962e-01
5.197252992410453798e-01
4.841018360850163349e-01
4.503677042307259737e-01
5.340497978812387414e-01
4.832803910531391356e-01
4.984413089696461130e-01
5.017054375792254772e-01
4.407178779341875963e-01
5.329329429506739491e-01
5.628021495980289890e-01
5.176785400174547247e-01
5.532323437557307155e-01
5.189073871115531533e-01
3.994152118954247821e-01
4.497196005573060873e-01
4.859497951086156342e-01
5.475303422807836773e-01
5.235641364369687523e-01
5.187184572511087666e-01
4.540411272354638594e-01
3.997858812887034041e-01
5.247290548109122543e-01
5.377831394285341737e-01
4.982460723627318289e-01
4.465328708495785448e-01
5.878321043419959535e-01
5.318430995310257092e-01
5.272795451754949125e-01
5.170363196622385082e-01
5.596494929076756275e-01
6.138621631633626174e-01
5.300669407618411322e-01
5.616353096349723240e-01
4.607104614665234465e-01
4.936374469073109283e-01
5.248364099572558894e-01
4.670485996791193251e-01
4.816355962405306501e-01
5.459326786322159508e-01
5.103919118510841235e-01
4.228388793834251813e-01
5.099214851719472419e-01
4.418289565356046111e-01
4.584808198124126211e-01
5.097391696384356852e-01
5.234929368946478201e-01
5.095641905834397134e-01
4.883934760966706645e-01
5.125762815598601252e-01
9.838545811532189989e-01
4.853991345911425892e-01
