4.583080713613411628e-01
5.139184972252732742e-01
5.682283758804366203e-01
5.151090989838933432e-01
4.824926349358879540e-01
5.230800101219960085e-01
4.773566949900617806e-01
5.359680305692597901e-01
5.501412332030084507e-01
4.828715144731788311e-01
5.292950787482582076e-01
5.472172114737117177e-01
5.160101389983405840e-01
4.610763900728691578e-01
4.921172281509927360e-01
5.425379966051441238e-01
4.980097094795316592e-01
5.174802122484852829e-01
5.002759920619467282e-01
4.778478377573862623e-01
5.599028719807590537e-01
4.878892179089339143e-01
5.022993112907723212e-01
5.764137968009779289e-01
4.526419174918869248e-01
5.957485819868876264e-01
5.900144900004937742e-01
4.896041020889954631e-01
4.913323081109667312e-01
4.900845366078077636e-01
4.345143682218924885e-01
5.271389140093858394e-01
4.403706963623151838e-01
5.033885276060289238e-01
5.546648161221094941e-01
5.390160261020988663e-01
4.608954986777408780e-01
5.312192010745320214e-01
5.597855756738575606e-01
5.032305954173572626e-01
4.259317472773269664e-01
4.802450503360877199e-01
5.696081520867396497e-01
4.925347245130750617e-01
4.183094219305248385e-01
4.965217880851465759e-01
5.446474135751516732e-01
4.536310622586894326e-01
4.425335007512353758e-01
5.180173706764837904e-01
5.579902302015641302e-01
5.105984406311101509e-01
4.881869579978155849e-01
4.759706109537562013e-01
5.645625677936098041e-01
4.551012845039312804e-01
9.077177779497814569e+00
5.003105133736824861e-01
5.044882673188719746e-01
4.394250889193469511e-01
5.462781273118043623e-01
4.875134759248980765e-01
5.019634968348889448e-01
4.900755062966926090e-01
5.292279067276225435e-01
4.796254012272925249e-01
4.154443916812923243e-01
4.790756317488608085e-01
4.174891733299522234e-01
5.508387050553378295e-01
5.340726442362024873e-01
4.827024517239933421e-01
5.790053029745694246e-01
4.224089789206793011e-01
5.679100982378849638e-01
4.725711971910492304e-01
5.008053651600170575e-01
5.356321141476916292e-01
3.917707297782915821e-01
4.795591501851585448e-01
4.659698503159183658e-01
4.525680848519647581e-01
5.049479144466076930e-01
5.421395447602320727e-01
5.234741286981953179e-01
4.755050402634178330e-01
8.543112352065531212e+00
4.652350808322270326e-01
1.130747919070739904e+00
4.713795052836209365e-01
5.933952066706250639e-01
5.330957151203217226e-01
5.011531555185306797e-01
5.141721040532013509e-01
4.997168613341523846e-01
5.219379064108163879e-01
4.267154008094682371e-01
5.415277696506148875e-01
5.529197278465389775e-01
4.873274500608303916e-01
