4.629945454873521382e-01
4.849941385187903076e-01
5.161134587108940908e-01
4.732546500320183869e-01
6.092841917883538017e-01
5.262518118190648853e-01
5.429715984490256497e-01
5.131726909254222813e-01
5.486096044899901880e-01
5.051784824681527786e-01
4.121278742680396512e-01
5.249400056218777033e-01
5.014128996799880333e-01
4.502115761686719675e-01
5.165454046364432728e-01
4.871188148337483037e-01
5.435551916207140843e-01
5.026600275655823680e-01
5.799626488350710929e-01
4.729563457817400618e-01
5.289554847817793393e-01
5.403188900831823460e-01
4.657230309380842037e-01
4.768755403708924145e-01
5.559958512543411446e-01
5.397739411888633487e-01
5.451264852180713882e-01
5.589486532216957348e-01
4.327116463285156645e-01
5.318531152464088807e-01
5.456222716954066687e-01
4.471734952228891835e-01
4.394505092008761937e-01
4.559786756202511282e-01
5.241549889404614193e-01
4.502813717565365970e-01
5.473856839251695083e-01
4.876656632969338379e-01
5.071690260700244535e-01
4.241760394053198380e-01
5.253734026058420881e-01
4.820923186785836534e-01
5.310809679648031967e-01
5.492510329359626686e-01
5.755655855149660605e-01
5.337131810671961185e-01
5.398658104758098375e-01
4.861476110195649403e-01
4.455854793528479241e-01
5.220047051965873708e-01
4.243673436965217927e-01
5.480822294212324142e-01
6.564314232145127548e-01
4.494796731657609290e-01
4.803876376949519078e-01
4.203223232644744400e-01
4.164684622792903523e-01
4.855400917797673688e-01
4.019088311447709949e-01
5.421434365899713281e-01
5.632062505511117312e-01
5.301259720284069443e-01
4.777531887615655282e-01
5.389915179057309658e-01
4.989544219505881451e-01
5.456364674808731330e-01
4.466776772260194761e-01
5.260509628396078385e-01
5.266709847106989528e-01
5.739091442725351433e-01
4.607942675113749220e-01
4.541163197853788080e-01
4.250619100537053607e-01
4.933259601786926241e-01
5.114271127526106575e-01
4.865172864382841245e-01
5.641402536427527759e-01
5.440388300080035711e-01
4.897342618069767672e-01
4.853069878651176117e-01
4.454433686043215435e-01
5.174262178124194866e-01
4.866247628141652792e-01
4.883974434792310859e-01
4.361249403470252584e-01
4.389527587739067149e-01
5.666722868227405119e-01
5.067455291177092036e-01
5.985566308698678784e-01
5.082899146718667938e-01
5.753695230548470096e-01
5.250564248297037162e-01
4.463927828450147128e-01
4.485444912894575586e-01
4.950989941698884511e-01
5.621130743256330664e-01
4.340439824001885438e-01
5.261837088215621794e-01
5.119120113205335443e-01
5.317110680099292885e-01
