5.688308729951270237e-01
5.879085387218082603e-01
5.341295198304059078e-01
5.753865559530066953e-01
5.800271848847214917e-01
5.446728553382388371e-01
5.081456636069154875e-01
5.580646754820511868e-01
4.720706979961267757e-01
4.975647997107512932e-01
4.372510944638172692e-01
4.856108418035038898e-01
4.671419484060546079e-01
4.639004062838655296e-01
4.813277546675261420e-01
5.490332629946903520e-01
4.735619419222444892e-01
5.686547037278474326e-01
6.554407419746216545e-01
5.047727938266125536e-01
4.633913200198490068e-01
5.052004003740863114e-01
5.079410430469003535e-01
5.027282192688335982e-01
5.310314624116004856e-01
5.028809762052541821e-01
4.380641526910854511e-01
4.848198509218969443e-01
5.065512024296164872e-01
4.911239863369784575e-01
5.260564436754916473e-01
4.885085390215989087e-01
4.758805147252521683e-01
5.286558348704794019e-01
5.093075606916219744e-01
4.584080444353361705e-01
5.455895745106402739e-01
5.572990457642019724e-01
4.673560007864140387e-01
5.192381555807320526e-01
4.539581315052415578e-01
4.701013969720118646e-01
4.895538020769276133e-01
4.709298339375054820e-01
5.275043811668148619e-01
5.181008438649707948e-01
4.974677205305592098e-01
5.213959000817809386e-01
5.024450594349415544e-01
4.398381655508095678e-01
4.338394116984278237e-01
5.633649054937951428e-01
5.438772682837662575e-01
4.941986200345257485e-01
4.458031389076330120e-01
4.621332577269963160e-01
5.089761562538457351e-01
5.827007161535167068e-01
4.850110075714527125e-01
4.534718700484213771e-01
5.061948202863773005e-01
5.442785479319276476e-01
5.104532102638961177e-01
4.857770811851136461e-01
4.655617363016155141e-01
4.937844445710550811e-01
4.309533747625665656e-01
5.427886583139232002e-01
4.998704511660443939e-01
5.050944586059561425e-01
5.565670211860032079e-01
4.773615975102041831e-01
4.384705554184000209e-01
4.831049981227273915e-01
4.881100090852710238e-01
4.783525294950953799e-01
5.424120165590545772e-01
4.861169466189191324e-01
4.812775000158612260e-01
5.004902415583617481e-01
5.478023799674384131e-01
5.359395497488762539e-01
4.983587423766195346e-01
4.587490430145741427e-01
5.119451901686951079e-01
5.064399314960159604e-01
5.414898741486533496e-01
5.769884038230747025e-01
4.555923746333192526e-01
5.315320885246053173e-01
4.913772416780043950e-01
5.218376029725413368e-01
4.902675870051892981e-01
4.966395720619476983e-01
5.454405203294048210e-01
4.924922474792512439e-01
5.227638644049559247e-01
5.162132357426949536e-01
4.803841370922210530e-01
5.338590986720090914e-01
