5.371641777772862003e-01
4.704983146061889054e-01
5.512071738017105815e-01
5.760442723223656580e-01
5.226356694834840555e-01
4.953812100198154988e-01
5.544348890138341979e-01
4.854173718384109382e-01
5.077593094206485080e-01
5.137495951606531053e-01
4.969043308708036566e-01
4.844495000812834573e-01
4.831038340098571249e-01
5.138651626978438802e-01
5.045773853753529048e-01
5.094792445214042509e-01
4.905885464331531387e-01
4.577963003673624631e-01
4.917024044591373766e-01
4.504455153924212807e-01
5.989563736779957015e-01
5.509584564701627274e-01
5.031937841024328728e-01
4.974460303029433761e-01
5.110434485516290870e-01
5.117914240411425286e-01
4.902179924763493957e-01
4.205909688499919752e-01
4.839496592218531235e-01
4.470323001555514542e-01
4.174175594884858009e-01
5.726484237594777760e-01
4.854813542966576190e-01
5.300713673045446273e-01
5.387569807040295533e-01
4.577667154410403616e-01
5.292723356988179306e-01
4.897865244998926837e-01
5.055333974694340426e-01
4.801700320146148337e-01
4.682094351900617513e-01
5.064686017481193625e-01
4.896495724184972143e-01
5.764517410762671767e-01
4.613805035452613890e-01
4.805944647804710201e-01
4.930904098210955322e-01
5.315742995269227000e-01
5.008016534045025558e-01
5.847314341602426468e-01
5.380615277590650170e-01
6.185687589738039227e-01
4.959198503612712861e-01
4.903030871746327790e-01
5.496622452567340167e-01
4.610042415669079463e-01
4.548323272712257448e-01
4.475207714778401957e-01
4.858040108231091447e-01
5.295294158358816450e-01
4.495515005985706303e-01
4.600005720427026712e-01
5.303017187630105767e-01
5.365840831787652698e-01
4.793966456446277502e-01
4.743147480576724306e-01
5.546360520851280063e-01
4.741133428744107592e-01
5.598655768141961309e-01
4.448982036643282512e-01
5.484635914288822356e-01
4.259797602084309798e-01
4.911347001169991677e-01
5.064322515012373849e-01
4.766256890236255095e-01
5.543372212708779223e-01
4.186206494926445476e-01
4.829706830915738158e-01
4.539662034006436975e-01
5.278590361033913547e-01
5.301806850126550286e-01
5.533141809071421280e-01
4.867492531361105601e-01
5.271213330721465917e-01
5.640682854069739571e-01
5.057096462307629769e-01
4.314383116757172787e-01
4.353667023101982503e-01
5.025641575171770903e-01
5.522224842437502002e-01
5.779781330929365524e-01
5.565351434506546902e-01
4.539499133342976833e-01
4.762884383301577151e-01
4.404458373526369819e-01
5.503003636460145342e-01
4.266996698989294901e-01
4.929405550999497176e-01
5.382953776125320999e-01
5.184312184463734097e-01
