5.242720877633038068e-01
5.278201772702239003e-01
5.150096515079680692e-01
4.713051698957572144e-01
4.906967428536738729e-01
5.102579357402698967e-01
5.501622901541447508e-01
4.717021944149700219e-01
6.456296541988564286e-01
5.883857445124172081e-01
5.450530920452101302e-01
4.825716000863231048e-01
5.215090160361672833e-01
5.606646798882831684e-01
5.576714059465718298e-01
5.431912862085291893e-01
5.117775843241479938e-01
4.825367387658476281e-01
4.169535920872921020e-01
4.501634313015215327e-01
4.743432213395566421e-01
4.872318297870224524e-01
4.621015344158470040e-01
4.744153059907298964e-01
4.892918316617423380e-01
6.281425330352697900e-01
4.739089683743488712e-01
9.337269309426251551e-01
5.173845823912760489e-01
4.922015436432586877e-01
4.428040792570615558e-01
4.763461888847107528e-01
4.473534313917381100e-01
5.417129291341274966e-01
4.876746272986234865e-01
6.367962993919220605e-01
5.028779331340150760e-01
4.843833058036338679e-01
4.375404281797076189e-01
5.760762165695734183e-01
4.675942674385150100e-01
4.690114028012301040e-01
4.551335127465069297e-01
5.865496211098953916e-01
5.179787250876833893e-01
5.721662244778636941e-01
4.479974444780861487e-01
4.679884090520353146e-01
4.721967766488799900e-01
5.289512544174711506e-01
4.873459220745116061e-01
4.804599102696370805e-01
4.673291288150914768e-01
5.057344574489691658e-01
5.002084237784901743e-01
4.700448733737809803e-01
4.812348236261869694e-01
5.068759874879436023e-01
4.964863546532112260e-01
4.813098838822385539e-01
4.154510296610365305e-01
4.969448973526746638e-01
4.778095463840450474e-01
4.910068808507975779e-01
5.325621593474378912e-01
5.225244372447249708e-01
5.939895517362496768e-01
5.049656022941210187e-01
5.317656418736036450e-01
5.370323586293037632e-01
5.383821483814985598e-01
5.007769175009797458e-01
5.048044911550155778e-01
4.418731522108812482e-01
6.480165886562534450e-01
5.584677403215703162e-01
5.376870689840717032e-01
5.112160734781331373e-01
4.739210236234610574e-01
5.312424309006077427e-01
5.081386078046276067e-01
4.971382499379862208e-01
5.130993650900301795e-01
4.872698957257183827e-01
4.677786448336329617e-01
4.815195325737100518e-01
4.594019367855214919e-01
4.802948404862802945e-01
4.346883834064953489e-01
4.656446261237753848e-01
4.925597161867149021e-01
5.612845937283782449e-01
5.232466547655476585e-01
4.729297511065398418e-01
4.971754871510482565e-01
5.705968405504341368e-01
4.843263586628840933e-01
5.203999912341669143e-01
4.889227157959036840e-01
5.101019326650868546e-01
