4.772442759583531702e-01
4.699849007513036137e-01
5.014042283747044415e-01
4.415477809266329934e-01
4.583085508641581707e-01
5.472473982349391752e-01
5.125055762058970954e-01
4.986521317074001369e-01
4.159613881565252247e-01
5.275164218150724116e-01
5.162333158510964415e-01
5.137267807313442569e-01
5.079685822932232808e-01
5.579243419474667620e-01
5.517155642562024953e-01
5.896181359433280145e-01
5.440870013273736427e-01
4.758245558657037688e-01
4.634721500034198471e-01
5.412549807792741419e-01
6.001601616808294182e-01
4.915347541257312214e-01
5.068959974372370114e-01
1.063900994333842887e+00
5.357267248152884909e-01
5.723046608710186112e-01
5.408218355614257122e-01
5.371736928535991717e-01
4.683870058135527481e-01
5.417886654229937538e-01
5.191666495720940189e-01
5.141783172620724152e-01
4.783412098972859017e-01
5.165475937580200627e-01
5.570421359140471651e-01
5.148685409591013951e-01
5.543060058651019251e-01
4.854072367801372523e-01
5.096912424160943145e-01
4.396264709964181616e-01
5.623461291248039728e-01
5.370985452122353232e-01
5.206242706123139774e-01
5.223128208434395514e-01
4.403861545513742537e-01
4.244487374215706876e-01
4.749787289611163144e-01
5.113387647237316314e-01
4.559079111790663719e-01
5.627693051700393134e-01
5.192703003940615236e-01
5.091369608676096226e-01
6.555412685813546414e-01
4.487976190237685792e-01
4.976912245311178595e-01
5.191810367659237535e-01
5.454466401916405749e-01
5.291770234316409693e-01
4.798678622261906002e-01
4.874394077843437478e-01
4.866756024754750887e-01
6.388143012149062328e-01
3.954538461647696401e-01
4.012051278977131208e-01
4.882424616808178630e-01
6.534160011131929791e-01
4.529805310489969927e-01
4.518579246262903748e-01
4.708655384792136411e-01
4.951892740186479847e-01
5.211037113050447367e-01
4.712100848850186985e-01
5.045818718028597383e-01
4.885604151810086226e-01
6.435713665646298764e-01
5.330190520568649504e-01
4.972983341698428150e-01
5.491300996429133718e-01
4.720820045127118725e-01
5.336570083827095745e-01
4.792238476712423201e-01
4.423738600836372714e-01
5.231387625646229944e-01
4.116837125008739884e-01
4.758737660658002855e-01
4.667455484012287825e-01
5.419761969206362551e-01
4.345833810229764449e-01
5.688675611220791462e-01
5.243340734659168723e-01
6.300236266036728372e-01
4.427607339690140531e-01
5.439311200424895576e-01
4.802448121071672960e-01
4.715089426820446294e-01
5.458426616328158065e-01
5.723647557231019700e-01
4.914943312292034405e-01
5.047929158184585319e-01
4.668316038013618496e-01
