5.393856991948740021e-01
5.099307035545652678e-01
4.933492417291694410e-01
5.084089085754562864e-01
4.587679921479237422e-01
4.586337532827077790e-01
4.424513646623478569e-01
4.943359382549236680e-01
5.161611997599262480e-01
5.752051859126823263e-01
5.284543687022069669e-01
5.198159634333869850e-01
4.821011620771186723e-01
4.391025352530328330e-01
5.499946772236697923e-01
4.500936275826140642e-01
4.889980612629641343e-01
5.157221608119915146e-01
4.763816986575007406e-01
5.312972735048486772e-01
5.427461573865296485e-01
4.556606898997362931e-01
5.400097381878612435e-01
4.461595806042869539e-01
5.116752712044028151e-01
4.922501766550990698e-01
4.602858895083756785e-01
5.115960100750964745e-01
6.114075943511867450e-01
5.336961102505819454e-01
5.031691749314594064e-01
5.660295858121011658e-01
5.074850529384256070e-01
5.081849823203914429e-01
5.355922898712984770e-01
4.664985620616413087e-01
4.789819837393028967e-01
5.348986351336207923e-01
4.581587142880468866e-01
5.174995972971629943e-01
5.310104479495370011e-01
5.162272920493454764e-01
4.898890410155401498e-01
5.165565747220516313e-01
5.397716569474748649e-01
4.852500127406976227e-01
5.778307643200664145e-01
4.722549557905455497e-01
5.187702262487053906e-01
5.154869461056816871e-01
4.623739258477275182e-01
4.484655044851404426e-01
5.165825619096097165e-01
4.868348396132584077e-01
5.070096068041189952e-01
5.043696814136758855e-01
5.066650972970579980e-01
4.677695092317171177e-01
5.454184210876652505e-01
4.956934245461753763e-01
4.862088784934018859e-01
5.643210786111987343e-01
4.546394983378441723e-01
5.041400136193238124e-01
5.558102803853970375e-01
4.553486707239974840e-01
5.597192992602975092e-01
5.162053766516963016e-01
4.238466660193456192e-01
4.698273672526043776e-01
5.769302497886426018e-01
5.448258505287016940e-01
9.119008538909700867e-01
4.797515005501728491e-01
4.656222980729755601e-01
4.562052902779895613e-01
4.712924526591044105e-01
5.959011684357329308e-01
5.361961227504253857e-01
4.396910333124892656e-01
4.797683254309914047e-01
4.978557760247786512e-01
5.437758669975243375e-01
4.771861873247121855e-01
4.993059187119749387e-01
4.801148870141779268e-01
4.903080877126701487e-01
5.182379914549696265e-01
4.940473672756842682e-01
4.539787680643173062e-01
4.523545412075945515e-01
5.143400077117565861e-01
4.746767871354323765e-01
4.347453358341946128e-01
4.623915775150704843e-01
5.253707382684729144e-01
4.955775247327330879e-01
4.900576072183400744e-01
6.937571722107717109e-01
4.836984318779140035e-01
