5.319943560219002610e-01
5.224533912505215927e-01
4.637065865115719276e-01
4.728944947807688370e-01
5.276089845063416384e-01
5.347271906532961028e-01
4.384408073436809050e-01
5.424728475972000474e-01
5.574452426151252915e-01
4.392775231883123133e-01
4.698071278801804196e-01
5.510262125635931874e-01
4.802723924457372173e-01
4.925919159844783235e-01
4.946488251545207993e-01
4.711398579057793912e-01
5.164923443182826146e-01
5.015173900685561126e-01
4.229582735031510721e-01
5.891552149370595792e-01
5.038944931919823178e-01
4.474299707714967100e-01
4.739563088627383736e-01
4.811358680552980105e-01
5.064970472513626865e-01
6.575647323457316507e-01
5.161648384307717663e-01
5.096761307841174427e-01
5.700750307238778847e-01
4.735184876315173264e-01
5.037300939089665031e-01
4.414532194279258137e-01
4.997900475150818811e-01
4.103982466659607531e-01
4.664941724573111181e-01
4.700711393106636882e-01
4.410072374147570029e-01
5.781839220511832966e-01
5.208879561198501706e-01
5.146245205897491681e-01
4.465823580063006948e-01
4.957615930849517127e-01
4.961075328190150957e-01
5.292144274571258800e-01
4.560148991677517860e-01
5.445885544898904085e-01
5.341975100690499190e-01
5.427668029715053688e-01
5.251964959634057850e-01
5.781554268457477219e-01
5.182076093485424861e-01
5.271114420199617401e-01
5.070545328529384443e-01
5.013926025875892201e-01
5.097617245025936050e-01
5.578858598196344554e-01
4.115584262719777509e-01
4.954953969847658013e-01
4.780885732542954347e-01
4.273773116454481769e-01
4.716030082979265625e-01
5.410752359895670827e-01
4.877667754576649473e-01
5.159535609824380531e-01
5.093336793389137140e-01
5.245385013909034111e-01
4.448671882320646143e-01
6.006704777200928547e-01
4.537467590530571138e-01
4.752492369030814068e-01
5.405463921547891681e-01
5.352849664131535956e-01
5.815068378222399970e-01
5.609530524572414745e-01
4.287531836451033418e-01
5.726511177399407071e-01
5.246736699010696725e-01
4.955075659902589136e-01
5.861537074240724676e-01
4.629407105445875747e-01
5.844544220573086868e-01
4.487597855248515732e-01
3.931240398994946816e-01
4.894646412306160044e-01
4.829472477354635473e-01
5.425822282119304729e-01
4.944949001957403278e-01
4.641781123378074803e-01
5.238828894966122141e-01
4.998297510410248945e-01
5.737543964850383427e-01
4.710281683486993720e-01
4.932577600974403786e-01
4.342782203276207009e-01
5.259136283987371208e-01
4.802141463280749645e-01
4.929166275114687523e-01
4.552840996183676325e-01
4.439719463753123985e-01
4.888679997014890311e-01
