4.560479985622530874e-01
5.050844681130323144e-01
5.562235345159821653e-01
5.141607886529206972e-01
4.509826351636397335e-01
4.896072921873547146e-01
5.100072057472885279e-01
5.610620777725904285e-01
5.091715655030645271e-01
4.370063634404646735e-01
5.751620665724411774e-01
4.844844113955278919e-01
5.306018662365072913e-01
4.484777282210246074e-01
4.973869677014440271e-01
4.128473367625219437e-01
4.898465212527846613e-01
5.080045403631892054e-01
4.790891934327084489e-01
5.007399460084885900e-01
3.997282553987943077e-01
5.009259366666397595e-01
5.922050352113741312e-01
5.065049597754422983e-01
5.497155904882501387e-01
5.467108023820432816e-01
4.740297360690178818e-01
5.757434593794046318e-01
5.354864756870784115e-01
4.967091901484538274e-01
4.299594498905867646e-01
4.149936808178640857e-01
5.596447870951508641e-01
5.445570207036084520e-01
5.762631979419396977e-01
4.665190823999509906e-01
5.104242198413165843e-01
5.525940557153319332e-01
4.679095228586531152e-01
4.882729724374225699e-01
5.389281635310420038e-01
5.049974518212645425e-01
4.994066075472344823e-01
4.565839520079865155e-01
5.301550575492104400e-01
5.411818745754650717e-01
5.014613245445027623e-01
4.376009257238872574e-01
5.585500039854429666e-01
4.387170830251790887e-01
6.241234370931045827e-01
5.120353856658859115e-01
5.395466932754801048e-01
4.586185936202621383e-01
5.452056195918844050e-01
5.107166257229918127e-01
5.277305319293341679e-01
5.673317406073178359e-01
5.238345333188925146e-01
5.265408197143119917e-01
4.307717198423866578e-01
4.805099241091194684e-01
4.730053627836907082e-01
5.267041761982396153e-01
5.478725652856214490e-01
4.549934739570565267e-01
5.472725261553683662e-01
5.844255681010012138e-01
4.181483544829357468e-01
4.836928917187814370e-01
4.308234970844757594e-01
5.718420348074378934e-01
4.652760042898422821e-01
4.563714447743629776e-01
5.458275585018684817e-01
5.655108408097002659e-01
4.505180509227455499e-01
5.177530387943513057e-01
5.160185659195375418e-01
5.462164226367138831e-01
5.791536862580660694e-01
5.027459970837038217e-01
5.011084660245922473e-01
5.350918776606545801e-01
5.212543123817525714e-01
5.487581797111072968e-01
5.648882308521062656e-01
5.060433295566844070e-01
4.772013372613378990e-01
4.746124797916115856e-01
4.865891135123291411e-01
6.104253733950171235e-01
4.835909171521577954e-01
4.689272625181102327e-01
4.998456277225768463e-01
5.164023126286492182e-01
5.491309725675725950e-01
5.675731203117380108e-01
5.297775958940996732e-01
4.568890972639135239e-01
