4.316355098298496062e-01
4.605292497241451621e-01
4.653533345076865113e-01
4.732027386068443642e-01
5.158331368639216263e-01
4.565488740160310033e-01
5.111531337910028006e-01
5.040891267772121820e-01
4.824196884319916778e-01
5.873099541718341809e-01
4.982115426201805808e-01
5.738062035022881702e-01
5.577398790514004334e-01
4.122557476325792170e-01
4.591796603857849490e-01
4.719501201368559440e-01
5.072937044585694721e-01
5.769081789592253040e-01
5.884455069206547817e-01
5.794547561666049118e-01
4.873553666064639467e-01
5.545657462357056477e-01
4.959641048770656591e-01
5.252938699822334856e-01
4.465903907194544442e-01
4.104597316445587896e-01
5.450509219988217691e-01
5.609145480112578408e-01
5.171439846339940249e-01
5.097088026210606637e-01
4.616822107796086927e-01
5.381940972703660453e-01
4.381710690978898870e-01
4.466928532985513511e-01
5.439627280014475152e-01
5.440638671209454547e-01
5.028688168685496729e-01
4.839405823785757899e-01
5.089167737694644256e-01
4.384983952962752118e-01
5.745639891683199663e-01
5.166714180513662935e-01
4.160423326125737842e-01
5.373364390889728837e-01
4.974452967056036123e-01
4.903711696282860300e-01
4.410710455888519066e-01
5.035482432510637318e-01
5.252382484300370802e-01
5.368160876452324759e-01
4.971697879314871393e-01
5.016815185175285130e-01
5.162127073380637921e-01
4.787960742339992803e-01
4.972278665845347723e-01
4.997836375656801722e-01
5.271205615305651904e-01
4.645288900798224541e-01
4.789138053357129277e-01
5.472305055488912995e-01
4.963270285909943125e-01
5.404352837682998567e-01
4.751928635480935359e-01
4.770666483891769505e-01
5.684462672715484555e-01
5.862871822372792696e-01
5.062137220070325183e-01
4.993235822896734954e-01
5.094588170898070034e-01
5.645054602125336718e-01
4.417502493447532652e-01
5.486449768931005444e-01
4.739703066261622966e-01
5.132293442946579409e-01
4.298984487998129822e-01
5.465771128283299918e-01
5.616867699065462016e-01
5.081439480084382065e-01
5.515027109660732840e-01
5.992962728102460002e-01
5.254401220114858218e-01
4.648262340795943359e-01
4.985978408788971361e-01
4.557561730505546027e-01
5.486579956731503227e-01
5.051829210244848101e-01
4.329255902369752440e-01
5.124949454695433282e-01
4.121461334329749593e-01
5.232657430691362022e-01
4.937218562303880010e-01
5.036658054071744273e-01
4.903305525383244712e-01
4.653530938018310970e-01
4.759550599552622718e-01
5.165085359777387142e-01
5.296317494844883234e-01
4.949532734467279593e-01
4.635721579934757308e-01
5.772645769168101015e-01
