5.737288757261596039e-01
5.007482409187697936e-01
5.293912240632885347e-01
5.380875820807865528e-01
4.209163241231345109e-01
5.150791135499250828e-01
4.763667093147870846e-01
5.680125822350006182e-01
5.712037024909015770e-01
5.595858041661778692e-01
5.568244412161352797e-01
5.248927046610364355e-01
4.619589798811791770e-01
5.187801149466932937e-01
5.284373097658834340e-01
5.160603688651806964e-01
5.221059280416480153e-01
5.251083394120078518e-01
4.543332119130225610e-01
4.944113852457417968e-01
4.656818424738990991e-01
4.392186289180848857e-01
5.227888252850921846e-01
4.910131247662702370e-01
4.839713394577443428e-01
4.961118114657972478e-01
5.023096943815330562e-01
5.100055844966653318e-01
5.507237935959019559e-01
5.363997615575708533e-01
4.724424284332644497e-01
4.913341055249389466e-01
4.713801132346017719e-01
5.921864172763975365e-01
4.804534263051777887e-01
6.051201486539196095e-01
5.580811088175426926e-01
5.363496285095621374e-01
4.804208453869237005e-01
4.848316942634738336e-01
5.896174210994246101e-01
5.552666049572063667e-01
4.815529176239879416e-01
5.532476769815724005e-01
5.425805665840006675e-01
4.072318036781343853e-01
4.410982010482459859e-01
4.184172197696431339e-01
4.921426851966496652e-01
5.378234498593711388e-01
4.573468402319920689e-01
5.571048684929811312e-01
4.558237337727467087e-01
5.212357982491168107e-01
5.309255668425155728e-01
5.223487350543764007e-01
4.364303243304695212e-01
5.101126531090969252e-01
5.896096166756931156e-01
4.934394605878694162e-01
4.955909541422681142e-01
5.803874982035928110e-01
5.510672622570343959e-01
4.951173375809431731e-01
5.034784962459977198e-01
5.272289267780966293e-01
5.188216725391269213e-01
4.908563133870307849e-01
4.625807996915273779e-01
4.701743918580630344e-01
5.955223198194107281e-01
5.309655540695181752e-01
5.174051609261561824e-01
5.937553284148864297e-01
5.480307829456104729e-01
4.549520860548428858e-01
4.811490057713047608e-01
5.816896283967029069e-01
5.872236491952314008e-01
4.844546573730920680e-01
5.572345008752550566e-01
5.055849128780258717e-01
4.746639054693704285e-01
4.474998140542993941e-01
4.379246927212903651e-01
5.560711144533462269e-01
4.867536017395329151e-01
5.328930759830571295e-01
4.672342551109912590e-01
4.830329126681338070e-01
5.201420936172098664e-01
5.765560805831329017e-01
4.925402454406239694e-01
4.502757721267273694e-01
5.518787126917814589e-01
5.097669428802599212e-01
4.957337761222749273e-01
5.381307992765715920e-01
4.144202603460236389e-01
4.915320399969625442e-01
