4.662084871192077595e-01
5.426946178376267360e-01
4.964288601220140373e-01
5.766766304816945965e-01
5.549725520050601268e-01
5.119181610528479309e-01
4.914781652153964453e-01
5.560902104140430513e-01
4.503267278439107568e-01
4.941751499267492687e-01
4.752639068822188118e-01
4.984579930047131624e-01
5.317924020754460912e-01
5.704694841383028958e-01
5.207608558796693599e-01
4.495773012602060081e-01
4.807507396032363323e-01
5.154148602993769979e-01
5.021980977047679762e-01
5.027110407324657526e-01
4.853782212767812076e-01
5.386408960336076523e-01
5.754014633996420436e-01
4.969150724328935120e-01
5.431118204694025398e-01
5.055622455299944029e-01
4.903601791364117224e-01
4.934953803505847114e-01
4.507644206663883324e-01
5.513029748660044360e-01
4.934350265009305736e-01
5.734932193466329986e-01
5.274404167799334742e-01
4.759194601309849615e-01
4.794604283285027746e-01
4.574344712661931878e-01
4.619652481526740906e-01
5.302052611987884134e-01
5.136253343635046598e-01
5.075527475228258645e-01
5.433855211547327091e-01
5.018640556094263738e-01
4.617097620932290036e-01
4.993809706037105056e-01
4.217355461222658808e-01
5.018966527135901856e-01
5.614510128365385322e-01
4.841684403925526348e-01
4.687913505602065434e-01
5.295094968073318364e-01
4.582788364532880965e-01
5.279743948667573461e-01
5.518545514229992177e-01
5.092948818927468535e-01
4.858787755176376399e-01
4.541500840524492211e-01
4.903979957959109237e-01
5.231836953503019583e-01
4.812225745166509583e-01
4.937658189188374736e-01
5.144517514526911750e-01
6.759435399378224130e-01
5.376246396052982712e-01
5.056210117242292412e-01
4.417962610406236390e-01
4.999056538806895267e-01
5.113505600797982886e-01
5.205890734821393417e-01
5.119512218308320817e-01
5.534263921771593875e-01
5.759863339686462913e-01
5.583715624848746284e-01
5.014892438822307064e-01
4.492585321688170596e-01
5.127946374040283084e-01
4.990143337321890638e-01
5.157813291078475748e-01
4.787921175802626883e-01
5.779706188028933544e-01
4.686347585026515716e-01
4.854055176019540507e-01
5.372307009202539341e-01
5.382268708176671801e-01
5.761133069450843358e-01
5.818470872276824135e-01
5.169091533606572364e-01
4.621395225893888958e-01
4.896763973834009631e-01
4.793411403047481145e-01
4.603986495440244298e-01
5.393593065581001600e-01
4.723278876342973387e-01
4.218679314315010309e-01
5.408999087566043196e-01
4.838925577519923027e-01
5.078582150499105774e-01
4.726499589151970659e-01
5.098101205906010458e-01
4.782960949271067297e-01
4.886374387361721583e-01
