4.458992502441833095e-01
5.006016555519484657e-01
5.844742575254253669e-01
5.401568426652625377e-01
4.991183158061793801e-01
4.430866391040784724e-01
4.859212063132715143e-01
4.716083622726848779e-01
5.444543922957532089e-01
5.970266161903099444e-01
5.591299671980213271e-01
4.703001139162972799e-01
4.435159430910464717e-01
5.903108361078390764e-01
4.636601165229385924e-01
5.063440500270178779e-01
4.949133704810103063e-01
5.046796840690855879e-01
5.889778547079407289e-01
5.797483330226443909e-01
4.284049819607984033e-01
5.201187390047478099e-01
4.720168332553548174e-01
5.691337706050970668e-01
4.918186452357324878e-01
5.303749680435529967e-01
4.960789478787459572e-01
5.944912963646317161e-01
5.284806379966101586e-01
5.482645920050166488e-01
5.330367516286816931e-01
4.892318290644804279e-01
4.851753002302558460e-01
5.464388310168076801e-01
5.091961545934727829e-01
5.329987158943103598e-01
4.429154771835079329e-01
4.999069277558669255e-01
4.668461561070536003e-01
5.281792317651509139e-01
4.314465234134601257e-01
4.604005473578948737e-01
4.786835063883366770e-01
5.543676680526858913e-01
5.098569925687048698e-01
4.902526883706754823e-01
4.584641725925818756e-01
5.075680751692660531e-01
4.608377512979279222e-01
4.948508716750817937e-01
5.488852648894045894e-01
5.133180229680586182e-01
5.448012002518406449e-01
4.570867656686004588e-01
5.130407408158148552e-01
4.917068272983287081e-01
5.373625073575701849e-01
5.002984339795287783e-01
4.960060294299265538e-01
5.433343893060544882e-01
5.087405354849866557e-01
4.947896604803415643e-01
4.694172141648825236e-01
5.752105808901091244e-01
5.786468699735675125e-01
6.297705111028755187e-01
4.506824769449819801e-01
4.784808496795130428e-01
5.107066735184689898e-01
4.590885343606220248e-01
4.925134857939765798e-01
5.358526649241560635e-01
4.860205086909273886e-01
5.595755285783696742e-01
5.287316411008807782e-01
5.183287209539856333e-01
5.166789494199593991e-01
4.797929858688307347e-01
4.748022749266753162e-01
4.760377827598984979e-01
5.100481878067932850e-01
4.975429377771192763e-01
5.383997932512095685e-01
4.523988938320180342e-01
5.490605645978039462e-01
5.001006599533647234e-01
5.011532439232910807e-01
5.426284813295234599e-01
5.049777662343061246e-01
5.032315241419558216e-01
5.584204487501701619e-01
5.366058754949796228e-01
4.787131050637333796e-01
5.348806961198294685e-01
5.129643723890160434e-01
5.472727853214727212e-01
5.571418380765080780e-01
5.169754395781415157e-01
4.864972910621459534e-01
5.890344534261230391e-01
