4.800579420330767233e-01
4.428475199087926750e-01
5.092962570317824955e-01
4.855148925407656302e-01
5.406693041999770521e-01
4.948687521808560197e-01
4.955169742926764931e-01
5.268679296709067872e-01
5.219949752044095170e-01
4.895256006731555920e-01
4.903110771018905911e-01
4.643636908742739267e-01
5.456666678994723796e-01
4.914286268679082803e-01
4.355859427231496550e-01
5.099907333389378516e-01
5.797820432120449619e-01
5.874294609647657817e-01
4.906204581149307686e-01
4.927732502830643457e-01
5.031275123398591953e-01
5.885773711783014450e-01
5.446678794084013342e-01
4.998674731207530808e-01
5.080257378165732307e-01
5.064901649194775146e-01
5.043036941659475580e-01
4.813524692322090348e-01
4.699192366235010465e-01
5.757891580227741946e-01
5.107311854712889287e-01
4.620491328450592738e-01
4.675643456690787847e-01
5.680840849381892932e-01
5.181624565457846332e-01
5.127964289647124474e-01
5.716464986874666421e-01
5.028961947639395413e-01
4.290531358147946506e-01
5.510940310869780756e-01
5.156466960813991252e-01
4.917156092242824239e-01
5.526496877184179368e-01
5.014876323101309374e-01
4.507008100133510498e-01
5.141395154785145527e-01
5.643460374232456278e-01
5.278016955478928018e-01
5.291912261519154947e-01
5.022009665868192307e-01
5.197274680533432445e-01
5.122725643933316864e-01
5.343490786380244995e-01
4.441812974070204478e-01
5.245178551452465143e-01
5.128080001514647712e-01
4.783227755117938629e-01
5.093037040979003782e-01
4.617989597071526786e-01
4.590962880101323029e-01
4.424435541002107453e-01
5.185956083103562264e-01
5.962103505956936056e-01
5.650378147570130904e-01
4.638170455048700735e-01
5.684537363759899486e-01
5.035201051768014580e-01
5.043163759307139893e-01
4.870318026638070785e-01
4.997860041927211783e-01
4.967317794025618571e-01
5.545359377115182120e-01
4.743996547216439152e-01
5.272544234328068180e-01
4.654556995455478297e-01
5.158566147592766882e-01
4.880590707731570221e-01
4.437220702367848379e-01
4.821113456279228493e-01
5.052814870784021473e-01
4.716131039328400609e-01
4.529817726847502612e-01
5.008748780965616154e-01
4.135093590799291396e-01
5.979139133913801141e-01
5.271663276488565142e-01
4.997018928610806321e-01
4.505170310091389241e-01
4.994781081692745150e-01
4.924290795422799905e-01
4.813243304134274814e-01
4.380340382520769849e-01
5.661580337089698878e-01
4.901735610365435813e-01
4.644858015393089068e-01
5.392120893493429490e-01
4.816911403943956449e-01
4.798358378337452268e-01
5.452801737773457225e-01
4.933262194266018752e-01
