4.664981781157893637e-01
5.281810309105875456e-01
5.868017299838369505e-01
4.799050374955699527e-01
5.209811426954714664e-01
5.101820889844459472e-01
5.226598792379445468e-01
5.629983053566680606e-01
4.916353209890458875e-01
4.876116713033671335e-01
4.537380123149349354e-01
5.325050844762231339e-01
4.670569269236092280e-01
5.507129137433830479e-01
4.593373702161102634e-01
5.566185414625681727e-01
5.369495215637120067e-01
5.262149810613191425e-01
5.051117732956819095e-01
4.853719440737979118e-01
4.732346541789644312e-01
5.486630618471479703e-01
4.639646495955813688e-01
4.578414294104952709e-01
5.644683798999268198e-01
4.335090848167935662e-01
4.390580471501077664e-01
5.337358360746247143e-01
5.058260203030533475e-01
4.888692957225759805e-01
5.276724593641568539e-01
4.166749016922796645e-01
5.213014235198534241e-01
5.164893222493951441e-01
5.537333265290274031e-01
5.248660463176900715e-01
5.313383061963874443e-01
5.066851757474531981e-01
5.580681178977311419e-01
5.551910353850840751e-01
5.757210441114380961e-01
5.693937027197335521e-01
4.504622133854623844e-01
5.364414025392559848e-01
5.484327843675680381e-01
4.894674979074136179e-01
4.845797232145987454e-01
5.122045530799849145e-01
5.423081825509996623e-01
4.461440319575293856e-01
5.762040255837349578e-01
4.950685910096153108e-01
5.395597771938380749e-01
5.223475677831026509e-01
5.482720670967464738e-01
4.630587281044089010e-01
5.327766998287409850e-01
5.712173819205897951e-01
4.531465634429057698e-01
5.321329158563924411e-01
5.956698000082378819e-01
4.245718745589155962e-01
5.067103168199410534e-01
4.343321015080558456e-01
5.527549738684586211e-01
5.380874191641535909e-01
5.513765108356444289e-01
5.403834596156980030e-01
5.364313472974822083e-01
4.810625118760411545e-01
4.371513306192053028e-01
5.173592959540727065e-01
4.815403700635232376e-01
4.646750479214403762e-01
5.022202943183675661e-01
5.376167641913911499e-01
5.082485182689788772e-01
4.907784984140992068e-01
5.347700762257477924e-01
5.615034056764638404e-01
5.361936625588075156e-01
4.572701159880676602e-01
5.627107339254870944e-01
5.493844336972396603e-01
5.297445574534281887e-01
4.635170199765366594e-01
4.607687660153281239e-01
4.544372787063341024e-01
4.699008720984499954e-01
5.370043906556292157e-01
4.325858495769567824e-01
5.490533024564288045e-01
4.708372326510301686e-01
5.200579586330955628e-01
5.155462961058430160e-01
5.155750093354364294e-01
4.982508623152321348e-01
5.217717694921605309e-01
5.537709821309997338e-01
4.191019394947993471e-01
