5.118883829055276280e-01
4.131450708642098180e-01
5.140796552090403093e-01
4.679721396184738924e-01
4.773498072118644298e-01
4.495905421949818459e-01
5.247577115005382931e-01
4.531416223996168613e-01
4.884105815169458853e-01
5.141845149108791313e-01
5.481862215244368564e-01
4.683191730552457299e-01
4.916019332071066561e-01
5.116084547977137742e-01
5.136645689835090955e-01
5.562334096198877642e-01
5.040003644304889008e-01
4.430138776860067518e-01
5.228346290012810815e-01
6.020597368328305388e-01
5.660797593933551974e-01
4.963494006946966852e-01
5.815113585932978335e-01
5.024085513906657585e-01
4.626227608587384910e-01
5.558870593526764603e-01
5.214176588693171244e-01
5.450834285685327574e-01
4.762953477192247154e-01
4.751195157675358605e-01
5.575807756512516367e-01
5.256797524768339613e-01
5.427476003036292296e-01
4.288657639531255894e-01
5.026913433392994346e-01
5.731271378482331036e-01
5.218938563503574546e-01
4.720973189637005518e-01
5.109405308493987219e-01
5.228412418065847556e-01
5.154158666843885461e-01
5.460665996652898091e-01
4.342686199366983524e-01
4.670484935628875234e-01
4.730502910890138080e-01
5.666578340959530502e-01
4.822021754947712346e-01
5.613424699317396405e-01
5.231791150148579206e-01
4.870474189251276509e-01
5.262942155429777280e-01
5.425269783382526967e-01
5.565034763775945637e-01
4.628758844207054857e-01
5.478291674316840831e-01
5.626849858925205838e-01
5.536015887110151690e-01
4.444273572647874926e-01
4.665123264331138553e-01
4.481704587654055105e-01
4.758777467012696993e-01
4.491172532632438097e-01
5.944178436799776311e-01
4.953705205176054949e-01
5.828007416134787233e-01
4.725174270753477734e-01
4.910266488346372027e-01
5.061357408278375214e-01
4.699072956263316558e-01
4.605001756540996749e-01
4.937173908136152090e-01
5.110200318428789190e-01
4.943252016807000437e-01
4.228528371161051624e-01
4.860624643594094740e-01
5.121063515999241256e-01
5.140724079798089097e-01
5.326038056888449113e-01
5.057594698323281124e-01
5.245648913810868619e-01
5.741611624987414952e-01
5.312048936122260034e-01
5.305518130663319232e-01
5.360537375358264134e-01
5.039005508757234963e-01
6.242567313262596951e-01
4.788661167334199442e-01
5.155348120973219928e-01
5.604280850321524676e-01
6.008507288822404480e-01
4.982235642819585753e-01
4.781024387339546378e-01
5.049423508436277075e-01
4.697266205132737404e-01
4.999920757484289657e-01
4.747506396579498356e-01
4.213312050412309495e-01
5.245768894008034922e-01
5.676879345326779625e-01
5.285792267471955963e-01
