4.890247817703811117e-01
4.187702168135612468e-01
4.306496306817741426e-01
5.752276932873970905e-01
5.650359694554110135e-01
5.437270226103121384e-01
4.920999596538860876e-01
5.054459926322592001e-01
5.264923740425152543e-01
4.906196485604550350e-01
4.256017282247436806e-01
5.001454325423266845e-01
5.088558312581829002e-01
5.519439488542449146e-01
5.254700012429361911e-01
5.205898492823414214e-01
4.909180834796132986e-01
4.510327105664697633e-01
4.566195367800923721e-01
5.016774754272049774e-01
5.174590672460813723e-01
4.985431738652516542e-01
5.337474685270777730e-01
5.245988203988386500e-01
5.016289852604161048e-01
4.041651045152044319e-01
5.156570622201784859e-01
4.864921680353714861e-01
5.214434145621238414e-01
5.685664139240262926e-01
5.208532306600317519e-01
5.826103116678030824e-01
4.930069432944435559e-01
5.745363027764759378e-01
4.818405735674855528e-01
4.282304384268387776e-01
5.172529753985912748e-01
5.983648746916502281e-01
5.241462362119978513e-01
4.766301411151112610e-01
4.686322087384768298e-01
5.225060413539438509e-01
6.536919511207142097e-01
5.170255506150406299e-01
5.015670215344103511e-01
5.451098455434006951e-01
4.933701705873820842e-01
5.071799314704706907e-01
5.213657017478310340e-01
5.538915235399717307e-01
5.438346232378208356e-01
4.731397666644150402e-01
5.256350300119316810e-01
4.283751938238226642e-01
5.380074720381868847e-01
4.925707956630687168e-01
5.616113387809765767e-01
5.108776365152024601e-01
3.719549546831275033e-01
6.515212496236066908e-01
5.778688065763480930e-01
5.045375642040287323e-01
5.600832523872395496e-01
4.964851889952180408e-01
4.931900864820139008e-01
5.269006999352584542e-01
6.434878823535821191e-01
4.581392441033020346e-01
4.945322649901705003e-01
5.111971139222628580e-01
4.901693131438923379e-01
4.363273215001898242e-01
5.769671354043472977e-01
5.412836604492946568e-01
4.573865127075407710e-01
4.604265855736060509e-01
4.847643567577097912e-01
5.708720734326200308e-01
5.193732497016273486e-01
5.870615672653654027e-01
5.216181868610489936e-01
5.349285942297955510e-01
4.762119718623687992e-01
5.288478766355194649e-01
4.745270606723244744e-01
4.971164961492792744e-01
4.929376988402720539e-01
4.828060442490111348e-01
4.658971954612846078e-01
4.862249547209429590e-01
4.616285844589371745e-01
3.723807583296558921e-01
5.412694451789941130e-01
5.489214369953219208e-01
5.009978891996450523e-01
4.799490649559698396e-01
5.288262442033880850e-01
4.692024403826128842e-01
4.859721791469261420e-01
5.409023841049286352e-01
