4.355241236102735392e-01
5.179172567769908531e-01
5.434022424999452872e-01
5.118702747138267339e-01
4.731059097702352001e-01
4.585836478164851404e-01
5.067560041607984678e-01
5.034818698943820392e-01
4.742367860465164231e-01
6.148915068722434762e-01
5.368609879455491507e-01
4.891212985240367406e-01
4.699922177192782380e-01
4.715111475764886539e-01
5.763945351739480083e-01
5.263454171135562021e-01
5.382683705865024537e-01
5.545870786985440670e-01
5.708050044018512237e-01
5.024633353983768425e-01
5.326797095018452888e-01
5.773291035004121108e-01
5.293526656698265276e-01
5.107380200471786091e-01
4.506964574308006677e-01
4.281807865104377830e-01
5.137154767503252506e-01
5.196849375051687536e-01
5.737518100820589995e-01
4.918146838161413514e-01
4.493421790480692790e-01
4.408818749935327075e-01
5.024058020280179893e-01
4.900529277647125426e-01
4.736735861367538103e-01
4.922688397247594883e-01
5.016855395381785154e-01
5.355715212789471380e-01
5.755751147887935293e-01
3.921352347155888096e-01
4.346423068906084541e-01
4.142035095594759353e-01
6.426243251233130227e-01
5.310473021595686349e-01
4.375017217144931414e-01
5.959968985564177979e-01
4.019870153150663095e-01
5.107231086456930358e-01
6.187290335962879473e-01
4.842269287264957534e-01
5.495499471247329293e-01
5.035167122225245873e-01
4.862854742793358276e-01
4.782746869191300543e-01
5.807604682095214299e-01
5.939388414393773630e-01
5.005141164060945558e-01
4.901405057817437849e-01
5.544996529749339764e-01
5.549088939698428868e-01
4.414304515597893830e-01
5.112012607896437855e-01
4.957007481318024267e-01
5.142021815464655754e-01
4.667960947568647878e-01
5.124025952142663431e-01
5.419548271426031238e-01
4.584368370706634610e-01
6.005750390053049559e-01
4.784879625201211573e-01
4.616037772693536989e-01
5.549902964284899598e-01
4.368482020095510454e-01
4.881153856167974037e-01
5.541261770316767699e-01
6.239680907489825179e-01
4.445878452243301471e-01
5.218420063721007640e-01
5.822457772833931067e-01
4.568608415069937423e-01
4.879866266177959599e-01
5.102134383649140625e-01
5.164067584678830869e-01
4.642892659610975969e-01
5.115882759948013891e-01
4.771702585337856406e-01
5.186798868456337086e-01
4.879348026048905274e-01
5.395817122171310265e-01
3.886258650320280061e-01
4.961628196222034326e-01
5.085427264148335569e-01
4.914493554351367921e-01
4.613478609934956731e-01
5.485703000044259703e-01
4.491202467326071979e-01
5.048832033500321170e-01
4.770458167560870377e-01
5.240018110842707966e-01
4.915538596235222712e-01
