5.061857379277274749e-01
4.243787961250229390e-01
4.723868461235648519e-01
5.643967081659857499e-01
5.561581118157704617e-01
5.618650759368624126e-01
4.411668089622393651e-01
4.811106607257009671e-01
5.026182673256279765e-01
4.885000976748338775e-01
4.969056530971328045e-01
5.045349910558879492e-01
4.851905297261160932e-01
5.101384077140934670e-01
5.159502776947937353e-01
5.275793178774977887e-01
4.459795645969590328e-01
4.480286473942791670e-01
5.461655537139475936e-01
5.240176667043168202e-01
5.479577169010344528e-01
4.699110599181536285e-01
5.361814281358580070e-01
4.838295115448123518e-01
5.517900934034877247e-01
4.528128207873098887e-01
4.878136330535393639e-01
4.518339758323821620e-01
5.291797246027604151e-01
6.329793290303225017e-01
4.367358574798857473e-01
5.069402038326333848e-01
4.542538948746091543e-01
4.273851526236155940e-01
5.713840548859613344e-01
5.337089192928067272e-01
4.905876379811324739e-01
4.116959357818745779e-01
4.489268701191595490e-01
5.043033527345480715e-01
3.880094029031848635e-01
4.830577766086694425e-01
5.355049650640691938e-01
5.344754032673199040e-01
5.680686355982609292e-01
4.083162410411762533e-01
5.999390727896486419e-01
4.471064587427828196e-01
4.401414365869102951e-01
4.605487157252329822e-01
5.887984395988282715e-01
4.700835863950998395e-01
4.905868391714957033e-01
5.066780563489655664e-01
5.438783532580573343e-01
5.008742731342336052e-01
4.896064091825904074e-01
5.946488137566640075e-01
5.386171468004991025e-01
4.905086040671050029e-01
6.108298461469695573e-01
5.534007898577133489e-01
5.352287363872928472e-01
5.157155182586242725e-01
5.117690064938466010e-01
5.164216667091966473e-01
4.993772799426737796e-01
5.667323309673885090e-01
5.100256380815040291e-01
5.002723854400971115e-01
5.581385564021883461e-01
5.284186284632778063e-01
4.806965468243356576e-01
4.179371613468203517e-01
5.230890657342168737e-01
5.392687200056537344e-01
6.326899223343238621e-01
4.558509007943085667e-01
4.711046324349262293e-01
4.624983025256154123e-01
4.260259420099695160e-01
4.861157688101274132e-01
4.899912126569591075e-01
5.060177859950882873e-01
5.039645793704780052e-01
4.453155972255197215e-01
4.708890630653325693e-01
4.976843359768361452e-01
5.275046754874620492e-01
4.879439929288695299e-01
5.081136620323778441e-01
5.407863748063976850e-01
5.464390131768788184e-01
5.189474278323605860e-01
4.895603420320376875e-01
5.130769359850320122e-01
5.694961690067438242e-01
5.561264061617660071e-01
5.256713410047415547e-01
5.245156853136221375e-01
