2.948545305364480740e+01
3.041553508193945277e+01
3.249717466251769338e+01
3.051671503296130439e+01
3.070184660823185396e+01
3.074600997724395768e+01
2.985325967914479506e+01
3.033497035728665026e+01
3.081610777143543700e+01
3.109105701826143076e+01
2.963156223231349884e+01
3.067827865470730586e+01
3.196072474894874205e+01
3.063702688659910578e+01
3.134065284030803511e+01
3.100779862768595763e+01
3.083325797592800299e+01
2.959460163050659887e+01
3.030024594531494131e+01
3.135363147070128065e+01
3.035105973070846019e+01
3.026706245000159612e+01
3.055370806339782419e+01
2.992646873476041591e+01
3.010798431100892358e+01
3.068868882797131548e+01
2.990493787688599880e+01
3.079419530328892307e+01
3.135136893184348139e+01
2.993651500832026002e+01
2.997712889045853757e+01
3.007855805892938150e+01
3.034125058006312869e+01
3.036885838041501628e+01
2.970186181613633636e+01
3.054355676622650506e+01
3.085545067588132184e+01
2.972747197511984751e+01
3.151198910859978142e+01
2.940722104208521870e+01
3.086435470051312180e+01
3.088774696550274967e+01
3.069772696186360506e+01
3.016021644016879577e+01
3.074486421647022638e+01
3.237412990026208348e+01
3.081365069701432091e+01
3.102270883262472978e+01
3.179972612823075906e+01
3.078046890502941935e+01
3.097361453302841028e+01
2.958982083394917240e+01
3.070122268271525812e+01
3.029543184200415240e+01
3.023473987362610771e+01
3.048079104204134282e+01
3.012821582418867195e+01
3.005554621206160704e+01
3.045392528771249374e+01
3.071644069672217014e+01
3.082714246387881829e+01
3.085035075861655685e+01
3.068676843303052948e+01
3.043878034839695701e+01
3.042227295379406726e+01
3.025400962407388405e+01
3.090752412396152948e+01
3.214054972637689644e+01
3.163260132772046873e+01
2.905020246342167667e+01
2.904342032082738356e+01
3.194110054364996287e+01
3.073845570475166511e+01
2.958791104895809454e+01
3.041002609964958481e+01
3.078882424278038599e+01
3.069948781731786625e+01
3.005187401527237157e+01
3.030318179627053254e+01
3.090054218061634828e+01
3.041548123072426080e+01
3.179159261183753316e+01
3.055684839210237058e+01
3.184153936374899629e+01
3.031076550566365313e+01
3.120850365568593787e+01
3.135095735106879644e+01
3.102161765065267574e+01
3.086232846630500504e+01
3.130328016407438696e+01
3.036044046961832876e+01
3.132033172575009417e+01
3.069662133482949429e+01
3.185519330584632058e+01
3.089074045882609454e+01
3.029696229628525472e+01
3.029608215512128666e+01
3.004818010923472471e+01
3.026588871883313558e+01
2.993696306610493707e+01
