4.686673652358387399e-01
4.906787165962589459e-01
5.067741747151701670e-01
5.325927044100047247e-01
6.045230603865967556e-01
5.434543164926637360e-01
5.076177234554710704e-01
5.371605706281453729e-01
4.478939635971119770e-01
5.203560344299438256e-01
4.702567221174080436e-01
4.548199633268976694e-01
4.676760056007262523e-01
5.122786154516076884e-01
5.926389404615232115e-01
5.821752962537897202e-01
4.248660266942644870e-01
4.907410633300152702e-01
4.553473605257664647e-01
5.328104601548329100e-01
4.493705424951408012e-01
5.056801251735368874e-01
4.862494174746331277e-01
5.551311448334783627e-01
5.338514106118745772e-01
5.429913071353607013e-01
6.002502484412861605e-01
5.099099299726804757e-01
4.658362995972859522e-01
4.617623368965195763e-01
5.315934268364709281e-01
4.879781212212635499e-01
5.006136319055649597e-01
5.260818750682653144e-01
5.046608369161709184e-01
5.087713722033837538e-01
6.183758196413580155e-01
4.992428066687427668e-01
4.308660611243895766e-01
4.676372244025354674e-01
4.475678392282326223e-01
4.685834987011999742e-01
5.198695645227934259e-01
5.032940518794067897e-01
4.663043075430246542e-01
5.299673055412159606e-01
4.639147254078735405e-01
5.523393427483963558e-01
5.116964186672503523e-01
5.747083148170508693e-01
4.840663714719694588e-01
5.454016196328916877e-01
4.148157196334450458e-01
4.849371520683032344e-01
4.957461486058136746e-01
4.952885073726125409e-01
5.239310541329353921e-01
4.557280320372569249e-01
5.141260267236013037e-01
4.865363813643645563e-01
4.991583448832313530e-01
4.589708500682980752e-01
4.599856161544670918e-01
4.942313662504579930e-01
5.673659518943303670e-01
5.273213666578907555e-01
5.429080899074925082e-01
4.471210299291985546e-01
4.218060554831197795e-01
4.860568524783939193e-01
4.138828251510198730e-01
5.784002587913821269e-01
5.168283723531258422e-01
5.108657588814125017e-01
5.039844936089393768e-01
5.429893705843409357e-01
6.031949635520325037e-01
5.581561486353804336e-01
4.653217484400026804e-01
5.497092967484502601e-01
5.163585644308430478e-01
5.426155171015353273e-01
4.693523598245891715e-01
4.511902526726089824e-01
6.171483114782299051e-01
4.787172318053669051e-01
4.764404536130880663e-01
4.809212414018710913e-01
5.235396553042380718e-01
5.015495359561450428e-01
4.859031241633794407e-01
5.616545487665471903e-01
5.546525403179638491e-01
4.871748480335033604e-01
5.442872226387389656e-01
5.566846693572741200e-01
4.720720393191183417e-01
5.576381937486132312e-01
4.748721807120456218e-01
4.724429053874119044e-01
