5.131186554527980004e-01
5.042486341682588247e-01
4.162561215772342393e-01
5.346852742866899932e-01
6.044514311120464667e-01
5.406326496460562847e-01
4.451784030015619731e-01
5.590429557205317534e-01
5.151934579877976983e-01
5.193605145289391656e-01
5.409474105087596074e-01
4.653804113435064949e-01
4.767811973713630969e-01
4.526522894028369159e-01
4.805937259450326349e-01
4.913727162767447254e-01
5.139282415525833203e-01
4.865453861224248167e-01
4.796796748117886366e-01
4.301840950800274177e-01
5.276970828936830005e-01
4.766386413212301831e-01
5.322587163827979806e-01
5.485376967420875216e-01
4.640114909965192824e-01
4.770812028674603633e-01
5.295078203204309775e-01
4.650504919782864066e-01
5.167636923283938089e-01
4.472908286574102665e-01
4.779500055932595637e-01
5.016987208120150532e-01
5.778027237114953252e-01
5.254064780864534656e-01
4.847005474697856919e-01
5.883826280953173837e-01
4.920984021038332656e-01
5.476858768576550185e-01
5.116664806211388417e-01
4.802918301625738740e-01
5.399257074610306351e-01
4.260012759291126883e-01
4.120815602181582826e-01
5.131286424515639766e-01
5.596769651732056428e-01
4.717863496088138264e-01
4.434860760092214638e-01
4.811314421645170314e-01
5.014605582018039076e-01
5.898590774086786004e-01
4.435622357214492606e-01
5.029969271024744559e-01
4.709565772188148425e-01
5.586768791546902202e-01
5.102263339506315498e-01
5.920050182439025033e-01
5.325368550791020894e-01
4.624529106531887201e-01
4.661367064205584887e-01
5.438260787444708644e-01
5.925002885797386876e-01
4.805128108873280568e-01
4.763841661126568816e-01
4.568146039661421520e-01
5.390433401410563707e-01
5.397190809090833818e-01
4.861745366857888051e-01
4.405362974791716679e-01
4.907327392628257900e-01
4.880187331493571756e-01
4.795907522784577659e-01
5.115626901227489087e-01
4.882780990069611193e-01
4.651893215487711841e-01
4.827845998840225028e-01
4.969743193680579152e-01
4.911567414687590949e-01
5.558033124302294015e-01
4.667325363204433697e-01
5.178731953298406632e-01
4.770913056529929586e-01
5.792733667630870498e-01
5.808362598473614247e-01
3.658914998539556374e-01
4.190955563807056694e-01
4.312863443358490034e-01
5.557808039446304749e-01
5.285862825423991440e-01
4.899457130182637843e-01
4.359879631720579574e-01
4.860775635502962433e-01
5.041824529671731225e-01
5.173438017763555274e-01
4.966645469189178153e-01
5.077610678222629348e-01
5.659343912482658334e-01
5.364293435697062851e-01
5.145533895632747878e-01
4.894425827916813465e-01
4.794000060179751110e-01
