4.640187629135801295e-01
4.665225671242636540e-01
5.536993773791155649e-01
5.334388493820698685e-01
5.078760904202709314e-01
5.627820993296971386e-01
4.572506667671572544e-01
4.680432237833662690e-01
5.309823259377274285e-01
5.025039812895615299e-01
4.949621290063873635e-01
5.358738642569400579e-01
5.174506463880398366e-01
4.832586663251513537e-01
4.367509948203626147e-01
4.824020136019482874e-01
6.071861701116016974e-01
5.142885569311781424e-01
4.799460076500701167e-01
4.898845137035742758e-01
4.589697598773451181e-01
4.822020201994319244e-01
4.658529048408824313e-01
4.893054267428730286e-01
5.709976612620641934e-01
4.713055583662413284e-01
5.098037749642357896e-01
4.712917279679599836e-01
5.406030845014316855e-01
5.191014866878314038e-01
5.090480077538848125e-01
5.478135439739305612e-01
4.889948057354278621e-01
5.069141811252515506e-01
5.673568826402440868e-01
4.650413129344574403e-01
4.831899747328748385e-01
4.823695398236513832e-01
5.659824924079722708e-01
4.698608114099467881e-01
5.752256390572347833e-01
5.160404134998625159e-01
5.114317263361749522e-01
4.461474137572793985e-01
4.013382307705575802e-01
4.784261371259672102e-01
5.320858081841163267e-01
6.162205855823584821e-01
5.270722951364192888e-01
5.180350808483714653e-01
4.724412409521582257e-01
5.322176237634423934e-01
4.942687472254795322e-01
4.860572817950287172e-01
4.697068128902296413e-01
5.094808675461307557e-01
5.205095635658076869e-01
4.991272818670764444e-01
5.164860311288675954e-01
4.851810812820494534e-01
5.355195473038922849e-01
4.751276646588152297e-01
4.887650974466463127e-01
5.526333567893795262e-01
4.793525814196509804e-01
4.638802852152139056e-01
4.415785573238292239e-01
4.816186667563287505e-01
5.403714504566665688e-01
5.316873400355205392e-01
5.307455176803157482e-01
4.906226162966341731e-01
4.824827516628489854e-01
4.422007507933977677e-01
4.980015631124047326e-01
5.402014821269984779e-01
5.529504307845918287e-01
4.808524591691847871e-01
5.430335307970759473e-01
5.064217928480505559e-01
5.005864208559962503e-01
4.991843981160038468e-01
5.566661063335355264e-01
4.959373160362695598e-01
5.465968498005353560e-01
4.289252560989360585e-01
4.683684807005438211e-01
4.374098436354346697e-01
5.648118154176207106e-01
4.906346731542389206e-01
5.014314794361515171e-01
5.725141249762529805e-01
4.716119825211181338e-01
5.376974961618915527e-01
5.287854879332972713e-01
4.737695840826606775e-01
5.278050946458328063e-01
5.530027836936539654e-01
5.277721459602275900e-01
4.697575745073729880e-01
