1.808197967953608654e+01
1.837621035770724021e+01
1.849778913078115039e+01
1.810700701282546632e+01
1.887750754261535846e+01
1.922431275880269297e+01
1.840356267147604896e+01
1.863517286895272917e+01
1.871199527638562543e+01
1.886354587392575155e+01
1.885769495653033445e+01
1.865332614523507715e+01
1.858682416705805096e+01
1.880431087607333041e+01
1.870402796506110121e+01
1.842843332814137725e+01
1.851798127664788396e+01
1.805500928616088885e+01
1.859306585722938010e+01
1.871284316002919468e+01
1.857712610048085367e+01
1.885443283897094702e+01
1.845299322725445634e+01
1.922218784519961687e+01
1.826967077122277416e+01
1.817294041299936325e+01
1.823656939198777138e+01
1.846034784880221835e+01
1.835762903388612344e+01
1.835346662122315209e+01
1.814142810945061157e+01
1.858588152330865384e+01
1.874551513687991644e+01
1.872266888289729181e+01
1.878648710026426372e+01
1.815057900087432330e+01
1.810367037429132253e+01
1.818957794155580743e+01
1.814309024509623924e+01
1.813177636117214320e+01
1.878855170037958544e+01
1.843327304250751553e+01
1.868649353009940839e+01
1.867540160258572968e+01
1.851489911552448220e+01
1.825654461195004430e+01
1.855639581685830919e+01
1.825879225270128359e+01
1.862301541493223667e+01
1.867523445808027560e+01
1.833390438938378253e+01
1.833690764932961415e+01
1.865947515881888563e+01
1.829997123850505503e+01
1.831000581497310264e+01
1.876697696224746181e+01
1.872175110106189067e+01
1.822273390397940673e+01
1.891713780352016627e+01
1.834657292551573349e+01
1.863318479071125822e+01
1.845950349914975064e+01
1.852183922166770813e+01
1.860772980281825184e+01
1.884370360432685132e+01
1.854241527355154062e+01
1.827160718701876974e+01
1.828044667795586875e+01
1.840770275589029481e+01
1.858007591414695625e+01
1.907498984705148004e+01
1.833549064113499227e+01
1.861097175561906525e+01
1.847782580739647429e+01
1.845017150044549581e+01
1.867869435309326676e+01
1.883858539236326379e+01
1.838274979412640064e+01
1.812627381273122040e+01
1.827409422636782210e+01
1.844398685300941665e+01
1.824668389821254166e+01
1.908331347592762484e+01
1.843751241394553730e+01
1.834656047247582222e+01
1.834348831997610318e+01
1.882235006704426539e+01
1.835228928719308783e+01
1.805769757219000482e+01
1.860147642606030871e+01
1.831542780810701387e+01
1.828647043157761587e+01
1.894062702107826013e+01
1.912178095507325892e+01
1.885362538183522929e+01
1.796649448594290988e+01
1.891786980408126695e+01
1.839922315602706249e+01
1.862274331541933847e+01
1.853477818926573306e+01
