2.711128999409332607e+01
2.761384384539477210e+01
2.714454493293763804e+01
2.724961942759765066e+01
2.635712153309183492e+01
2.682187670871123686e+01
2.760962708180921865e+01
2.700953867489343807e+01
2.856128747325126582e+01
2.640740715600366784e+01
2.805480615871017847e+01
2.817113131485588795e+01
2.857765050694422015e+01
2.849578562340302312e+01
2.734240281450869503e+01
2.730732840813992723e+01
2.799584438813555920e+01
2.668226224810403835e+01
2.841810284909137962e+01
2.684176708823427759e+01
2.787656143097634498e+01
2.711758799205640358e+01
2.805869067107096271e+01
2.794340883699434741e+01
2.891947510648558151e+01
2.676976243114941312e+01
2.708248166357130771e+01
2.761960284896348483e+01
2.775400083444021604e+01
2.668315090208207963e+01
2.723635349486896473e+01
2.767442309052283633e+01
2.673845332145293696e+01
2.725353891695090525e+01
2.654421250602716142e+01
2.799932433547482091e+01
2.695609763101930767e+01
2.779520260507582208e+01
2.833921204064242261e+01
2.792957327740792195e+01
2.779439851503808612e+01
2.725909153538659879e+01
2.830241424278884210e+01
2.757742316784235115e+01
2.738279861902717371e+01
2.778285437075691533e+01
2.756584804592807814e+01
2.697172417926691423e+01
2.758881713995451790e+01
2.683807373010954933e+01
2.823438289480042229e+01
2.829356517262707627e+01
2.829036256705645158e+01
2.798832357884965916e+01
2.655995971335748607e+01
2.747496174738591890e+01
2.773037015584666065e+01
2.832862235318564004e+01
2.733048366518616845e+01
2.705890815836701435e+01
2.773836333729775561e+01
2.889420181003591637e+01
2.886600604408195991e+01
2.689788374077298627e+01
2.858865942580217023e+01
2.772495132404189278e+01
2.848136786611869908e+01
2.785033846163033289e+01
2.666682078696011615e+01
2.781608785132559447e+01
2.787098848923048777e+01
2.743906432677767526e+01
2.781613544381414016e+01
2.677999756869203907e+01
2.720129802128414198e+01
2.760941402067386363e+01
2.872812603822474387e+01
2.735901802119842685e+01
2.681412495186141598e+01
2.807065845005098481e+01
2.700389262460758388e+01
2.785320521045122888e+01
2.834220679840660395e+01
2.800408815596365741e+01
2.669611303479105402e+01
2.749364297128948209e+01
2.721640944024591491e+01
2.831544321756636862e+01
2.689501174530658645e+01
2.867671711300722848e+01
2.796828165614592976e+01
2.854830555261644420e+01
2.741871250237635138e+01
2.783830438358704740e+01
2.750962759178295869e+01
2.777359375511612427e+01
2.734937895134477515e+01
2.769117481028832017e+01
2.782013311076850570e+01
2.872329305472997518e+01
