2.621238448556764666e+01
2.633773654057823776e+01
2.579500173054231027e+01
2.521499662608365000e+01
2.600236450561913770e+01
2.601890654643878520e+01
2.508783344699280349e+01
2.594778844966678122e+01
2.457356841221554689e+01
2.509599891479963674e+01
2.510376258981559872e+01
2.612102011720410033e+01
2.648977317893667305e+01
2.566945649050671108e+01
2.556670583144689601e+01
2.550396060673562815e+01
2.661901457780627922e+01
2.504321976562594898e+01
2.666329190342419153e+01
2.611694999558294938e+01
2.639449447202427379e+01
2.533082110342004967e+01
2.470024878457169493e+01
2.613005677849189112e+01
2.541925779486947334e+01
2.571468796358671227e+01
2.647155197056526532e+01
2.510742562756985308e+01
2.609726467543417883e+01
2.531046208712229983e+01
2.614256757719691038e+01
2.464226082244871918e+01
2.714359596908939309e+01
2.522943486945657199e+01
2.581412594778808867e+01
2.604050599227355178e+01
2.556510708988438552e+01
2.510536997922920577e+01
2.600037427274391533e+01
2.546171269488659661e+01
2.602105377408349440e+01
2.496230120403975050e+01
2.590751095728811393e+01
2.591284328707125439e+01
2.572518136858480631e+01
2.536620230020432487e+01
2.689115010278077378e+01
2.614697937642998937e+01
2.537947471127662169e+01
2.616242300951795485e+01
2.511603951484467956e+01
2.533652943718007577e+01
2.570376633260481825e+01
2.560130393029082896e+01
2.514833650474556137e+01
2.592652467761813995e+01
2.531610203873113463e+01
2.667910163029184645e+01
2.570637898063707283e+01
2.596755753036797643e+01
2.639987026955442673e+01
2.585202507797320592e+01
2.491413953957198757e+01
2.625473962329956734e+01
2.502884909592737728e+01
2.457299025151969474e+01
2.568573746338813280e+01
2.517449337799837039e+01
2.577268445507683126e+01
2.628574177567163161e+01
2.597075658750343408e+01
2.534295959984858371e+01
2.489702647346179631e+01
2.578814164134925946e+01
2.653763824742400246e+01
2.543877206601895935e+01
2.542143458215800322e+01
2.539078598903320483e+01
2.504369012932471961e+01
2.561032543573164943e+01
2.633316664308980748e+01
2.516238258556964880e+01
2.584677111685187612e+01
2.578524293642834309e+01
2.559599059540706634e+01
2.486105851092940711e+01
2.537172242687885060e+01
2.506054527193095893e+01
2.517273837222534638e+01
2.520903746821024782e+01
2.543815924735257639e+01
2.536017191935387061e+01
2.628695921168454319e+01
2.656328197326378771e+01
2.567860283816357381e+01
2.490808047207326226e+01
2.620072685025317938e+01
2.584049587874834941e+01
2.614009709739764986e+01
2.620714996876949598e+01
