3.368114173680010026e+01
3.464134488837300552e+01
3.580272162842193495e+01
3.370182925272057162e+01
3.434559974917412717e+01
3.475793945853471456e+01
3.410023563438241467e+01
3.345465756204520602e+01
3.312358840674124849e+01
3.433021115986772998e+01
3.262420268282383518e+01
3.463380621788252967e+01
3.334049198731202779e+01
3.415326606574659962e+01
3.403483972789130974e+01
3.447374492235078236e+01
3.422516503974794944e+01
3.419282946704120718e+01
3.336173481672607011e+01
3.450971391509567354e+01
3.442449951408133302e+01
3.455208294943264491e+01
3.462614068862418293e+01
3.430869870278532829e+01
3.505685263442965294e+01
3.514388703992506890e+01
3.370034344279489602e+01
3.438807840726805409e+01
3.437539938062602829e+01
3.469664668796595208e+01
3.559931757723894208e+01
3.366984513301143522e+01
3.581425067931347428e+01
3.492292674473927860e+01
3.472845745247343530e+01
3.384577347656302493e+01
3.465640901235249771e+01
3.413673343924941150e+01
3.445375325129922572e+01
3.369154052625655993e+01
3.574584579893384273e+01
3.423382034488808756e+01
3.600176104240475894e+01
3.283657278652110989e+01
3.525401577309102663e+01
3.484355541732819717e+01
3.422361675260147962e+01
3.519100460734647839e+01
3.386057286342341399e+01
3.389778935456493514e+01
3.497017133219228668e+01
3.332718361168731036e+01
3.358157572039534955e+01
3.562976188466750926e+01
3.468416327508840880e+01
3.371463398836633019e+01
3.399719946896843226e+01
3.353134480344778723e+01
3.437161834411522676e+01
3.432203141774929378e+01
3.390867673652876846e+01
3.571399749182618422e+01
3.498160220944176046e+01
3.418858534784192926e+01
3.300385346129641562e+01
3.453316940052955886e+01
3.193206475786787024e+01
3.435803127058357376e+01
3.436848333237280428e+01
3.535189353185462835e+01
3.473312120455349117e+01
3.390521246204949080e+01
3.521029062933646969e+01
3.547778106465623438e+01
3.578404742049787046e+01
3.592290927395851696e+01
3.490777929061368212e+01
3.472457454762822948e+01
3.484501824675103165e+01
3.351607810072616189e+01
3.450132664505993318e+01
3.558082596231967187e+01
3.396824874639435166e+01
3.418577793597791015e+01
3.643512987614547427e+01
3.336192778284765836e+01
3.291714202554796742e+01
3.402137590165213510e+01
3.426331397580589311e+01
3.325578962234769875e+01
3.464774681688390956e+01
3.311695923492249705e+01
3.368513591180034439e+01
3.386327409249532394e+01
3.471334479696714226e+01
3.367361664470162452e+01
3.333125088163672700e+01
3.371006045038176779e+01
3.451163951655900064e+01
3.612925233641183098e+01
