3.776796001288408178e+01
3.577853473610026924e+01
3.794121255221194389e+01
3.592367133414915514e+01
3.879955229910444103e+01
3.831017253355829411e+01
3.620739414667529843e+01
3.625505925889880388e+01
3.889722115534198821e+01
3.520234046627741265e+01
3.795279208474204324e+01
3.753140967171145803e+01
3.917927802825862926e+01
3.779101431157511115e+01
3.704785047532659092e+01
3.649880921316243132e+01
3.813203022641421569e+01
3.752537935416737724e+01
3.610510852741794707e+01
3.868150948850918525e+01
3.743759738602319942e+01
3.889788022432746573e+01
3.946430010671353728e+01
3.449809906346946065e+01
3.766821204511877141e+01
3.647087257374160885e+01
3.878963641219728942e+01
3.822364738660707673e+01
3.372686173030069057e+01
3.722193156721072427e+01
3.728903625966786706e+01
3.869826449599819540e+01
3.867465891275374190e+01
3.778992418829361810e+01
3.782024910495265857e+01
3.621362677019702403e+01
3.579533821542511873e+01
3.472367155496169744e+01
3.774419830233930639e+01
3.565534283353356670e+01
3.539874560473229081e+01
3.665509524777468187e+01
3.713894468256820147e+01
3.800782916619941432e+01
3.771124770427538664e+01
3.563673951574598675e+01
3.486556340385288877e+01
3.610143941168204407e+01
3.715552799734222589e+01
3.564178338434118132e+01
3.736625373731595801e+01
3.713657990802607145e+01
3.599182460975138298e+01
3.844950151009189199e+01
3.583459732474896953e+01
3.625765409931068461e+01
3.811596009902783777e+01
3.778935887043333253e+01
3.628602830798902801e+01
3.625019771005902669e+01
3.637235989457612106e+01
3.735800205016590780e+01
3.751798355329135859e+01
3.848023705187355148e+01
3.468421296962840472e+01
3.615618112746532375e+01
3.693157917855654659e+01
3.751168311764406127e+01
3.684280740682479660e+01
3.824844564861360396e+01
3.710186127709344817e+01
3.698627942140102931e+01
3.712597580133483888e+01
3.669457118508911719e+01
3.660021181028221804e+01
3.650766495237601816e+01
3.684611098707409838e+01
3.913207861587958547e+01
3.767878310863077473e+01
3.757429911436346259e+01
3.683765696858070982e+01
3.651223195624376672e+01
3.657793345998794621e+01
3.725116190169970309e+01
3.876435644154287274e+01
3.757056236980052688e+01
3.766454756732913012e+01
3.716571804861973050e+01
3.601645611682467063e+01
3.888430980123884240e+01
3.728437252134926183e+01
3.603574952402897935e+01
3.508380757999633204e+01
3.776194926524181739e+01
3.710732724353742640e+01
3.777445897372373196e+01
3.595972472539000364e+01
3.717677210501638285e+01
3.896629330455807150e+01
3.479673633594301663e+01
