4.092878345332574952e+01
4.331079554469874182e+01
4.217550304214513091e+01
4.352022758410551972e+01
3.975191252476496828e+01
4.227448892628073196e+01
4.163652394107972299e+01
4.172903177490131554e+01
4.142833991486751444e+01
4.224818071417890053e+01
4.234795230027938118e+01
4.016400251155385348e+01
4.184488587445026297e+01
4.276126268058033020e+01
4.270104340358517447e+01
3.970100534346506294e+01
4.206939226188706726e+01
4.224654001089764677e+01
3.935262283330401090e+01
4.175063498508495030e+01
4.142324122490345673e+01
4.064764363118821677e+01
4.107482611497364644e+01
4.226314193721884038e+01
4.181810090440214367e+01
4.035841038453668261e+01
4.097587965536705923e+01
4.001223157998554569e+01
4.144346464613413872e+01
4.180271708132679009e+01
3.968727169058744408e+01
4.320253854336343124e+01
4.140503226424378624e+01
4.018931995876991436e+01
4.276157718678204134e+01
4.134897381135429839e+01
4.080035046899507023e+01
4.164464527816294748e+01
4.252251777236734398e+01
4.096638888056708794e+01
4.199864757933361403e+01
4.298116938728617953e+01
4.091878751657269930e+01
4.186858884704685835e+01
3.929767709746931814e+01
4.157625542411838637e+01
4.154873456921539088e+01
4.197479999471497791e+01
4.261270518050064027e+01
4.005496812497882075e+01
4.132353556621060875e+01
3.662146283524910473e+01
4.313028048920280355e+01
4.084314385479759579e+01
4.239355645695695785e+01
4.187808700315479626e+01
4.071378318093256610e+01
4.167976117284826643e+01
4.152230498802168057e+01
4.191272544884206042e+01
4.095256704147302429e+01
4.141196438097885846e+01
4.199133635233303607e+01
4.121453638374573103e+01
4.365386260319420586e+01
3.990977365867898641e+01
3.832652983101115041e+01
4.402778564794913763e+01
4.330868705109556771e+01
4.007277049911697731e+01
3.986500700034902422e+01
4.189610793062375649e+01
4.270648588911589627e+01
4.124676625001897889e+01
4.101058808054353477e+01
3.935295369347194594e+01
4.000090001240122461e+01
4.035817757692961294e+01
4.125489902932451258e+01
4.099501915545074127e+01
4.059257242813869482e+01
3.988554856951309091e+01
4.182671217439943945e+01
4.255886616844788506e+01
4.091459998073452908e+01
4.076705331127441667e+01
4.310939198259347194e+01
4.309359469798272357e+01
4.098598951483420905e+01
4.131606704409949771e+01
4.054345005986120043e+01
4.321915342245691249e+01
4.279733017230879710e+01
4.120782672390036083e+01
4.026069164636088971e+01
3.931367913836742645e+01
4.244962050675646736e+01
4.304206756994758365e+01
4.320250422353947783e+01
4.092620351888157870e+01
