1.942304908478254077e+01
1.988839324981280754e+01
1.983113766003191358e+01
1.899449041964005502e+01
1.979330158794715189e+01
1.937997754126826422e+01
1.968071404873086294e+01
1.924792928309233275e+01
1.986475017708286117e+01
1.945563996240066373e+01
1.936787230372929258e+01
1.962167476482399309e+01
1.917583972392418090e+01
1.957197678219639059e+01
1.997510568409985154e+01
1.986124042297782566e+01
1.925510434374948332e+01
2.014206624203821150e+01
1.962864807918786525e+01
1.958684900699048725e+01
1.937394948314515730e+01
2.021953837200214465e+01
1.961748860898903857e+01
1.928028237057526084e+01
1.906430976165728808e+01
1.954976003771286130e+01
1.990289860664750066e+01
1.987763611895586635e+01
2.016265598131925074e+01
1.926290682799053755e+01
1.934853429998847574e+01
1.928421945936677417e+01
1.994353572087157289e+01
1.948089410022523893e+01
1.928448601302675058e+01
1.945887655273227423e+01
1.983189620193797253e+01
1.927131322743207065e+01
2.010429531822855509e+01
1.998377792515226758e+01
1.923527660899813085e+01
1.941075107680245893e+01
1.970185935357129381e+01
1.981681923855687089e+01
1.960726468759121488e+01
1.979507219882935942e+01
1.967181888437557902e+01
1.976430382433080624e+01
1.981682776143541957e+01
1.972936257596929721e+01
1.987978064301971060e+01
1.972704563388860066e+01
1.954849808209392137e+01
1.978376560582055887e+01
1.963150852490307940e+01
1.949106220975082948e+01
1.919466364395976399e+01
1.950188103206627943e+01
1.956937143636094234e+01
1.982978423149675962e+01
1.954322611942134458e+01
1.957394394693123374e+01
1.985701131702782263e+01
1.966264680193602388e+01
1.983984742853018091e+01
1.974393563572015609e+01
1.913252721612092699e+01
2.017367524949017010e+01
1.947016904793596126e+01
1.990813758015704593e+01
1.963423081581374774e+01
1.966087802749166968e+01
1.961344180602300469e+01
1.975611106688193530e+01
1.947817172824703746e+01
1.926429407644315006e+01
1.910594838093045311e+01
1.956776861152706459e+01
1.982101689814558654e+01
1.929392254707036614e+01
1.970068382270253338e+01
1.959608524367547133e+01
1.962170530228912924e+01
1.978632590602504848e+01
1.971831709377056541e+01
1.943055196247805583e+01
1.947053847227222434e+01
1.951000892949489796e+01
1.926236920289113286e+01
1.914550624106394849e+01
1.935604815734861006e+01
1.972096077529194602e+01
1.918613704943297549e+01
1.921450669646952036e+01
1.906406332519116376e+01
1.899254440052074600e+01
1.925455432798187516e+01
1.927476085132023442e+01
1.936946632371908095e+01
1.950966918797578131e+01
