8.172823598870742501e+00
3.979744668139362318e+01
4.641823962770489231e+01
4.446471680361676704e+01
3.638445495652287320e+01
2.541063182589544667e+01
4.210194536979871316e+01
4.441043391322492084e+01
2.390843189717018902e+01
2.201413238942000916e+01
3.182772383368086011e+01
1.569990695692444405e+01
4.295904324447290179e+01
2.465581728058673860e+01
1.785936426201043759e+01
1.485500467984376627e+01
2.391252050979701238e+01
3.655000058758979264e+01
4.498890328698607988e+01
4.025041576342197658e+01
4.468178657016540711e+01
2.090743167189809526e+01
3.844896968458596831e+01
4.326060652092427716e+01
4.659552924018512243e+01
1.324849761616004429e+01
2.650579513938368592e+01
3.876356129410011420e+01
2.362924734972964558e+01
4.339119551919618800e+01
3.319843345198552242e+01
2.010635695183621152e+01
1.245496872135730015e+01
3.064533407216581296e+01
1.085638522021256591e+01
4.266608626406700466e+01
1.207507667619020530e+01
2.938122362554356570e+01
4.650881714989422733e+01
6.042974189543297570e+00
4.660336170002086220e+01
4.309777521677292356e+01
4.443735393132659794e+01
3.514718099187015810e+01
2.258581634762511214e+01
4.539791119965020982e+01
4.392809477090320769e+01
1.309350123867062621e+01
3.134854812130537738e+01
4.411034110880920167e+01
2.281878854070317786e+01
6.484269886452028508e+00
4.458989417604057337e+01
1.788341276334297802e+01
1.303429626887917969e+01
3.354077181200891289e+01
4.252722739812856645e+01
4.632365817667918861e+01
4.639050958051321771e+01
3.843325475630118859e+01
4.163228561691423835e+01
3.960100560628590216e+01
3.351839327099136057e+01
4.472461346207117572e+01
1.749954956293293407e+01
1.776868387732473309e+01
1.604892169702853266e+01
4.253649676346866926e+01
2.034605241318033819e+01
4.506281001925864871e+01
1.392906657020177796e+01
4.574830803040189409e+01
4.252962109229429899e+01
2.315099031159016008e+01
1.786398245591006884e+01
4.326594716925141881e+01
2.729495963959580607e+01
4.140640195842326676e+01
4.406250106042493542e+01
2.970472950895860009e+01
2.883546963709176580e+01
9.861458743121071180e+00
3.423223941597544240e+01
1.693794593093016942e+01
4.453092714516546380e+01
4.616734224994706182e+01
2.097292684262650297e+01
1.576393265746119354e+01
4.535330067754112804e+01
2.828843833001104358e+01
2.694424411479021586e+01
4.439772205260280202e+01
1.300202857070127926e+01
3.499979210588696787e+01
1.964105700859418491e+01
3.079678817899374721e+01
3.103077699162967207e+01
4.256012859583546515e+01
3.695801051458693820e+01
4.527238301408248589e+01
