3.601970414859934522e+01
3.655852297879683022e+01
3.487172283988405042e+01
3.494816887278317097e+01
3.442806774225550015e+01
3.415505615447710852e+01
3.687532412399112047e+01
3.541673602279817601e+01
3.474964363347700669e+01
3.523253495855647799e+01
3.675154954370258764e+01
3.557849624055649684e+01
3.520513947819527800e+01
3.478091086488019101e+01
3.660208560194799787e+01
3.627596936842584086e+01
3.811349574434431275e+01
3.700855311534913739e+01
3.726781571761753753e+01
3.808579773327887352e+01
3.578828986045228078e+01
3.562944689104213580e+01
3.609359541508680280e+01
3.523584482683244801e+01
3.640202798622757285e+01
3.656179430655816986e+01
3.417883170005922722e+01
3.644040626975912289e+01
3.509645363444253974e+01
3.542484779949602114e+01
3.634519340047490488e+01
3.508979900405027763e+01
3.577484114198669829e+01
3.622864125565848070e+01
3.705680519139249895e+01
3.834778849656325406e+01
3.492178959358761858e+01
3.633461848319470988e+01
3.551337015699944999e+01
3.425365665781335167e+01
3.611916437813059133e+01
3.563951014884905533e+01
3.583942996757718902e+01
3.628914467573299873e+01
3.675230273345373178e+01
3.578934677097376493e+01
3.610226540533529516e+01
3.505629118246407927e+01
3.526836461057119720e+01
3.607906202442725174e+01
3.748908313702749240e+01
3.618850386019666843e+01
3.595942575504305694e+01
3.670916348077353319e+01
3.568579908089591157e+01
3.582781414927220709e+01
3.529721448106910486e+01
3.613884396901895713e+01
3.491712276881489174e+01
3.814649077631178642e+01
3.801745785544994760e+01
3.466665057060821198e+01
3.599870463415886235e+01
3.604112725058190847e+01
3.535483535879308192e+01
3.656658310361619613e+01
3.472820165151455285e+01
3.616436089003491361e+01
3.400287858567217114e+01
3.696421363700316931e+01
3.585193304267323100e+01
3.598734150655589303e+01
3.507884806331631466e+01
3.634055865880406344e+01
3.505192764438393027e+01
3.587521325672277328e+01
3.558124676803988251e+01
3.456509248122794276e+01
3.647046926670907396e+01
3.495666314154987475e+01
3.464294332776226071e+01
3.450840785168720970e+01
3.551207317322172230e+01
3.335534723575801763e+01
3.697610038658792320e+01
3.545601597695647200e+01
3.477632673546970210e+01
3.664802060915775428e+01
3.582777152560714029e+01
3.548646122058675445e+01
3.638657318770211191e+01
3.703941131805007103e+01
3.477744245080609176e+01
3.561524051368739663e+01
3.753806001131031422e+01
3.452772590583936108e+01
3.558036699656660318e+01
3.666530555420601445e+01
3.584853976988041069e+01
3.721028289678065448e+01
