4.109945865595224745e+01
4.425004701082251302e+01
4.239815810467565171e+01
4.387896882738972693e+01
4.629718717746651890e+01
4.530787751537522468e+01
4.172164566396195795e+01
4.446198471778781425e+01
4.278625324145908593e+01
4.551145634574663035e+01
4.215141264221500705e+01
4.510010735985330399e+01
4.519387269698047760e+01
4.253930081149520959e+01
4.389535627467313361e+01
4.407707595168101022e+01
5.465719688579619095e+00
2.941788897552397941e+01
4.734770554971384371e+01
4.469474778009742977e+01
2.645465306134075334e+01
4.574596585390983705e+01
4.397232452174510087e+01
2.909331049512776701e+01
4.134446273449751885e+01
4.561964984133363998e+01
4.450065246609030112e+01
4.165711412965409721e+01
4.274556817222664051e+01
4.202703913709373040e+01
3.031328843714858223e+01
1.328064032009505624e+01
2.386943768881658556e+01
4.229949438292010910e+01
4.594575779360741308e+01
4.601676593490012834e+01
4.394440921674208766e+01
4.580825819780910280e+01
4.465259097406367772e+01
2.923217534752890856e+01
4.597209072384919892e+01
4.522014128575343506e+01
4.470863746972081998e+01
4.363070528217131283e+01
4.418272596850683698e+01
4.527247590442350855e+01
7.720538407082507604e+00
1.501574779108166346e+01
2.768681573642832205e+01
4.213648492379039823e+01
4.463062293302491668e+01
4.629648065436560245e+01
4.480550267458934144e+01
4.349332764623273562e+01
4.606434700181108610e+01
3.921099105386085881e+01
4.307034014801191546e+01
4.114184127100040911e+01
4.243908928070064235e+01
3.404841438706499446e+01
3.452002078173946131e+01
4.551127132111586349e+01
4.584134565790684235e+01
2.376394218459877195e+01
4.204759570000724267e+01
4.545098101625139719e+01
4.307945395597621285e+01
4.379194035567346788e+01
4.305751977105705919e+01
4.591669633774571935e+01
4.387352958061077146e+01
4.505830932792008525e+01
4.451148353190021112e+01
4.155556811929636751e+01
4.333844268567253977e+01
4.499697450977450330e+01
2.902571160484694346e+01
1.536636726313286516e+01
3.785180538876350909e+01
4.729519293867119245e+01
4.519145363251302427e+01
4.323751193148352456e+01
4.586144706064426657e+01
4.738680221512304058e+01
4.488511912145406768e+01
4.517420559996445917e+01
4.214047999917530518e+01
4.498104825065599499e+01
4.613823358951244558e+01
4.137212979296383963e+01
4.512395966427122573e+01
4.466963859627455946e+01
4.569597526388815112e+01
4.521247444467006460e+01
4.551149435643809227e+01
4.109223870442513515e+01
1.363489912721504993e+01
3.069483991378287158e+01
4.200708232828088029e+01
4.536391128474592449e+01
