4.085088760933998486e+01
4.244733871769424383e+01
4.350852282826939188e+01
4.377003689141716336e+01
4.375816175668032315e+01
4.167689327185739501e+01
4.117322581047756813e+01
4.393593847296149590e+01
4.233278423174906635e+01
4.272815523702880824e+01
4.386722981618072481e+01
4.526158762911716593e+01
4.331685564452121895e+01
4.187901919528366790e+01
4.261354355991463194e+01
4.218813259480422317e+01
4.215495792407742925e+01
3.114635120238719779e+01
4.026532308761880330e+01
3.835181797373827806e+01
2.230020509338547541e+01
4.500315053651062414e+01
4.120363702926510996e+01
4.376268592875612740e+01
4.401359751490048211e+01
3.538847450784404458e+01
4.084441488525670394e+01
4.419878477553159257e+01
4.209022786573770247e+01
4.159078568032460055e+01
4.307386927871166193e+01
4.258711284196255065e+01
4.242914931896191177e+01
4.236655745221323599e+01
4.388978764236703967e+01
4.453071090914976793e+01
4.223243598387673359e+01
4.336793276616034376e+01
4.298519434608966350e+01
4.170172174806955923e+01
4.347279178648403075e+01
4.072979530750438215e+01
4.357166648927116626e+01
4.230154602379178641e+01
4.332362635974966025e+01
4.313924337668932196e+01
4.429226705783850804e+01
4.358507845401803849e+01
4.303517226527293360e+01
4.315414339660247123e+01
4.182250941247685461e+01
4.498405018921352649e+01
4.317851081094191557e+01
4.297719441407253527e+01
4.267881052967554467e+01
4.400241675725658297e+01
4.365818126507753050e+01
4.264466792906878112e+01
4.212535569641732991e+01
3.926509952348354204e+01
4.364721194939941995e+01
4.206931965097140846e+01
4.421368122396938816e+01
4.147260566853937291e+01
4.173400787777666920e+01
4.406061334328207835e+01
4.052514638304629102e+01
4.097642119932337579e+01
4.231857537596930285e+01
4.226517749195946294e+01
3.244740142267909278e+01
4.564419759130039722e+01
4.390844917678612802e+01
4.398837802491412674e+01
4.295247031983743824e+01
4.188223302762165190e+01
3.782426456717635688e+01
4.134697579836783632e+01
4.229485587521999435e+01
4.199689831381432015e+01
4.474410725743326367e+01
4.102963414587999580e+01
4.339731984303660539e+01
4.306103088993197048e+01
4.386499048422219005e+01
4.246726167355996751e+01
4.268565106791004382e+01
3.069650900153212092e+01
4.159354891094306339e+01
4.399999593680735899e+01
4.450233143621126430e+01
4.235688327281233967e+01
4.491690212417901051e+01
3.994757620446797830e+01
4.053329795705364802e+01
4.452161764992161608e+01
4.362389700810881976e+01
4.288834334554161387e+01
4.275829753948256950e+01
4.170758570484549921e+01
