7.744318992578579142e+00
2.481727097613295996e+01
1.507665523835079391e+01
8.033396349603574293e+00
9.509534316895660311e+00
9.072807162136380388e-01
1.511393805883606944e+00
1.095018408557498901e+01
1.245678630970436807e+01
1.429954707023586202e+01
1.218504202672252568e+01
1.202996537684743217e+01
3.898846742184276515e+00
1.025687681290790820e+01
7.401391335659642579e+00
8.613070440654206905e+00
1.672089125742935778e+01
3.868394326128972160e+00
8.307265151478816279e+00
9.030292146604173453e+00
1.240857772666039871e+01
6.346872554785476517e+00
1.315899810692983785e+01
7.020189002838926662e+00
1.688302495939149139e+01
1.234313284500574603e+01
1.633203658128419278e+01
1.559318793984126472e+01
1.697859023204730278e+01
7.446377107507818671e+00
9.284269201077654188e+00
1.461138614289457216e+01
1.277022714039499540e+01
8.758605743968358226e+00
8.792350804448771484e+00
4.568261795089821220e+00
9.713297094244056851e+00
9.933047287984789975e+00
1.103290426472943508e+01
9.307630522293255382e+00
5.812691771769212146e+00
1.055492145674040572e+01
1.047475198675269503e+01
3.116735854564083308e+00
9.636093614481826108e+00
1.314898855659103916e+01
1.875882232705314223e+01
1.764215183684747501e+01
4.775229884787344226e+00
7.927819249852489314e+00
1.759078913182845483e+01
1.654557962896335965e+01
1.396022413495590797e+01
1.134964751038988418e+01
8.597479582874536064e+00
5.305375540429396075e+00
1.710541228427672067e+01
3.188587146807259742e+00
7.477736726365082909e+00
1.588973595867579647e+01
9.334839576469597944e+00
1.094511659607245413e+01
6.483392352253226854e+00
7.502554846884416762e+00
9.393745873384851564e+00
1.197921397584940095e+01
1.415420364000941511e+01
2.419088344904488963e+01
1.652850199904024819e+01
6.229555739805391568e+00
9.992177975414902491e+00
7.954131030831333327e+00
6.793447096332529966e+00
1.491555761295626148e+01
9.721994052837505507e+00
9.924160729239776657e+00
1.271094888934941736e+01
9.226295774723137555e+00
3.238410398710169602e+01
1.157126172206370640e+01
3.786384754357094540e+00
6.599359137108947060e+00
8.066021575589964243e+00
8.415825828554069687e+00
7.615064772392933889e+00
6.371230634613184840e+00
4.560358539145080492e+00
6.605220091228463097e+00
1.043850440287434722e+01
8.227565429016074461e+00
1.133974867398599073e+01
1.355572168145632972e+01
2.500742204480748043e+01
1.267357066719401892e+01
2.126721747207640956e+00
2.027426823884218621e+01
5.354221346804731496e+00
3.110845238906629717e+01
4.847960530210278840e+00
2.172387980730786339e+01
