7.421119453947141231e+00
1.250818703791321873e+00
7.813676299984547713e-01
3.984839894364547330e+00
2.012482499194738317e+00
1.386956830388005768e+00
1.088681359535823567e+01
8.233356743812729750e-01
9.351721248641375439e+00
6.683403211912753328e+00
2.725688729467646176e+00
3.859177718076600261e+00
4.541263637491033123e+00
6.303849091423415096e+00
3.759670204543292371e+00
3.163531605256166834e+00
6.428148179629500358e-01
4.285348905717861534e+00
9.706400443979692483e+00
1.071890449574843274e+01
1.502153988659646444e+00
2.060324781934778571e+01
1.555235553710322405e+00
7.911031004232772723e+00
1.206427079227076815e+00
2.713834334203098830e+00
7.797998574571823660e+00
4.060193470292065676e+00
1.116361921364561249e+00
2.790963461398565659e+00
2.974257809330926428e+00
6.336168634882485939e+00
4.706359473944219829e+00
1.255963188996544844e+01
9.877841682191965234e+00
1.404365854089605348e+00
2.864905738472525609e+00
1.604606341790762114e+00
7.300137936106207093e+00
1.513885508544523084e+00
8.681794827559067285e-01
7.065008438651886324e-01
5.411366430243863768e+00
1.409892756645098366e+01
1.582296113586263209e+00
1.221750479527913713e+00
1.534562569793257047e+01
1.309343710652714154e+00
2.406371094080263617e+00
1.323568399411728214e+00
9.193402028438738549e-01
1.922685983335188453e+01
3.620712279063156291e+00
6.645278245168925402e+00
1.225840898178509830e+00
4.018664340059327600e+00
2.113284757166461958e+01
1.303392068813589155e+00
1.785070446758414642e+00
3.237462642990932338e+00
7.757828935215950850e+00
7.479010855839079985e-01
8.527243849313663304e+00
4.898646115314670091e+00
1.274139242667907235e+00
3.928371680475824412e+00
6.104513751679520261e+00
4.321323253068142023e+00
1.489369652173246683e+00
1.763871757642063720e+00
2.236475087921856453e+00
2.279455432172261098e+00
1.233622415878124379e+01
1.567175704890078070e+00
2.938307486532240276e+00
9.063432308452949115e+00
2.033930600757913432e+00
5.231515770736931081e+00
1.490255790626362709e+00
4.496052946269243122e+00
1.289756423980781719e+01
5.044530993566557875e+00
4.180858201003631258e+00
4.284124540778995183e+00
5.149575904053011577e+00
6.923009021232418014e-01
5.788065849515810157e+00
2.338851658030314695e+00
1.058060111444135254e+00
4.801561697521620431e+00
2.268952720098766029e+00
1.015404479403364846e+01
5.700501281919408747e+00
1.042866461077541196e+01
1.873840078721548785e+00
1.871522324089515577e+00
2.045786160870664006e+00
2.284723231175612934e+00
2.449279447425546596e+00
1.442984651836474796e+01
