2.002682744153983663e+01
2.079569539040865322e+01
1.957215744697440485e+01
1.976510257534018322e+01
1.985370087628800562e+01
2.037037646224485599e+01
1.932793094111931254e+01
2.009093733259632586e+01
2.048361751286351762e+01
2.001268628366945634e+01
2.025792512326138350e+01
1.966498179945099523e+01
2.004861970315925745e+01
2.008669136734713234e+01
2.002090670193825517e+01
1.958740998076374495e+01
2.084081619095150373e+01
2.047454793936417516e+01
2.006344048434002403e+01
1.956580596665837035e+01
2.027166033406300016e+01
2.013258918600374159e+01
1.985518122095216142e+01
2.024257414018481072e+01
2.046138370070828572e+01
1.986396149610963136e+01
1.972884419133922762e+01
2.034726438550113770e+01
2.014819113807153528e+01
2.022797393107640218e+01
2.016437413358775999e+01
2.080927211849473579e+01
2.036249141373385285e+01
2.033339159220546932e+01
1.966823199686250945e+01
1.988740232303252853e+01
1.997713732644212925e+01
2.052136195259470597e+01
1.994962449540303950e+01
2.058562354000843797e+01
1.986665182897960946e+01
2.000174025941874589e+01
2.003960853535171438e+01
1.936968267805016097e+01
2.005778343471750702e+01
2.073247097888128110e+01
2.023992998535506516e+01
1.968502281345375238e+01
2.040396608568127590e+01
1.995797488130509123e+01
2.032695861073008814e+01
1.977048494029255821e+01
2.015574503020785002e+01
2.005170608698711732e+01
1.956076514792939847e+01
2.033835308197404146e+01
1.972586841485042797e+01
1.952937774310007768e+01
2.026740184477969819e+01
2.032111441763158410e+01
2.037962828166416784e+01
1.975031638832342296e+01
1.970397267542626452e+01
2.025085548612232955e+01
2.035970952711436510e+01
1.991686450014944754e+01
2.007821200030230457e+01
2.023787299856669719e+01
2.037992563993441664e+01
2.013557532614998991e+01
1.981507859188362985e+01
2.026513232740411041e+01
1.943860507823764294e+01
2.062901844249573102e+01
2.045617650490055084e+01
1.978421070282275807e+01
1.996509559092639918e+01
2.036752332129626097e+01
2.005491290503693946e+01
1.989416599653417705e+01
1.995634387250933983e+01
2.016934977548881491e+01
1.973341343957836003e+01
1.980154310022387776e+01
2.020125126560562379e+01
2.044334197175241385e+01
1.915339845394984053e+01
2.023494148825619376e+01
1.962978358463987760e+01
1.998018831202060852e+01
1.964414254705562257e+01
1.943514392842853766e+01
2.009672378891777100e+01
2.027778109119020655e+01
2.017471539221056887e+01
2.095047103697537594e+01
1.969769439327772886e+01
2.021122102128077813e+01
2.026359877691023925e+01
1.992749260543787315e+01
