1.693480804160684583e+00
1.209460254691461500e+01
1.097171173666732180e+01
4.159907326175136255e+00
1.259066042766893467e+01
4.989203519720053492e+00
6.765219105847402048e+00
7.801074024564650600e+00
8.048386175812902721e+00
1.796118418549372464e+01
7.749525997749326045e+00
3.263360654985053344e+00
1.272933083842149138e+01
2.727506815254552741e+00
1.018144057828125071e+01
4.824494387224640413e+00
7.921485894584727738e+00
4.055857335961108312e+00
1.369481320228114640e+01
1.002289572299870812e+01
2.463296997088044282e+00
1.482863812205596155e+00
2.095140534158971946e+00
1.057978414703325676e+01
4.435364139770451075e+00
7.289872781126617518e+00
3.341560575632912755e+00
5.923096132593644647e+00
5.899099835733733421e+00
1.728439848044506633e+01
3.669540549550645903e+00
5.609633876001873354e+00
1.461987643959949068e+01
7.665117765406717076e+00
1.397783616355218683e+01
6.013583537362261922e+00
6.292128335067626033e+00
3.308200995971372738e+00
8.476276990658506705e+00
1.373609062297896699e+01
5.097922390443536678e+00
1.051798673992870192e+01
4.001819959508307711e+00
3.422559716131093666e+00
8.267072557101435848e+00
8.681371548159495077e+00
8.395813809326320154e+00
1.069310499616665311e+01
6.647131033381665333e+00
1.105542478435035392e+01
1.375256757445687228e+01
2.999169853088093252e+00
1.338066524673611291e+01
2.913613203903972160e+00
9.937533457306718887e+00
1.144505844741478029e+01
8.557091532506468923e+00
1.134610454648977118e+01
1.931008409708670470e+01
9.182971112746786346e+00
1.050561910627631690e+01
1.432836154227973502e+01
5.600215257162843407e+00
4.735390692203052865e+00
1.019740511651562187e+01
5.670950266960507413e+00
6.385076519629778957e+00
8.180697421265499258e+00
1.154674162202847754e+01
1.176131517020822947e+01
5.880390736504163662e+00
1.519754343006286668e+01
6.973161438978656257e+00
3.972966468473976498e+00
7.421273793168041699e+00
1.084454886620622815e+01
1.368957921900629060e+01
2.180321898233125921e+01
9.024948986662499451e+00
6.400893758636355457e+00
6.040164759965238161e+00
2.276244301097364531e+00
1.077252501518549366e+01
3.309783719105789945e+00
5.329694543273203244e+00
1.184715962165659242e+01
8.216855262774757307e+00
1.896982416452872044e+01
4.923485141673712207e+00
1.050876110598095536e+01
5.604550896282090910e+00
4.539709200542386469e+00
4.412676281937441658e+00
2.425415155896696540e+00
2.423803190720784873e+00
5.257101680600681171e+00
1.144729741606250961e+01
1.122572889177660649e+01
1.687536411057405772e+01
7.459637770353893416e+00
