1.221169411150631046e+00
3.890043305204226698e+00
2.047241309115824137e+00
3.666168859368148514e+00
4.346832641316760615e+00
2.781889868733490978e+00
3.726934801602577618e+00
1.354208529849665554e+00
3.172003348555869184e+00
4.792170281576336066e+00
2.264221509837278212e+00
2.622389278952576674e+00
1.040415131646422076e+00
2.207085336176133783e+00
2.772180484045279503e+00
4.469481578156693224e+00
3.495438805281469552e+00
1.765530117842780911e+01
1.095575580829209805e+01
5.288492094302768010e+00
1.001963955729660327e+01
2.277424711113672728e+00
1.522486079854037611e+00
4.615603872749423964e+00
8.543968457802213479e+00
4.567991217590281927e+00
8.041027651797804765e+00
1.486140733812479731e+01
3.174060853634383506e+00
3.147870541328475991e+00
1.989570957490318426e+00
1.561481265689249609e+00
3.755923469676736293e+00
1.170992268020268412e+01
4.210694146220363976e+00
4.468655206794392321e+00
6.708598052370296827e+00
3.524776286500256539e+00
1.366471479513719833e+00
7.042524505257212297e+00
6.249771528479306504e+00
6.377883502331285648e+00
4.140538940783114796e+00
5.189911514937157300e+00
6.010848646366093284e+00
1.286344128773204698e+00
7.626282594606536236e+00
4.392879929822528950e+00
1.198756290485637876e+01
4.047126714471096065e+00
1.164678570401658497e+01
1.052078038048406494e+00
8.571178534092609880e+00
2.665712557330556010e+00
2.423014571278635731e+00
2.159919517165984004e+01
4.337633879770163681e+00
7.362614851226547685e+00
7.924793959075822514e+00
6.183565524282176540e+00
8.492930717400705376e+00
1.954037472689869759e+01
2.087035096426262726e+00
3.401545634194815371e+00
6.923052715336225127e+00
7.487096015239152358e+00
4.633965572158329493e+00
4.024359047218435848e+00
1.279601601027705193e+01
3.743105801877708583e+00
1.385334313432871056e+00
6.979030335501281712e+00
5.498930954534153592e+00
8.812888166015920177e+00
2.684840251507209619e+00
1.801485126325918618e+00
3.169669977250935133e+00
6.768757199599651386e+00
1.387399744435116666e+01
9.992327993132141817e-01
3.378056388956766742e+00
2.457988258494798739e+00
7.822366213574654559e+00
3.947795403750586019e+00
6.011944266915890900e+00
1.242271596472978246e+01
2.514602911369743232e+00
3.387068590042773497e+00
2.795034585679501582e+00
3.684776954482306355e+00
3.533597792169059115e+00
9.076824322472834439e+00
1.078337389130458135e+01
1.699480563737881367e+00
5.837605543810338027e+00
4.259587422403703805e+00
2.016138201324347623e+00
3.541037440915753454e+00
3.435391177397862705e+00
6.745329775489713242e+00
