1.194140472284389709e+01
1.946052443802036791e+01
2.248007194786939067e+01
7.394072493105755761e+00
9.012893032230634205e+00
1.485056694193226434e+01
1.181860993168231921e+01
9.591556013063339492e+00
2.841186395845332058e+01
9.078259287448474879e+00
5.742810673870577531e+00
1.071841698114689123e+01
4.588883237369640966e+01
1.115123985627764824e+01
1.249776183673612273e+01
7.683792568552555657e+00
2.151493587644094774e+01
2.120457627925477340e+01
4.416117747009092653e+01
1.105232759132499432e+01
1.433643565087125715e+01
3.417953083999511676e+01
9.684551291734603495e+00
7.124864004003842233e+00
6.971891007347950087e+00
8.078499734750678840e+00
1.390668554650379818e+01
1.564245740543164409e+01
9.599743285472731813e+00
3.884735277580289647e+01
1.176762009276809806e+01
8.895309851596955752e+00
1.631972661321711371e+01
1.264154914076533665e+01
2.267818354882735576e+01
6.489193005683271842e+00
4.681166482893385883e+00
1.313988756874488217e+01
1.805148737191630559e+01
1.013353078613366520e+01
2.791643447993726568e+01
1.042852316827269732e+01
3.582566854064716466e+01
3.424241918446626620e+00
1.582650735666857500e+01
1.662152660092488077e+01
1.750892245387872492e+01
7.347382904729484743e+00
2.797684894065734795e+01
3.275623947965333116e+01
4.559358065576665098e+01
1.302555632408839514e+01
1.978070171858492898e+01
7.379686991834784493e+00
1.191159631827622434e+01
1.671979385311230715e+01
4.202418512863418698e+01
1.185889706388944553e+01
2.652550297229704768e+01
2.782759139964083062e+01
2.075605375313225665e+01
2.263782655365923802e+01
4.250134483163284216e+01
5.734587502502711764e+00
4.205312504151181408e+00
6.055136114409178205e+00
9.730600674095070346e+00
2.788421210897522329e+01
1.346807321788123701e+01
6.574174394409849853e+00
1.062097967223281358e+01
3.721166779331060326e+01
2.059129062918397324e+01
1.458163561522462892e+01
7.271855610116214841e+00
4.700256357825199238e+00
1.372613750085180051e+01
1.044006027141350756e+01
3.089681282309298282e+01
3.256043693968970842e+01
2.875346989309260337e+01
4.355888466701303940e+01
3.806243498436037243e+01
2.925913112028913687e+01
2.953713703857313888e+01
2.012262270117096463e+01
8.914025054961610905e+00
8.954999239391346677e+00
2.792933500506392974e+01
8.127275573381107066e+00
1.017338607084737134e+01
7.406238237921542122e+00
1.053314045487535289e+01
4.390672623796499607e+01
2.850532485379352821e+01
1.434045525418568090e+01
1.055834942362180939e+01
1.475848770507924002e+01
6.684889510088757092e+00
9.153317781345151616e+00
