6.280848574648317140e+00
1.439108605685634856e+01
1.076432744311459189e+01
3.948023404113604418e+00
4.970960317328482425e+00
1.762707949852806522e+01
6.677246762907114608e+00
7.130588395980382188e+00
2.123794803565369094e+01
2.356183061286916214e+01
1.049714773167512227e+01
1.554183299150240494e+01
9.899270823893216331e+00
1.633111743845341479e+01
8.896395398601042004e+00
2.000999109783123941e+01
8.092003729974633686e+00
1.211984631128604128e+01
5.645001926997842645e+00
2.168340125228469084e+00
2.544983964132735110e+01
1.204042029744302056e+01
2.097207491377366395e+01
7.035197676417888957e+00
5.448721316209494958e+00
9.640802331439402906e+00
8.028093086070279938e+00
4.807151966563091960e+00
1.869626330243512546e+00
1.511124657185385445e+01
1.349231050477474092e+01
3.173322590785371489e+00
1.398243071576529140e+01
8.729781531122101867e+00
9.198806421227423868e+00
5.903389855304568279e+00
8.349166284631905910e+00
1.380622526837367303e+01
7.698662433198526500e+00
2.876526891822541288e+00
1.037124538375639737e+01
8.741974106752513407e+00
1.162234159583058002e+01
3.953483101640988373e+00
4.126792366523998723e+00
4.484538440343286858e+00
5.852097745672441675e+00
1.278215263712221628e+01
9.632457945457204573e+00
1.673746181030385927e+01
2.115458346287566727e+01
1.099031081622990591e+01
5.928180963049088703e+00
9.306204700216706982e+00
6.298666215511747879e+00
1.029468230933189332e+01
6.106091651250369345e+00
4.787727066144340959e+00
5.266823467684297988e+00
1.624411823985892411e+01
1.251184713157601713e+01
6.209430791363479862e+00
5.795507229265212779e+00
1.288243686429875190e+01
5.918598613268908792e+00
6.209618590097803370e+00
7.862698359512343416e+00
5.175702443817091769e+00
4.694860658962552336e+00
8.228140241143888645e+00
5.880450421318271559e+00
6.531088568567055219e+00
8.673694019448275228e+00
2.925860136650372034e+00
2.239469144701677461e+00
1.023823186893343262e+01
7.110773414769032463e+00
4.712575429562454232e+00
1.368250161624247419e+01
1.253134495778749979e+01
1.554212887018273648e+01
1.299808130006984186e+01
3.361896421737384344e+00
3.577436136272888145e+00
1.043818204134717753e+01
8.810114621034525584e+00
6.448494424956499493e+00
3.796736268457383545e+00
9.594063011713014788e+00
1.156112883245441658e+01
5.393528863502727866e+00
1.342043678708013488e+01
3.800534166867462815e+00
6.115564284304958242e+00
1.066811681754626662e+01
7.587010225099628968e+00
1.532101448675382827e+01
1.395766369025811926e+01
1.049506949213872709e+01
5.167631579963043897e+00
