8.474430810908589962e+00
1.428381306330838818e+00
5.708698965742182274e+00
9.699746977745754561e-01
8.647388881311276476e-01
9.257045486700722137e+00
1.145150951012437623e+01
5.360655632286347227e+00
1.155862131707097396e+00
4.451108534842427744e+00
2.647714383598515298e+00
4.129500997399067508e+00
1.033132781631852515e+00
3.152840597309956472e+00
4.016519103116232614e+00
2.035122354862562322e+00
5.475225419886522005e+00
2.961786175471009752e+00
5.241428583667750551e+00
1.633495728543688852e+00
2.241805895858236308e+00
1.634514027633122701e+00
3.128418510662294150e+00
7.620121717827695873e-01
1.687838804296153628e+00
6.941910059975165970e-01
6.373454024614037650e+00
1.466303549760187952e+00
2.258830340352959709e+00
1.252354735484710879e+01
7.262374949791093215e+00
3.645333162441389607e+00
4.196314319703780882e+00
3.741027354228269264e+00
3.375486860006077894e+00
4.590950235845578042e+00
3.426013244229015875e+00
6.738328852902068178e+00
1.286636567864717939e+01
4.411836394719656163e+00
1.695406325550062432e+00
7.091240516679220285e-01
2.204157066696761191e+01
1.260530087554359913e+00
4.073470403401290518e+00
2.165728272365742502e+00
9.853722629864119398e+00
6.361697516748295200e+00
4.825220551485736920e+00
8.391973286263654686e+00
3.364631356435175302e+00
1.508204799512593297e+01
2.638596038713428626e+00
4.479788987122660160e+00
1.194752377319391989e+01
9.815174287532217878e-01
1.246181616788916635e+01
2.716533188767045637e+00
2.903660164751885375e+00
7.714782918709818027e+00
4.861936782937884338e+00
8.346622303427862377e+00
8.341256606783717942e+00
1.817521771241618289e+00
3.596322022454743195e+00
1.289079484156428368e+00
7.104657452820581476e+00
1.182625448939688129e+00
5.571173799018991346e+00
1.301917456333029133e+00
6.943727414116682706e-01
2.184380127953325701e+00
5.789261839595448933e+00
9.521474894486180451e-01
2.867398747349486854e+00
3.732616278699706580e+00
1.487781909003755842e+00
9.912652520048361282e+00
3.038798762557885613e+00
4.212938826555618910e+00
1.111700144848775196e+01
1.663212318686390745e+00
1.963142345911540243e+00
2.342189044088641925e+00
2.356459142263747086e+00
1.429008572009686118e+00
5.218632852218141771e+00
1.633336058443294547e+01
3.830316618881627999e+00
3.902210678566434776e+00
9.279121884281241739e-01
6.851685659927081451e-01
3.415485126253891668e+00
1.402480973995325231e+00
2.380378586407823960e+00
2.727000767567388628e+00
9.432160917187608629e-01
1.654213877514305375e+00
1.391073004668949231e+00
1.205550246368138545e+01
