8.122563591996253551e-01
9.984493296303317278e-01
1.507842405272963981e+00
1.058532897018633845e+00
8.275211071511846539e-01
5.175030663335188352e-01
8.883748430531166473e-01
6.709511968664691572e+00
8.678062051570779589e-01
1.635319510572387225e+00
1.000882677060347170e+00
9.912937043398720505e+00
9.028344978908907636e-01
9.737728274603791867e-01
7.203879275772331336e-01
5.388351541746064788e-01
1.063921765664425934e+01
3.262034493976836647e+00
4.915452881855281730e-01
9.707420620632916108e-01
9.696643300364263807e-01
6.985875082706781702e-01
4.758543480989315455e+00
8.109771761713254756e-01
1.790735241504324948e+00
7.259415477843611519e-01
5.657562564054428034e-01
9.922313474764995478e-01
1.179759489552429041e+00
6.216232768283808774e+00
6.052154332902178746e-01
5.713013956704676710e-01
8.717831984513098043e-01
2.341982807636072028e+00
6.891117288859993639e-01
9.892591240192736279e-01
1.061070490063380944e+00
2.690992545783990941e+00
2.303811552430122589e+00
5.549987930381272694e-01
1.038868759172973277e+00
9.250717255606083711e+00
1.038580472465554960e+00
4.374643386230733233e-01
9.748313562170048963e-01
3.239849893112915602e+00
5.161543318245517042e+00
6.493025893930780557e-01
1.062304470786747279e+00
5.795260552374978946e-01
5.435935194909784496e-01
5.275667388391681589e-01
1.310611735344922835e+01
2.947659765488895633e+00
7.081612743813227029e-01
5.847805274309405554e-01
8.585111557575962893e-01
5.556619139926413098e-01
1.529923358123547183e+00
5.380746822758527559e-01
8.584554387389653485e-01
3.729772451305658709e+00
1.345260798441149541e+00
4.784965267024784419e-01
7.147888324550031314e-01
5.957309930164816913e-01
5.175679699408214374e-01
1.187476174301688392e+00
5.403768280725268491e-01
7.527497917658644289e-01
4.806871389423982288e-01
6.411595625891258754e-01
8.472983943327796474e-01
1.141295683153410900e+00
3.005597979577033563e+00
1.208356612952225184e+00
1.477701998728852395e+01
4.675940881089162282e-01
4.916596515556449498e-01
5.881424020349432791e-01
4.922581753674135641e-01
5.859751300174863564e-01
9.159898487822918378e-01
7.741531658494892332e-01
6.110471816135405465e-01
6.587896007748094140e-01
4.080207768137890101e-01
1.876398764327061874e+00
5.742835219696157401e-01
4.325446165942151033e+00
7.011635031462748469e-01
2.018968074579525762e+00
6.766464266854774756e-01
6.614311516990167839e-01
1.016320550877021667e+00
5.163566341590990483e-01
1.980391237034800866e+01
1.105657082296890747e+00
6.139036475866636033e-01
5.844797447939654722e-01
