7.021659993395147348e-01
4.759016781320327683e-01
4.794529660111972458e-01
5.982461864394891249e-01
5.798641876822668628e+00
1.420348280304869704e+00
1.326640683941506582e+00
5.618671470472873519e-01
3.552103889990344765e+00
5.801404351228909295e-01
5.426266314643805044e-01
1.075625133106114406e+00
5.768263815830345642e-01
7.565973782241776080e-01
6.184336409206078189e-01
5.393047289439728553e-01
7.728038606940075272e-01
5.697292365930303193e-01
4.848665399610024629e+00
6.263889475557246067e-01
2.041245768277657913e+00
5.334671549613506647e-01
1.211093713945401884e+00
6.379509661977683654e-01
1.826563194598715967e+00
9.263504202632477647e-01
4.731711400394117972e-01
5.446776804679868134e-01
5.047381916208756314e-01
6.041222619724074816e-01
2.437811801973182035e+00
6.631238226492459642e-01
6.585782160742230662e-01
3.376662627943679329e+00
5.301985025102708970e-01
7.496244802268219320e-01
5.306878127612746354e-01
1.332943618257593554e+00
9.419996800654282243e-01
8.438878438391230752e-01
4.997425995348763195e-01
4.942375710554023804e+00
6.173968580469706424e-01
1.841825889944280537e+00
5.871860958937354935e-01
1.624070180911353800e+00
8.639253968698595187e+00
7.010917195891000375e+00
5.484140257358828263e-01
4.439233315067191987e-01
4.855766789157659247e+00
3.289578430165880363e+00
5.435245623431241846e-01
1.441562282953547491e+00
8.960787918642705296e-01
6.493042112458230264e+00
5.083348899675104171e-01
5.848404892205630867e-01
6.556600611258530664e-01
3.210779830614777008e+00
4.676133115298085619e-01
1.485297853946112667e+01
4.931141012315760075e-01
4.961830818208200489e-01
5.507601616685628976e-01
5.268759471100731284e-01
5.637265255145003096e-01
5.720198320420500915e-01
5.525914012813833986e-01
6.430475126803172348e-01
6.138454497924304976e-01
1.530067501548521447e+00
1.050963419855488468e+00
4.747567405854699052e-01
4.721000985422479923e-01
4.773319970936932277e-01
5.819125595412255603e-01
5.080900493766902226e-01
7.713954147228457847e-01
5.549744437160925026e-01
1.842996635357579960e+00
1.635432200774025846e+00
5.287061728084917478e-01
5.427879531590920070e-01
2.812256135831698423e+00
5.210173397830859532e-01
5.236129339207822309e-01
6.479487610736661685e-01
1.076719542549420261e+00
5.715740723597954043e-01
4.785619738277189783e-01
5.310728733485495789e-01
5.666719256123744497e-01
3.634723550527165781e+00
6.063945319227644903e-01
4.956972836397690596e-01
5.759661444680075348e-01
1.329421716002040954e+00
1.023090228501741583e+00
4.176934542207045298e-01
