1.413886000763584505e+00
8.911159856260133516e-01
3.304696845032559782e+00
1.330226855311218870e+01
1.356454878953579524e+00
9.820186961552019866e-01
8.673984612375388537e+00
7.948337242953841253e-01
4.473645685052743737e+00
1.913528360491594027e+00
1.225290262353480708e+00
7.267629360827881912e-01
7.688397147268987153e-01
6.498443256722162831e-01
5.671446814144109894e+00
7.471174706582447422e-01
5.261324543817049726e-01
8.023999805352031167e-01
1.218999844130133958e+00
2.294859495046846387e+00
1.360209524239210932e+00
6.078154675872944779e+00
1.400944658807892429e+00
7.210617309502381778e-01
6.914137715418343655e-01
7.277612941216089482e-01
6.715604381807291912e-01
6.101207486723366769e-01
9.968109325297495049e-01
6.237387108407718150e-01
8.366959218330022319e-01
6.385710780867610570e-01
3.307575286030748352e+00
1.303473043325261704e+00
7.744216949287570095e-01
2.684899173411450679e+00
1.739042470645079774e+01
1.342914775755359891e+01
1.191085670906995464e+00
2.863799573163762435e+00
8.257434015062472543e-01
1.545866586669988996e+00
1.361333842239457681e+01
8.447768775679129760e+00
9.279350208955000623e-01
7.557940241147546034e-01
3.142771833657741265e+00
8.927750221008072806e-01
2.517079251089693326e+00
6.035558634971287528e-01
8.717644100052423184e+00
8.566067853827863843e+00
8.315152802350801453e-01
6.765185929251217312e-01
7.722601277666366615e-01
4.946596116827745582e-01
6.841435514096443349e-01
6.985853514533956421e+00
1.608499670935438663e+00
3.101953765163807386e+00
5.615731199425741949e-01
5.427874541428415744e-01
7.979653785139636746e+00
3.642002978698079207e+00
6.171075686093993040e-01
1.506789848056435011e+00
2.485037310815823908e+00
8.462811233250396858e-01
4.186562323187998480e+00
4.414167893147051380e+00
6.157344492950894699e-01
1.204352413259773380e+00
6.816353223176261356e-01
1.240523156698714935e+00
6.964421331779379054e-01
6.476504512372563305e+00
2.952234015442530612e+00
1.602170091527789442e+00
2.539544948913234013e+00
9.710663631140625807e-01
1.021766112222843859e+00
1.203162298512956419e+01
6.681107810122502988e-01
6.534874979058299393e-01
6.458001997851530618e+00
2.076185209525016173e+00
3.653375931733610749e+00
9.995922205708419384e+00
1.684313719297460432e+00
6.810417307002717413e-01
6.345353109308262685e-01
6.908358422608948946e-01
2.189295050288883271e+00
7.066465188155685029e-01
6.257516716520900024e-01
1.365438945511335156e+00
8.270633304896300331e+00
4.509292388538360896e+00
6.783788365557809064e-01
6.214894192167349507e-01
