1.025598588908458009e+00
2.976908537136996546e+00
1.267808439295959566e+01
2.829630192144821699e+00
1.821515107612860174e+00
1.095375386444668697e+00
3.549605033722742053e+00
3.101342900824198612e+00
4.841225278223790340e+00
7.827109666979910063e-01
1.258902437460170276e+00
7.709246690735878094e-01
5.748162945131972679e-01
3.559049190442192145e+00
1.483161659583584147e+00
1.109505211893916377e+00
5.284571747451846102e-01
8.443141106613268221e+00
9.289139348118393702e-01
5.542259589663944830e-01
6.472334840849830462e-01
5.138610079320930168e+00
2.209627516666084812e+00
7.130476473012041794e-01
1.802907690100317595e+00
1.626177392566561686e+00
9.032798881894487097e-01
1.908324808996461508e+00
5.350359914214369850e-01
9.736860745599571487e-01
1.361667552210008481e+01
1.215247827856792862e+00
2.916889338644761853e+00
1.327885564132304408e+00
7.128293980236901639e+00
1.876255042471603574e+01
3.915312613851843704e+00
8.478629018996662881e-01
1.743304694568445168e+00
1.163977827794520259e+01
8.986693247486999825e-01
4.093473820227463200e+00
3.795349515969891563e+00
2.513967432267197211e+00
5.742211294156525092e-01
7.511379378178181243e-01
3.041199352010909074e+00
1.450850024169589680e+01
2.330871712735546719e+00
1.012236782314599903e+00
1.153463825420690148e+00
4.446817170922682472e+00
8.287296736103201278e-01
2.165929023045086499e+00
6.065963481250574496e+00
3.680614161375079796e+00
1.114975398602962908e+00
2.722015718293306463e+00
1.052636882930802598e+00
4.983464340120624669e+00
7.773046657744207000e-01
4.886690814338328082e+00
5.417735979628687248e-01
2.196947122246979855e+00
1.927482355227790434e+00
1.630878397700759930e+00
1.232456761155899416e+00
1.358148872107499194e+01
8.167983442497784852e-01
2.460213204062338122e+00
1.214816673620060294e+00
1.115281371993913773e+01
6.743851058999709158e-01
8.045107825333828178e-01
2.003723230733791105e+00
2.624323262344943952e+00
3.167568915036706567e+00
3.032182142245784195e+00
7.293030849127967841e+00
1.543552000670062263e+00
1.515904085753329689e+00
2.607092500736406748e+00
1.307813565055718996e+00
1.338307844525531420e+00
1.985748440246133173e+00
5.985778176048941468e-01
6.173526421509163420e-01
7.619699185067671188e+00
2.067002662758994358e+00
1.239436334325535238e+00
1.102288871440575635e+00
5.725670108545360293e+00
1.175834030376122330e+00
1.492866107489547955e+00
6.542003172958203994e-01
1.010249619443072344e+00
3.439010638067004688e+00
7.552224805069443825e+00
6.554548616491008284e-01
2.508871755562503747e+00
