2.068582811435509683e+01
2.067090091219912296e+01
2.089294421747803199e+01
2.081424102224949024e+01
2.104906385858480888e+01
2.043670124801096577e+01
2.039805624448987942e+01
2.017823373359038541e+01
2.101351527089091320e+01
2.099118176921858847e+01
2.077146478018060449e+01
2.112082480765358028e+01
2.096563987614310420e+01
2.023465660730766302e+01
2.091405922637137138e+01
2.081348435512206407e+01
2.056169862232861689e+01
2.076561581311193905e+01
2.066000117674435188e+01
2.087185518410271712e+01
2.010359382278950235e+01
2.080090323876731873e+01
1.992373761899023776e+01
2.117838543989817879e+01
2.021544681637296037e+01
2.065512800761116097e+01
1.953974209741501156e+01
2.047161878953406244e+01
2.054867485582933639e+01
1.995260471656145995e+01
2.146758898042081043e+01
2.038985435591916229e+01
2.009812403331480368e+01
2.085211942090198534e+01
2.117575299311226900e+01
2.064199577109295802e+01
2.060895764322920343e+01
2.043871903768501497e+01
2.064798830698463661e+01
2.071156453500515227e+01
2.069411443345724066e+01
2.048618027300177502e+01
2.081502768511921531e+01
2.087573440220184295e+01
2.084621372947321305e+01
2.095110376815916808e+01
2.029832940078604153e+01
2.100474547082248122e+01
2.110101347995851739e+01
2.097336710619892841e+01
2.128532700223420093e+01
2.044626812865433152e+01
2.071394872702237322e+01
2.092714165002150040e+01
2.053975552767781920e+01
1.984721448844271308e+01
2.043587087133961333e+01
2.051631170540741778e+01
2.132576040601543355e+01
2.098423415815044990e+01
2.049119079621261363e+01
2.082075264710891105e+01
2.012669390103926403e+01
2.058887633014651186e+01
2.083255934867909076e+01
2.000153199508373802e+01
2.039466257277478078e+01
2.118158610805843267e+01
2.034944585572829112e+01
1.989834384977857695e+01
2.058931447028082928e+01
2.067778256447673613e+01
2.041293537493622168e+01
2.029522453840784024e+01
2.061659843793949420e+01
2.075236903928394128e+01
2.118975457782834937e+01
2.022876528380997030e+01
2.120214222242889690e+01
2.062435089921251929e+01
2.091647901225315920e+01
2.085171238344797473e+01
2.062009176473404537e+01
2.066491076779148628e+01
2.042027706475543880e+01
2.080560256567020971e+01
2.091396663053768989e+01
2.076189559994911349e+01
2.042434367081633084e+01
2.051263250380441150e+01
2.057409839301408283e+01
2.078648913715639779e+01
2.034419323960496939e+01
2.075954668614387799e+01
2.021622533318821269e+01
2.099951305846969163e+01
2.031411239293806403e+01
2.110185512088441939e+01
2.108849570006601937e+01
2.061236812959583276e+01
