6.983563582064784558e-01
5.052361826260435285e-01
2.123263360596790505e+01
1.209593131493343909e+00
8.310719816045477160e+00
4.534275912137212261e-01
1.177051754092685254e+00
1.876850576303470186e+00
1.509115893128518682e+00
6.224909063659003206e-01
1.984116222440527544e+00
6.754592293044804352e-01
6.117548488597672751e-01
6.213418146055061930e-01
5.129027446471395857e-01
5.969280283661887454e-01
1.322758076860871990e+00
7.915436870464517272e-01
2.430659648790085114e+00
5.094167552940839228e-01
8.543068412754587504e-01
5.350832372880282017e-01
5.268175194110865656e-01
5.648961999273633960e-01
3.846234012747024700e+00
4.585874348161599889e-01
2.722233404062115003e+00
5.073453335669779740e-01
6.783536801766858026e+00
5.093074530374257503e-01
6.320838034345441780e-01
1.579457643073770567e+00
8.149545396873816294e-01
1.905906931198421361e+00
5.275435000111747819e-01
5.519349048442840910e-01
8.834615583189530108e-01
6.512985793628868203e-01
1.207194162898442169e+00
1.023124819079425762e+00
3.623188427494678621e+00
5.565557004867163204e-01
4.680296347590598427e-01
6.492045329643764129e-01
4.075924485735774594e-01
1.032549158141401024e+00
5.933812798623629980e-01
7.501709516435436376e-01
6.143217589268692436e-01
4.467120752846083787e-01
4.525311779243991417e+00
9.990298844329004169e-01
5.451318349786684614e-01
2.332535827741846202e+00
1.359349701560614188e+00
5.695279073964287786e-01
6.073924356799803581e-01
5.615754047589271991e-01
1.476442378262289523e+00
4.532392965255894524e+00
5.961877764993265272e-01
4.821419899964832778e-01
3.754285645504415569e+00
5.275878759718481970e-01
4.805334372179257407e-01
1.208822755576901331e+00
1.181780261271510035e+00
5.711616995237799310e-01
3.244835542978460552e+00
7.298745449246524242e-01
6.240147253390482263e-01
1.744582075530678233e+00
4.802551285808617787e-01
1.606259462640418967e+00
8.176945916211664223e-01
1.167843398956341927e+00
6.909046438307471227e-01
1.087633667757881506e+00
5.127625989178015153e-01
6.903294911690049940e-01
5.464452662173455710e-01
5.393259267639631815e-01
5.754678401247874664e-01
1.097444351515737937e+00
1.577182547391787981e+00
5.833985162655861423e-01
6.622684714691110530e-01
3.239246193083881398e+00
5.990545664337121323e-01
6.133137689944749837e-01
4.872574998228957344e-01
1.057116837466048898e+00
6.169514419203417921e-01
5.567012496749469408e-01
5.001859185150397957e-01
6.224657137623619274e-01
6.650281465266766334e-01
5.498156365971895720e-01
6.681105897298204033e-01
5.479586490357944983e-01
