5.374882600025468804e+00
9.690195716055147734e-01
4.970692630872206030e-01
5.453494003239588439e-01
5.599585454076797530e-01
4.926834591899819649e-01
4.608722799456194119e-01
6.026449759947761775e-01
5.403867287945667286e-01
5.057829531198190232e-01
5.496234089431784042e-01
4.470102320546005537e-01
4.867026545837942475e-01
5.606009576225142732e-01
4.614118105327795760e-01
5.317316250923285192e-01
5.312008154848181229e-01
6.168766197137648399e-01
5.139515325172573368e-01
5.168971642879008899e-01
9.051452365791440302e-01
5.384838790195259906e-01
4.609494265021016335e-01
2.256583613889007633e+00
6.670817439966444384e-01
2.147748934435478319e+00
5.744324420872153336e-01
5.249345285710218523e-01
1.962708493506163610e+00
4.943968407343192206e-01
5.188956135894688959e-01
5.387448639936240902e-01
5.778073212496439570e-01
5.876283078983662866e-01
5.500011613329284232e-01
5.724128595034970735e-01
5.106962320222567797e-01
4.913325685376368490e-01
5.078116043946564462e-01
5.021130974245288092e-01
4.390217124398493875e-01
4.706441520928169586e-01
4.363447679145610048e-01
5.073987508821585779e-01
6.364704765156554700e-01
5.839313974093546245e-01
4.927812835210864661e-01
5.724436683044439311e-01
4.657017239729939195e-01
4.680477076322512864e-01
5.268326740117843521e-01
5.775455439205567920e-01
5.008456908572620492e-01
4.849190810225688097e-01
8.941059662560634225e-01
5.199198966206226569e-01
4.837424770048138756e-01
4.478393733448556846e-01
4.544112285014087482e-01
3.127148232335880795e+00
4.743475536612242194e-01
5.328057328990075669e-01
4.545300057601998622e-01
4.524290700723169745e-01
5.021515446843931585e-01
5.076424741717399103e-01
5.751847199442543523e-01
5.893686335597828618e-01
6.023122777984525333e-01
5.745390155825403911e-01
4.766985133356428928e-01
4.978023406847002508e-01
5.117940321744798293e-01
4.012438934674337210e-01
4.662097135509482015e-01
4.594829971959041304e-01
4.617077548671384979e-01
4.725839529717497101e-01
1.062470401223976424e+01
5.006793815050206709e-01
4.639329024749582753e-01
7.042487651037201424e-01
5.473848706447715928e-01
5.517644093659376248e-01
5.189160479363175149e-01
6.034446330319404028e-01
6.555881569439196976e-01
5.767841052337198127e-01
5.345042893064889666e-01
5.160536003816276196e-01
6.099763143907385166e-01
5.222946095958276302e-01
4.580742483215279326e-01
5.840236245014746030e-01
4.371782935648887980e-01
1.669951905327653252e+00
6.022278771321837310e-01
5.248488879016384168e-01
5.091137482791298075e-01
5.251557054415444403e-01
