8.145218579248567625e-01
5.584406354503077541e-01
5.116149668361417158e-01
4.776223356633431671e-01
5.877547457730138980e-01
5.736073385115245671e-01
5.236041212689421798e-01
5.067485137593299438e-01
4.691257098189131058e-01
5.286557288278859179e-01
5.560233335717467140e-01
4.252573071002331839e-01
1.375048987448773463e+00
4.618458770486135734e-01
5.465854124962696847e-01
6.421405857993777389e+00
4.417673930677267213e-01
4.973944017773646031e-01
5.073015340436496379e-01
4.774318166765929572e-01
4.602538424489856506e-01
5.284611629773195984e-01
8.320804950168106728e+00
6.393496929485806390e+00
5.221708934677240510e-01
4.815800393510805688e-01
4.065563299937968722e-01
2.904437203861108152e+00
7.129215311302740110e-01
3.748357999922017902e-01
6.890795208982882336e+00
8.804420219406876580e-01
2.988234579767759413e+00
3.028952819184482781e+00
4.713629306414465758e-01
5.489814023550959599e-01
8.517228208615508223e-01
6.694813813511931722e-01
4.217771282528877119e-01
4.402430750629538481e-01
5.270602379691925465e-01
4.842123137588387194e-01
6.560891595874018822e-01
4.123298224287074709e-01
5.168003633233848593e-01
5.143432293729111038e-01
5.327238025643804553e-01
5.193195057338985121e-01
6.376161992002102874e-01
5.111064540289027569e-01
4.747018727739411026e-01
4.205814890710555809e-01
5.293609287306375588e-01
4.039650056315478577e-01
4.657548780880826911e-01
4.964836021084614859e-01
5.294701370809448138e-01
5.080504895963885437e-01
5.126891056296417615e-01
5.839707144820085460e-01
5.534084182035463595e-01
5.212125411636835404e-01
4.822093595814263001e-01
5.743161870931328128e-01
4.808526808706682365e-01
8.474169661413634147e-01
5.037908662100245571e-01
4.522676603292357100e-01
5.673254341009499324e-01
4.424909575197698564e-01
5.647764980957735714e-01
5.625351013963432178e-01
5.119866622957748303e-01
5.042835053564631576e-01
1.774371354065039430e+00
1.554242819979539725e+00
8.530977326267281668e-01
5.007696436917357108e-01
5.538301245826020569e-01
5.406780254491521109e-01
4.968079552165290957e-01
5.074946809022132799e-01
6.925494153617595128e-01
4.864094991376147203e-01
5.445711540236940484e-01
2.103000831477610522e+00
8.826518764845726617e-01
5.896197810524167471e-01
4.116734743585572787e-01
4.691499013816569641e-01
3.259217778454386760e+00
4.683124632666846865e-01
5.320158222161502914e-01
5.708117493654050190e-01
5.624002160627516567e+00
4.825423599979840050e-01
6.624848037149670965e-01
8.035177821003899323e-01
6.208442535175608956e-01
5.461191985171408581e-01
