6.069451184840956026e-01
5.124458781022488418e-01
6.472540323889085512e-01
5.193253591840063521e-01
4.583583839291348605e-01
5.433354183213029431e-01
4.876221548052025456e-01
5.013338241720473043e-01
1.163047396534967470e+00
6.605616429185342531e-01
4.610634319457793673e-01
5.566955970695594003e-01
6.112866952584304903e-01
1.351835323594022142e+00
4.944509490978860611e-01
6.654627551258446294e-01
3.973878410007777306e-01
5.498309685359401566e-01
5.175863600153065569e-01
5.530025459098807383e-01
7.419594225647916375e-01
5.063146511086007440e-01
5.756725016987980226e-01
4.621932577635950445e-01
4.204030316795179245e-01
5.673943110111420163e-01
6.453948337489976428e-01
4.295932715669244506e-01
4.788731851990207233e-01
5.956470200244479152e-01
4.902202206048421607e-01
3.087547172508139148e+00
6.650582667924809233e-01
4.826956266724168332e-01
5.720426486331069427e-01
5.238487242766105556e-01
5.595393807888060511e-01
5.145488488906988511e-01
4.101568166333083298e-01
4.931547101103391229e-01
7.220358454772014545e-01
4.824341824707591986e-01
5.495047480868329171e-01
6.222634099349543257e-01
4.653040125735418697e-01
4.586877479593158280e-01
4.687590574984463743e-01
5.328754001931358397e-01
4.136646621805697421e-01
4.991995689297607619e+00
5.316615526401434755e-01
4.763430431856010006e-01
5.167434308317745417e-01
5.656297970343170389e-01
3.989344193880139389e-01
4.936501640635523325e-01
4.439205850550095311e-01
5.120433826780521613e-01
9.674250712998481161e-01
4.785221935339812327e-01
5.240793928210482067e-01
4.209424035357088867e-01
1.049182040093285639e+00
4.111993921112547246e-01
9.735756417922148964e-01
1.387827214947086674e+01
5.045100295676673285e-01
4.934420142499533202e-01
5.249032174252858951e-01
1.213737882692942982e+01
5.632022867108015252e-01
7.922334701612776531e-01
5.770920130858956387e-01
5.980683651402477485e-01
3.496533951912560223e+00
2.623206886228951706e+00
5.438322916688256292e-01
6.188223823335358142e-01
6.344742781406187415e-01
4.572398241636954075e-01
3.086734193597761688e+00
5.261307794015634975e-01
8.551763272496774038e-01
5.128984768657773863e-01
4.074557326192716489e-01
5.164710276101088793e-01
4.893136667066317891e-01
1.209589125127062736e+00
5.953496156815484275e-01
4.926541761174577649e-01
1.019687929022609296e+00
1.752013363460483930e+01
5.144193633027885904e-01
5.184942785665352938e-01
1.586257186023628973e+00
5.925539892801964248e-01
4.999174274164496778e-01
4.990149364585431124e-01
5.639775194131430025e-01
4.458136394242122047e-01
