5.950115698869089531e-01
4.900476373057122692e-01
7.190224132296364701e+00
4.474642893524902187e-01
4.818591504337870757e-01
5.239903641904214426e-01
4.996807118541381487e-01
4.788730247550570529e-01
5.700077450833146431e-01
4.185855160213034498e-01
4.266573251555027535e-01
1.042231496190552331e+00
5.205562746811667196e-01
4.787535485886860731e-01
5.144824382140857910e-01
7.922469663985702848e-01
4.573749098530170420e-01
4.765791474817134277e-01
6.598763151951139161e-01
2.124774663171652378e+01
6.049579441280524827e-01
5.772822400690936773e-01
4.468126600575671459e-01
4.611049517533849507e-01
4.428359758678678260e-01
4.693768821910326294e-01
5.322645799507778053e-01
6.333598588982526367e-01
8.503855504942955390e-01
3.958717198200547571e-01
6.046130215887540738e-01
5.828037489674875449e-01
5.045454949837150371e-01
1.819811361002142025e+00
5.891557717023349072e-01
4.461993018056816807e-01
4.777557359820564509e-01
6.151490217455340970e-01
5.931918549421485443e-01
4.515746894742182493e-01
5.616303247000105081e-01
4.966603470068035597e-01
5.346872338788135615e-01
5.440632493663900560e-01
5.128196097395842923e-01
3.998158589235191740e-01
4.816055478634954645e-01
4.893705232737745603e-01
5.328911347612338423e-01
5.111469702940116822e-01
4.676579155572062607e-01
5.467811253088099566e-01
4.862706356030990773e-01
4.897564778003830055e-01
4.714028389704715827e-01
5.486393532426115938e-01
4.812622430766719805e-01
4.384745302667058531e-01
5.657321566775076471e-01
5.324866395130528618e-01
5.559793118845921533e-01
4.668263363543129207e-01
4.718431626327330153e-01
4.817445102990926542e-01
4.384928241469911447e-01
5.028710877627580178e-01
4.427815030954241338e-01
7.866511178667247028e-01
4.935846510940380405e-01
5.110717623827946143e-01
5.576038249379463574e-01
5.535385947425671693e-01
6.211905515998559224e-01
5.650247150948813912e-01
5.149324045691942020e-01
1.501555328732066652e+00
4.907598596400383206e-01
6.897379720999241570e-01
5.435988483069754684e-01
5.113971847677608595e-01
5.206451178395867796e-01
4.790890056995121826e-01
4.438881026394460583e-01
5.855021906467718917e-01
1.164953500710824663e+01
4.796238045168125241e-01
4.604177642205922183e-01
5.112503549969376060e-01
4.932860352312756769e-01
5.721852601183827769e-01
1.348497618972701817e+00
5.509823977583387933e-01
4.878532104494747168e-01
5.348103006320433783e-01
5.386682057374068133e-01
1.528570478251710663e+00
4.863138979921796112e-01
5.628526498976124115e-01
6.034738092537237364e-01
5.278418400916393693e-01
