5.016511667659893092e-01
4.000564538185681362e-01
4.860753314401071168e-01
4.543520335491912365e-01
6.279331979758511206e-01
5.215143228867734626e-01
8.917263172378135039e+00
7.008335431201972998e-01
1.251454381905473090e+00
5.582485215432624326e-01
7.553926357815288206e-01
5.338602106095371447e-01
4.842540406600082670e-01
3.590645733298497788e+00
2.116547727671528101e+00
5.101711881673259841e-01
4.553558341291782385e-01
5.167256932337105368e-01
6.347967608230713488e-01
4.319715703746755397e-01
4.505911841998894163e-01
5.457106904801861669e-01
5.060922412732492548e-01
6.108022432194166740e-01
1.340905374992998000e+00
6.523089461720854576e-01
6.063874715577437513e-01
5.153808397185918322e-01
5.002943589553436876e-01
6.262526389603951804e-01
4.914345022478919800e-01
1.031027549675368915e+00
6.076989995230976938e-01
5.402200846352759322e-01
5.089702138369616158e-01
1.001456681922813674e+00
5.278160751654042970e-01
4.781080558139714221e-01
4.300158869526513605e-01
4.192327047806657103e-01
4.549581809150010647e-01
4.356404248397490186e-01
8.969696680249379384e+00
6.895777859796116127e-01
5.652917487344903957e-01
1.566465680019341056e+00
4.674974603876697055e-01
9.837099732041225675e-01
1.513515263509354725e+01
5.751202954117898836e-01
5.726661193601629840e-01
8.052738624008733970e-01
1.099314527271742392e+00
4.835196811892951696e-01
9.427059646717280694e-01
4.946276569740646334e-01
4.049760785522197537e+00
5.500166050663416462e-01
5.144710039330544493e-01
6.277475903606775098e-01
8.008016416597145692e-01
4.882154855431817819e-01
9.636647838801497556e+00
5.551380435980404204e-01
4.068972969282141916e-01
7.370145128481061514e-01
5.180880414416754176e-01
2.205633967523645378e+00
4.693917042455305610e-01
8.145248160011773209e-01
6.429977983625067006e-01
1.140431115074514334e+00
5.495027074286039648e-01
4.931983132426308036e-01
4.683396457367683396e-01
4.593385614493305513e-01
1.862058456559699593e+00
6.314256724820705990e-01
1.110464297189396277e+01
5.380605974184939910e-01
7.144835941093726772e-01
5.845224165658449156e-01
4.648659239611104832e-01
6.400259400289315392e-01
4.662765872153099567e-01
4.766202794506430029e-01
5.779434051064644695e-01
5.222176006859028385e-01
5.352810351806893685e-01
5.348542369895946003e+00
5.106050909562699358e-01
4.756825816414158026e-01
5.407112778125681141e-01
5.291552666320792575e+00
4.941387822661018614e-01
5.567774393375520825e-01
4.491441223017497708e-01
5.168270720408388863e-01
5.205916339259288872e-01
4.333987873816305125e+00
