5.590519606650280471e-01
5.290382993612805507e-01
5.920653421606884015e-01
4.865889573917483446e-01
4.320797318355043548e-01
2.650605459595246405e+00
5.395328473836876748e-01
4.337073277526707904e-01
5.445014268985144401e-01
5.340403731533482912e-01
4.793383900711274959e-01
4.748424597364878097e-01
5.102785851433911946e-01
4.138850236983702136e-01
5.869533003808079519e-01
4.815953204061346193e-01
5.317358808280919780e-01
4.889229454944895026e-01
4.861693817219463476e-01
5.096394489777625880e-01
5.996839370169050332e-01
5.391613969585764554e-01
5.226846318897498955e-01
4.670473760590861390e-01
4.713600349520368771e-01
4.903027179005717828e-01
5.586879273098426246e-01
5.549126930479835185e-01
4.877226557980241517e-01
4.544605369597438105e-01
4.294140424585000115e-01
4.728597613249601039e-01
5.061110804770330152e-01
4.970482351072869620e-01
6.021666430325957053e-01
5.022527665280527298e-01
5.498967553437829059e-01
4.676019466824561932e-01
5.015925123266301577e-01
4.043806702027656463e+00
5.033708780739232225e-01
5.750006090655130908e-01
5.489023333148669304e-01
3.774288580585810404e+00
5.020551474042238560e-01
4.843992092843029673e-01
5.103860875744548053e-01
5.621748826160390955e-01
5.347274202916436625e-01
5.302277943734221566e-01
5.349369174929802240e-01
5.304109972924024863e-01
4.929120054091208347e-01
5.357107365928621689e-01
4.671185543268340012e+00
4.074003279535444166e-01
5.509490276568960176e-01
5.417056528137406124e-01
4.766001600305697083e-01
4.892592487659358502e-01
5.411933060516679328e-01
7.121613085556037781e-01
5.769940477946503554e-01
4.476785773606133945e-01
5.111330595373315688e-01
6.020960179010146351e-01
4.458778555865359206e-01
4.977802816912173522e-01
4.701078596251805908e-01
4.773078973938815195e-01
5.106406968701578952e-01
4.951358649023850922e-01
5.005751337320285543e-01
5.556000305121238103e-01
4.499291356200827985e-01
5.248543165758723372e-01
4.828672335277063299e-01
4.861283128208044868e-01
4.165004583694368878e-01
4.855922849620016302e-01
5.018146647853121145e-01
5.419492941648904605e-01
4.485168303580076010e-01
4.398742083066681796e-01
7.797989764012184466e+00
5.776337698852740399e-01
3.980119762760161994e-01
5.035576221748294667e-01
4.953983398783921022e-01
4.763592042159553452e-01
4.334970541383173503e-01
4.143615928466609089e-01
5.081253771718963197e-01
4.804661282127215549e-01
4.775672180211124607e-01
4.503004050632160582e-01
5.617159027208441513e-01
6.939709310388603170e-01
4.863776602248701120e-01
7.629691242719834898e-01
