4.546476279729062542e-01
1.187429955293055173e+00
5.482107072194346564e-01
2.342301485753046197e+00
4.915189664936397973e-01
4.102958299204157444e-01
4.748965039268252530e-01
5.264447404498829863e-01
4.791108884359676079e-01
1.854054816880361223e+00
4.791184245831661692e-01
4.660624276728531079e-01
4.713471459236674432e-01
6.097003661434042820e-01
4.621463681795507372e-01
5.046550004864659433e-01
5.671823599046383890e-01
4.084606965949035828e-01
5.441668719261407716e-01
6.009419722983432299e-01
4.874679319607054806e-01
5.611480712528543746e-01
4.506751018009517717e-01
4.526795517596616802e-01
5.230331497402066487e-01
5.587743455390931091e-01
1.705460141937666929e+00
5.131841597125731402e-01
5.608610043762953801e-01
4.422649214978774390e-01
3.934629062873529759e-01
5.438788326444455867e-01
4.249066017877737855e-01
4.781043267466271729e-01
4.861457395367154155e-01
5.062307592831429837e-01
5.657382840655231782e-01
4.501619066659363622e-01
4.046944122638458374e-01
3.935446986278136605e-01
5.170266153013877153e-01
4.493464382629043796e-01
4.961893025255674217e-01
4.684065666914442039e-01
5.657914616618011650e-01
5.086326043146486287e-01
3.919449530408495308e-01
4.954508485246834071e-01
4.838147067502239773e-01
4.701501337364226152e-01
4.533906527203586112e-01
4.968395871432383371e-01
5.509174863957274626e-01
5.184495827135839896e-01
4.996244325385512663e-01
5.187782354229676374e-01
4.837545660811316539e-01
5.130990884188253442e-01
5.042172557186387349e-01
4.509971268102492825e-01
5.361490713877498093e-01
5.703899324590104847e-01
5.652776263661271061e-01
4.558434691336785138e-01
5.427005815128893573e-01
5.607348814782894264e-01
5.486382522406269002e-01
5.459563444942154842e-01
1.363144545501501526e+01
4.745705945085497146e-01
6.638787407249576722e-01
5.171537661860290402e-01
4.932578147732858409e-01
4.646803363424427680e-01
5.440860836220746677e-01
5.332641319515840639e-01
6.193374034807563877e-01
5.160000585301306453e-01
6.209849606254329579e-01
5.480164640666725928e-01
4.885585494014167973e-01
5.010047195332478775e-01
4.594786578663872523e-01
5.547876788549254146e-01
4.860439860757763131e-01
4.954813168472388396e-01
4.423184623892010836e-01
5.360907043921179227e-01
5.061356696628372953e-01
4.792204930103287075e-01
4.747004615274088013e-01
5.628134428280775481e-01
4.914935438816314117e-01
5.455923656959669188e-01
4.876713479597789558e-01
5.228749699837769160e-01
5.217226463640927125e-01
4.974562251872033380e-01
5.237073869899997458e-01
4.876400693782839690e-01
