1.145163023861947016e+00
5.931997537235879081e-01
4.407125770596434511e-01
4.808982696052552241e-01
5.227588158622848979e-01
4.740768316031919727e-01
1.869040888101030529e+00
5.766860347576286960e-01
5.762962831261380092e-01
4.087763979669111203e-01
4.781289430320276312e-01
4.471012873198206283e-01
4.962153210630136924e-01
4.348682823124109253e-01
4.841923601807814892e-01
5.006942406800417578e-01
4.725808978090972889e-01
6.883602977571123827e-01
5.212336459201896144e-01
4.644252784318782523e-01
5.302160478436730440e-01
5.463407866104071919e-01
5.447644298866936019e-01
4.658697163768951155e-01
5.451050156468135732e-01
4.604734924292512299e-01
5.512492293714630343e-01
5.358564243591131815e-01
7.099484608666656982e+00
4.755324853776148886e-01
3.924809855559318605e-01
5.948593071398009524e-01
6.609591700148411686e-01
4.732400122705608947e-01
5.633782016070331133e-01
3.725502863023133937e+00
4.415588859250333398e-01
5.415766417511448383e-01
4.138917492944067522e-01
5.030195639587592416e-01
5.516487907258367240e-01
4.534588799780946977e-01
4.800030223702734244e-01
6.069048600551160133e-01
4.699818400434814247e-01
4.075542290839201942e-01
5.320055687592519789e-01
4.633595157555324140e-01
5.076166305863831774e-01
5.751095535243760937e-01
5.703510446702207970e-01
4.853662387021342450e-01
4.546347034461958314e-01
5.040344194100249142e-01
5.230073000361094016e-01
5.650016555050532130e-01
5.511909555329994603e-01
5.444277335897835801e-01
3.659692617523926383e-01
4.991785770362456853e-01
5.142768178875587459e-01
5.409606419890141682e-01
6.156526991177555530e-01
4.651251202658150952e-01
5.911623008770114929e-01
5.026278810455001578e-01
5.033395375991539522e-01
1.163073369378108124e+00
5.035664925316991614e-01
4.543793433537443582e-01
8.285189443666208797e-01
4.719727275529539412e-01
4.637196550390328964e-01
5.413002664468383740e-01
4.655884835074654005e-01
4.549251964526291880e-01
4.749045260212106934e-01
4.792732030945646149e-01
1.925301956626140232e+00
5.311492156243909912e-01
1.018877158474864597e+00
7.543851372003621547e-01
4.492887617212597551e-01
6.201816903400663161e-01
5.083586511630839855e-01
4.254555021368362500e-01
5.455749298911100054e-01
4.940602536135806910e-01
5.239783946294389594e-01
4.381821090755148029e-01
4.785575356383637846e-01
4.776344702028152978e-01
5.448642903847352725e-01
5.757592655146993588e-01
4.965849597254691772e-01
5.416780018019238252e-01
4.999764807485878038e-01
4.525709849744908864e-01
5.308831878467371590e-01
5.778256044019500770e-01
