2.166151310163174770e+01
2.151786485942453808e+01
2.194472959041100424e+01
2.225704335088760999e+01
2.225196939344220581e+01
2.258946353702763332e+01
2.209551721483608944e+01
2.217219052848778915e+01
2.224031414133617446e+01
2.201663354590723287e+01
2.182845045007384499e+01
2.167342086667899537e+01
2.099956864724455485e+01
2.171477374913829905e+01
2.167684770838265962e+01
2.134873542322901940e+01
2.200431794783074579e+01
2.215640325770091223e+01
2.167511233381124569e+01
2.122956222026395423e+01
2.229109585630625645e+01
2.170903861528168832e+01
2.182206429740193698e+01
2.168323777768852167e+01
2.197350372088316561e+01
2.186328845840856872e+01
2.136057688045451997e+01
2.220401096839957233e+01
2.140833944342724848e+01
2.210947084359466430e+01
2.208719879389261109e+01
2.143545101969690947e+01
2.174229038221591992e+01
2.158020821484889140e+01
2.245610533364762063e+01
2.176070255785905871e+01
2.221703705877229140e+01
2.175318746214972521e+01
2.198765771908646371e+01
2.228760308138682333e+01
2.199665076340143344e+01
2.134234458838209036e+01
2.194368501315901554e+01
2.253900728116133934e+01
2.213615286716139607e+01
2.241592080514621088e+01
2.194831196065720036e+01
2.166551237203370661e+01
2.261046116781770721e+01
2.227930237240012090e+01
2.188585834166526212e+01
2.251993651453961220e+01
2.209673907918643465e+01
2.190194377868407472e+01
2.288109322012480362e+01
2.200737045113167767e+01
2.185057072844482917e+01
2.175298156916239734e+01
2.278575060133743335e+01
2.118614375945982431e+01
2.222358470331093372e+01
2.142269488659791321e+01
2.176414195990309963e+01
2.133324279739880325e+01
2.186206077892989086e+01
2.151070294682946127e+01
2.185441264511692694e+01
2.162214511808580752e+01
2.123035717148596646e+01
2.203531565617831234e+01
2.180062328365131208e+01
2.189514254087909251e+01
2.127391682459221656e+01
2.196890534578978205e+01
2.180446255335348127e+01
2.202312410267247245e+01
2.173043206807088268e+01
2.183248027891815468e+01
2.217384116670104532e+01
2.164410194628445439e+01
2.137329729748997664e+01
2.212249819753086655e+01
2.195892949407983252e+01
2.159348422901396702e+01
2.193208150175471616e+01
2.111846442665442325e+01
2.232489178364346216e+01
2.147044335083890942e+01
2.151801396685982581e+01
2.188915585333686664e+01
2.216429121176349781e+01
2.062909971642648443e+01
2.159923650067033307e+01
2.239068996762119923e+01
2.151028929819273827e+01
2.137326861936935174e+01
2.179100409788852488e+01
2.148227302123997262e+01
2.225605518695905616e+01
2.160157594733238540e+01
