4.965662186018017232e-01
6.160800314312935289e-01
5.687822635202963717e-01
5.293620363322802946e-01
5.596377821379113771e-01
4.536428977297682352e-01
5.167779860882211196e-01
4.304216877242044714e-01
5.763209862474873990e-01
5.410793171199559382e-01
5.947089871003340411e-01
5.410648815503260600e-01
5.632539360652477622e-01
5.069304571667265780e-01
4.707761180487046171e-01
4.816128843255688130e-01
5.780158869267342236e-01
5.119682498703526097e-01
5.113083230824267966e-01
1.133789477393743805e+00
5.489754971474917200e-01
4.825855543642489920e-01
5.146878456699579552e-01
5.542110533004792616e-01
5.707724929344883957e-01
5.594827602991678805e-01
5.769314654882614635e-01
4.470445816575429610e-01
4.858629439286495377e-01
4.862213526937811392e-01
4.989668298823775605e-01
5.434639977187879500e-01
4.900660028385086520e-01
3.944660426595405500e-01
4.202570007583942835e-01
5.188359665609083571e-01
5.539634046183778970e-01
5.833876962455412096e-01
5.444965641900835207e-01
5.319089361936562010e-01
4.461820952210140967e-01
4.943921231467577893e-01
4.546748849871792286e-01
4.581570524969384439e-01
5.172470723866320341e-01
5.454717864306886099e-01
4.946813057765634958e-01
4.644964434510507334e-01
4.663278436030766638e-01
4.813218403016426006e-01
5.462492438806199058e-01
4.657919721488266163e-01
4.899691881907227153e-01
4.695978484375986084e-01
4.930843180364303802e-01
4.486402940055874144e-01
3.917280482910641681e-01
4.899655841717765470e-01
5.377957111267563928e-01
5.051827393691522561e-01
4.536413164223545569e-01
4.824344742974270850e-01
5.266445903980944143e-01
6.855904664097548507e-01
5.706513721478385648e-01
4.847532650703637591e-01
4.823879991786350629e-01
5.034103849047247836e-01
5.205082009907103791e-01
5.083736901897404348e-01
4.848732484688265676e-01
5.322737209738113151e-01
5.174901025248211939e-01
4.475059064569050227e-01
5.005311734542368107e-01
5.421753387220850096e-01
4.603895853249575509e-01
5.452127033708412673e-01
5.684507716132353172e-01
5.892926771009082687e-01
4.372813360743245670e-01
4.748740928137767936e-01
5.944453472493024249e-01
4.780836587102614277e-01
4.963331291804513046e-01
4.293709437221313596e-01
4.803604748264064805e-01
5.396028663394581981e-01
5.285749186398656096e-01
5.778955862112123976e-01
4.905630203037953385e-01
6.243778729172836384e-01
5.505314496454414286e-01
4.777797554236992705e-01
4.618286626665115135e-01
5.577034687507836930e-01
4.727907938468960958e-01
5.162636537909514045e-01
5.595904634844397485e-01
4.970392543902623084e-01
