4.370366725628974658e-01
5.588135402682276043e-01
5.040790948347747547e-01
5.364623745141239297e-01
4.460485100330777719e-01
5.487686927282833249e-01
4.995315695024925007e-01
4.877451806657852051e-01
4.852982990927413032e-01
5.807234592603522927e-01
5.330722385661722518e-01
4.561484513048951195e-01
4.660445892831467929e-01
4.513371399012389151e-01
4.759765276519267174e-01
4.935880744396138886e-01
4.893958555175255132e-01
5.008167884478504917e-01
5.287625514478223598e-01
5.276507492524193932e-01
5.514332494583007449e-01
5.446635177198981825e-01
4.768419769156341248e-01
5.498864136567258587e-01
4.947819328425684393e-01
5.552869369168864644e-01
5.038813176748491163e-01
4.261044076204797970e-01
4.805019614043936071e-01
5.839975365686675968e-01
4.986163609772202854e-01
4.821690631734600885e-01
5.453979760161614676e-01
4.380474654031281112e-01
5.036434584051118213e-01
5.923169756902720851e-01
5.291039654336607834e-01
4.480587815334182711e-01
5.164347268727652596e-01
5.008070629668913698e-01
6.056081673570755441e+00
5.288879378941029330e-01
5.575615885364367807e-01
4.896902693366376180e-01
5.278661490822434965e-01
4.696897057055195446e-01
4.822891178540911761e-01
4.527788230456277763e-01
5.321560859690163126e-01
5.248589569415066380e-01
5.686975271947993793e-01
5.474537138967362493e-01
4.690206415555346897e-01
6.222908567815917946e-01
5.058709353656734020e-01
5.925509112220559427e-01
4.356623933807304838e-01
4.901389884664787977e-01
4.593300402880717281e-01
5.015854170025847436e-01
5.778786066570530400e-01
4.452351767218799550e-01
4.751111638337470744e-01
5.244236134839488361e-01
4.754733206552401725e-01
4.676654981894285967e-01
4.915165161344187683e-01
4.366253326439503146e-01
4.776832312130283031e-01
4.823244729482952797e-01
5.030788881576281346e-01
4.144919509087151011e-01
5.309561256833018605e-01
5.075300156400026630e-01
5.173831932372581210e-01
5.221694096724127654e-01
5.254716415615161562e-01
4.192076543121014409e-01
5.670498226131056585e-01
5.821329786234389347e-01
5.416981791445757421e-01
4.598745375770266208e-01
4.913284022489897707e-01
4.272472836164048493e-01
6.483318686959587129e-01
4.984284193501911098e-01
5.971396636326702367e-01
4.938090511242756997e-01
4.670746451004355593e-01
4.428794461806814797e-01
5.307594898453367183e-01
5.325674099405306450e-01
4.802309424365264201e-01
5.883224156796484916e-01
5.132889707093506448e-01
4.213565192289219774e-01
4.039309227964824611e-01
5.549118550721432452e-01
4.932111445929741045e-01
5.483419046409643283e-01
