5.568344500155162358e-01
5.286175816275180406e-01
5.667484088329375336e-01
5.013046796015735440e-01
4.877867990007735410e-01
5.359180538747500000e-01
5.433183344970464734e-01
5.575329559184113437e-01
4.732479835337981000e-01
5.523518732402815656e-01
5.555937579947900495e-01
5.062206381954761358e-01
5.140495117775880640e-01
5.169276905194328808e-01
4.905641630118220409e-01
4.343139080363933036e-01
5.673603753288050111e-01
4.491826929136948365e-01
5.323616005718873057e-01
4.785129676472983373e-01
5.021459933731847736e-01
5.224800336834984904e-01
4.980671694000285976e-01
4.576284559486553660e-01
4.758563689086016124e-01
4.911652208987378199e-01
4.485051196186793931e-01
4.419035680056263571e-01
4.968985204307412307e-01
4.951145079391108816e-01
4.981109221122359543e-01
5.226343058753247783e-01
4.822013353331179863e-01
5.273375258968874268e-01
5.327410934326133329e-01
5.384354997934213127e-01
5.676833288446837544e-01
4.981635150767840803e-01
5.774446294744510766e-01
4.878178432285057986e-01
4.061187397968270552e-01
4.558192443784406245e-01
5.536495688075921962e-01
6.319702313789654635e-01
5.588281583384641094e-01
5.963560579572555476e-01
5.369554358203862954e-01
5.393635273582073619e-01
4.306911902469605091e-01
5.223643078401776219e-01
4.652521083324245299e-01
4.911784154118515322e-01
5.216891403779884140e-01
4.222700543700280695e-01
4.451040723772499152e-01
5.445932971495013319e-01
4.854881580194034818e-01
4.960299628897713586e-01
5.555807451990663060e-01
5.272927712402845080e-01
4.286405097864353642e-01
4.451847263802629628e-01
4.827975037812560766e-01
5.104354398841119966e-01
5.607577955354905441e-01
5.712113767655347951e-01
6.062102993116118554e-01
5.133375378061637573e-01
4.761045878704937007e-01
6.693510904509433201e-01
5.739443570365193592e-01
5.934743958908208494e-01
5.579155422585098112e-01
5.325048415846540539e-01
5.473479626880261018e-01
4.249976875164147017e-01
4.682508811469855980e-01
4.062196578494687849e-01
4.605784031673718637e-01
5.464737404149434541e-01
4.646850719495883020e-01
5.088045021065230600e-01
4.990505706829564958e-01
5.217170630222617289e-01
4.655455775312984379e-01
5.163582601156200269e-01
5.053539381186917812e-01
4.974503777827257722e-01
5.108789473787487267e-01
4.929462622422510210e-01
4.499776052117087644e-01
5.043627436067832370e-01
5.598078365734978634e-01
5.003127153477362477e-01
5.243375572660310402e-01
4.631904140068771047e-01
5.171020596717520457e-01
5.459408650321774248e-01
4.607317526598689872e-01
4.707207338486971149e-01
