2.247103515984421307e+01
2.251714370705884960e+01
2.329774629177636669e+01
2.220842395798932856e+01
2.290316968167167744e+01
2.272216102145903704e+01
2.298719520595090060e+01
2.198792503764611794e+01
2.343833410645509474e+01
2.193530368319187218e+01
2.261599710018793630e+01
2.240330932454661550e+01
2.317975562889938246e+01
2.194712129300295089e+01
2.253654511342818267e+01
2.244315457332402985e+01
2.268702339711328619e+01
2.245703856735822157e+01
2.190790073542689953e+01
2.326772237047030245e+01
2.255860559804346721e+01
2.324618470941203796e+01
2.239584511251776178e+01
2.294165507069039833e+01
2.253791393454099179e+01
2.349496224578207304e+01
2.271389948320002716e+01
2.181500940345278750e+01
2.285641779052106060e+01
2.280685531982542003e+01
2.284089580490125471e+01
2.238656409603044750e+01
2.353449282911419260e+01
2.332307832905187439e+01
2.197876291944491101e+01
2.367995916690775715e+01
2.286872797111429279e+01
2.271586630550402219e+01
2.347949062982295132e+01
2.332388687046030640e+01
2.340944869240697912e+01
2.238933905918160505e+01
2.237102299093756841e+01
2.230174020130105106e+01
2.264816810331324959e+01
2.202924894649328280e+01
2.312805987773418437e+01
2.314248691765479293e+01
2.298355062989439546e+01
2.272500167055397213e+01
2.231763690887324003e+01
2.287890882503513268e+01
2.206113106099361687e+01
2.201503388534574057e+01
2.239493963207607763e+01
2.276729165797967980e+01
2.307211108146498191e+01
2.286871054436704398e+01
2.220502793965114918e+01
2.256263789523041652e+01
2.331288412806387100e+01
2.286965128370857059e+01
2.261587329373947952e+01
2.235768249657889939e+01
2.282666576363897804e+01
2.285254451452938440e+01
2.285057648229173566e+01
2.287213253256051360e+01
2.288378343504171042e+01
2.273643331545068591e+01
2.345388512476615617e+01
2.256260797046317279e+01
2.284869540217615125e+01
2.283167670378892922e+01
2.197680643320101979e+01
2.262339046120326103e+01
2.263933602201345963e+01
2.287907357862195212e+01
2.257198018924122707e+01
2.125124299990579146e+01
2.280618313718118984e+01
2.302715335418345077e+01
2.234226389701345994e+01
2.237035042798319040e+01
2.255310233948243592e+01
2.197273969543295635e+01
2.376134761411066165e+01
2.311620652254133290e+01
2.282257784137987855e+01
2.243474556654880914e+01
2.251211487910728337e+01
2.244020729685171034e+01
2.307341963958711872e+01
2.233718599850209330e+01
2.248610161402891805e+01
2.294796035774938403e+01
2.185630534537740033e+01
2.222070973797914917e+01
2.258466460576361001e+01
2.306634506010473729e+01
