4.391724194076787047e-01
4.294182266846987561e-01
5.501176338248502384e-01
5.211273291218614379e-01
3.985027648030167735e-01
5.486921829250803739e-01
5.042772563549137166e-01
4.940831330656324516e-01
5.240056355055333626e-01
2.251019608137299954e+00
4.771457657806812414e-01
5.388824895281824068e-01
5.294827285510488313e-01
4.998339863938018879e-01
5.020584906247940182e-01
4.152695651601859272e-01
5.190648639816247689e-01
5.745610797185538576e-01
5.473156710887283616e-01
5.776526194675744019e-01
4.462150107856621140e-01
5.335552477967170359e-01
4.049559802047548729e-01
5.037588718673196020e-01
5.677451400932093106e-01
4.454825225944533673e-01
6.006271240078066009e-01
5.347876625249167182e-01
6.418555804715357915e-01
5.048703074113238820e-01
5.147900720621020332e-01
4.983575830210919544e-01
4.907132571983091607e-01
4.455914195458965388e-01
4.258160644278620177e-01
4.793004886650414909e-01
5.333763799137857253e-01
4.539934235259567852e-01
5.276908527204184907e-01
4.291225575611462006e-01
5.547319379381329130e-01
4.661814141687258828e-01
6.051410378733246276e-01
5.492798832029959222e-01
5.027113044284107213e-01
5.088369339662488500e-01
5.346509712128626468e-01
4.796771426345964873e-01
5.206956279626082651e-01
5.128307496235064988e-01
5.709046340758612281e-01
4.473500539221140770e-01
4.665172508421409625e-01
4.579544931043349476e-01
5.904537465323683731e-01
5.573564254998298884e-01
5.095489665800480017e-01
5.031352050206068238e-01
4.844884341442535769e-01
4.019686948434367246e-01
4.866456896460689130e-01
4.779638685937059872e-01
5.292921592294813626e-01
5.244409547497121959e-01
5.391194569283942473e-01
4.815012762346542741e-01
3.557715027234554128e+00
4.520215040179791921e-01
4.761747228000345333e-01
4.740651432634335194e-01
4.754008426848079227e-01
4.265539044091409826e-01
5.904198065963006670e-01
4.613419097075632247e-01
5.198410172636483972e-01
4.866158992360494762e-01
4.710294375001526923e-01
4.367912347212858371e-01
5.448517721910868250e-01
5.290098960053216670e-01
5.017167988692401437e-01
5.060053853907915400e-01
4.861741026991180936e-01
5.132166603135108751e-01
4.261617213108179758e-01
5.299989195343931536e-01
4.868236871231823026e-01
5.468244831561527297e-01
5.042945651916378447e-01
4.987950202518660614e-01
4.813692767459983313e-01
4.704239248653940275e-01
4.726197872370994091e-01
4.856787842753948481e-01
4.654540870584438217e-01
5.302718971226543232e-01
4.898691924287055799e-01
4.582524370924846990e-01
4.196714095421194557e-01
5.230705060275536722e-01
