6.072986105128317380e-01
5.522319189234523584e-01
5.116273931338242154e-01
4.356397773525263473e-01
6.012385577219422350e-01
4.582004602911836644e-01
5.452695578555138978e-01
4.601243000571396125e-01
5.684009842439993188e-01
4.584491329051385011e-01
4.369668763408116607e-01
5.306013611361886095e-01
5.341717103473802020e-01
6.402207076363644056e-01
4.774211111009040720e-01
4.728093059937252263e-01
4.387855497756872336e-01
4.463185086332372431e-01
4.400481037493742531e-01
4.825067058989374602e-01
5.597434552863327362e-01
6.133169291208855345e-01
5.873970642411734389e-01
4.891671752028025622e-01
4.836821212537099068e-01
6.230011468705962674e-01
4.975237662511523551e-01
4.674718504887764858e-01
5.457562116425870302e-01
4.874653178918487706e-01
5.778267255439918371e-01
5.616118389695152757e-01
5.145498448209812059e-01
4.962754648762947030e-01
5.443234657261589726e-01
5.242779694190352613e-01
4.964227196426398980e-01
4.965515205824098111e-01
4.448448886805796421e-01
5.156624058458701976e-01
6.164101487089608256e-01
5.002781844762164143e-01
5.747740879739687836e-01
5.362540983998219657e-01
4.960063986326644914e-01
5.129332207018426626e-01
5.203631911178546732e-01
5.415018305567602663e-01
4.753695732932880502e-01
4.453787924921406294e-01
5.085899830406243050e-01
4.375399849753130455e-01
5.938016535467411927e-01
4.111579871307533551e-01
5.110308829884044890e-01
5.091506355953246965e-01
5.596213637203174551e-01
4.686948425397772233e-01
5.199151869324277753e-01
5.266624661785388462e-01
5.048418205807444492e-01
5.810093785326495563e-01
4.253826007412270793e-01
5.096114535316854655e-01
4.868028133431126503e-01
5.624299933276439845e-01
4.815043579346167668e-01
5.026132411940194000e-01
4.342185763828552703e-01
5.361804850007129142e-01
4.979021440359609474e-01
5.060821781230593341e-01
5.302640533030430481e-01
4.279468429805904361e-01
5.557225265897404176e-01
4.191957405482441001e-01
4.880449066088620724e-01
4.990861730295514942e-01
5.753236760056781307e-01
5.771966194237714287e-01
4.522616982732123314e-01
4.189926239113764828e-01
5.404103747180976081e-01
4.813249210846552995e-01
4.216056953126828821e-01
4.684475965495172867e-01
5.923161147555403572e-01
3.819687181389800346e-01
3.906446173094905161e-01
5.539537257441499163e-01
5.012392801880825033e-01
5.639660572621072454e-01
5.131349998706116189e-01
5.842643080078292472e-01
5.708522416405823474e-01
5.309270896017843633e-01
4.910186334978151601e-01
5.284869105037398596e-01
4.285886012953041280e-01
5.877162023610109642e-01
