2.275655221390239191e+01
2.360093632638998429e+01
2.263381251293538199e+01
2.316322948896627310e+01
2.323426982988010536e+01
2.299569628847939384e+01
2.343232170480239773e+01
2.326437644068668931e+01
2.289399439348667187e+01
2.310610496805124825e+01
2.397951295089746537e+01
2.328123680459377098e+01
2.304648660932409143e+01
2.435734766632353754e+01
2.329101173876887643e+01
2.352200543248358144e+01
2.297402245239949892e+01
2.349177687797230263e+01
2.401108779852824782e+01
2.385612355234877668e+01
2.348880363488684964e+01
2.356305373651774104e+01
2.342561185846135530e+01
2.363309361770903294e+01
2.333246171266884161e+01
2.339900282105928753e+01
2.348104287477870855e+01
2.303510325830280792e+01
2.366104897084885650e+01
2.352243944946487275e+01
2.286596802876290369e+01
2.351217543217781270e+01
2.345672393484031204e+01
2.281242499505205146e+01
2.337724058598380594e+01
2.303057356698823099e+01
2.336175740906091747e+01
2.287864170857601565e+01
2.373466004542609653e+01
2.405047148185650485e+01
2.285491993992744852e+01
2.326412926151865790e+01
2.312246164448502483e+01
2.296349005722125014e+01
2.294225168769445489e+01
2.281665032562406026e+01
2.294196904739395393e+01
2.218192136588524122e+01
2.257939741623308194e+01
2.274893381146115701e+01
2.377086637533597369e+01
2.311842985282747875e+01
2.405219312229707285e+01
2.381375735062101384e+01
2.339643429484012316e+01
2.274154539532449348e+01
2.325635015697824670e+01
2.354004821052375718e+01
2.317361814145283105e+01
2.271409081198498470e+01
2.266531931091628849e+01
2.373840653677769552e+01
2.310696109732833392e+01
2.259707430607649314e+01
2.339946295944985621e+01
2.310184683027528507e+01
2.304753373926894611e+01
2.332701239698488038e+01
2.348541110865236092e+01
2.338784421660212232e+01
2.394240305032141336e+01
2.290013658754195802e+01
2.387193364756160463e+01
2.278637369209613794e+01
2.320982279921940616e+01
2.328879893802703549e+01
2.333698659526475083e+01
2.337963658409182699e+01
2.372997616678317101e+01
2.344761958239293165e+01
2.276996834070165932e+01
2.301159285479705474e+01
2.372069954974413974e+01
2.329261244205931192e+01
2.352588258486663975e+01
2.345532513494607940e+01
2.239548097103445201e+01
2.340539322008927670e+01
2.335780245973767677e+01
2.343431111213309848e+01
2.298286902390351116e+01
2.400660029702439147e+01
2.365129155479368350e+01
2.353220827912338819e+01
2.303784775909855753e+01
2.347561360394572816e+01
2.386726042296154304e+01
2.281220773730868956e+01
2.364969703909231669e+01
2.309586689671848703e+01
