4.965257656067729175e-01
4.597488723421649937e-01
4.659788968223647077e-01
4.564298554263752083e-01
4.758201563146329249e-01
4.793501699881890787e-01
5.388964250460077654e-01
6.342707328204306716e-01
5.470577892459480562e-01
4.200649386276133490e-01
5.572879855580692432e-01
4.671980464130220390e-01
5.043423844130745515e-01
4.806304737946593963e-01
5.192267749972419022e-01
5.160691933672220122e-01
5.002968437721425632e-01
5.536977819697163072e-01
4.731400622922019017e-01
5.044569835917422918e-01
5.578178590905682466e-01
5.495373066398083761e-01
4.724629080815113125e-01
5.397920958933948299e-01
4.664931413932996151e-01
5.528287521863222143e-01
4.823014584936821114e-01
4.751981052967653163e-01
5.452619897997896814e-01
5.212900167470182478e-01
4.671235542585129852e-01
5.515293941997674310e-01
5.344393969387963850e-01
5.009445227177036220e-01
4.886539821017409913e-01
4.916342906587821138e-01
3.704748698796538342e-01
4.755654485863788361e-01
4.853039164571666397e-01
4.862786047198431327e-01
4.558649519937997274e-01
4.546361071548486454e-01
4.264107439914919806e-01
4.971970541315424152e-01
5.343779767178069573e-01
5.248737968751808758e-01
4.291646958227121056e-01
4.624157008112511624e-01
4.903565021297935367e-01
4.790452981019153733e-01
4.630138944004353885e-01
5.474320127678475867e-01
4.839854618309073486e-01
4.726855546901003735e-01
5.000521003468304526e-01
4.866854169171746514e-01
5.133790761432937000e-01
5.618233180850243924e-01
5.589992878428158285e-01
4.125782017216306774e-01
6.506791831874718657e-01
5.196590869618905595e-01
5.026743074046423621e-01
4.390212063889170069e-01
5.175192287486624076e-01
4.139190014613299828e-01
5.436220744352587841e-01
4.519512097092492353e-01
5.054365857756740743e-01
4.580987066240004846e-01
5.507165617614987463e-01
4.620260597417287229e-01
4.672978213376234868e-01
5.003706050787432025e-01
5.758860031991762662e-01
4.841487205561764706e-01
4.924864616621164037e-01
4.623260742723657724e-01
5.551894253789029232e-01
5.021223193946856567e-01
5.319582837395522290e-01
4.543710373766234878e-01
4.672412069419071834e-01
5.305549695499457430e-01
6.527332877157688840e-01
5.093001292173569006e-01
5.593894499878807602e-01
5.094112728511823729e-01
4.551223638708553620e-01
5.772690887783122893e-01
4.965243075175382881e-01
5.253105280153199663e-01
4.711415482048567083e-01
5.233504117465108685e-01
4.818739563420542660e-01
5.896914124262462309e-01
4.838378994236942066e-01
6.212408124757309302e-01
5.199322527686669471e-01
4.936677934408508772e-01
