5.040503607446751300e-01
5.018603474523309904e-01
5.864336337810226452e-01
5.148529495693268121e-01
4.634014086261508680e-01
5.413621739336761385e-01
5.531613466764042641e-01
4.666736893060057789e-01
4.263510474087318092e-01
5.121960203439001047e-01
5.357952562080104952e-01
4.833570034610672472e-01
4.963989159069680523e-01
5.236647452053700968e-01
4.659211114001973186e-01
3.676677637483128369e-01
5.126086272398199251e-01
5.294809605708866718e-01
4.903987657022705338e-01
4.977212895440304985e-01
4.858141607133368289e-01
4.890067348626459531e-01
4.520766857444802334e-01
4.667598779812300314e-01
5.790045818920901421e-01
4.928746927260146959e-01
4.979735115765485665e-01
4.916132978313866864e-01
5.350951793638782927e-01
4.538783858547936756e-01
4.529476933057742238e-01
4.627484758289892586e-01
5.652776556951416564e-01
5.152721889547378087e-01
5.198695692095453014e-01
3.823042714058840774e-01
4.556795020307940480e-01
5.046670130458520420e-01
5.078544594589696759e-01
5.190493664947626318e-01
5.115749280381058917e-01
5.218677876761556034e-01
5.245659764377391676e-01
5.035031123786558593e-01
5.046560152248837916e-01
5.183922401188366669e-01
4.647959714185639912e-01
5.497019829266549529e-01
5.097837246347702855e-01
4.711915711096492099e-01
5.838736154367276665e-01
5.032905022360304459e-01
5.304801259791576129e-01
5.243819022358329196e-01
5.248181915285607957e-01
5.078316831107272389e-01
4.846295717125296276e-01
5.216766934123631128e-01
5.408188059051340923e-01
5.076952932460448986e-01
5.002345617753339857e-01
5.149895719048619425e-01
5.136797449438472718e-01
4.353392412358784158e-01
5.207874684356382788e-01
5.676739435434201564e-01
4.651458571144864718e-01
6.255360845218229660e-01
5.342714194795913363e-01
5.175090364287151523e-01
4.891586053083668006e-01
5.637269430406469661e-01
5.047771485856958895e-01
5.403270374309899760e-01
4.904445238805704710e-01
5.014872420473003301e-01
4.830581220642471973e-01
4.976706078790769650e-01
4.654458657818451583e-01
5.982547396942381468e-01
5.041715974388454313e-01
5.001398235033356343e-01
5.282920427612413095e-01
4.949955473619573887e-01
5.014667243660138052e-01
5.527924352871306235e-01
5.230956341696743062e-01
4.762632697675137083e-01
5.093554802860977837e-01
4.308193219770080074e-01
5.105287710743867668e-01
5.065918112536683671e-01
5.984806016570548559e-01
4.808528780960494853e-01
5.533913942525169327e-01
4.923398087003362789e-01
5.029189195150778335e-01
5.106718403297536568e-01
4.749980297404851060e-01
5.447277614704335580e-01
