5.154194746666121985e-01
4.435174576801213520e-01
4.482285863675644078e-01
5.117142892098216489e-01
5.807023378678920489e-01
5.448017972312935164e-01
5.028970428828792860e-01
5.302831399957951275e-01
5.504342291511917784e-01
4.584911897394076119e-01
4.790857384186814061e-01
4.557085707301359312e-01
4.893035746020920618e-01
4.982509677993423036e-01
5.055211010071282152e-01
5.581882080857021311e-01
1.989382042441060650e+00
4.578364258354761240e-01
4.801085109730265366e-01
5.243975432110786761e-01
5.231632580941084631e-01
4.854968057293725381e-01
4.821847702638002442e-01
5.794718584902365244e-01
5.286006363868359648e-01
4.822761184107604016e-01
4.207025877603851605e-01
4.897932103467780851e-01
5.278135073998649895e-01
4.402653298236612889e-01
5.345734883713411101e-01
5.154567244422211258e-01
4.938582501020347681e-01
4.495222442399397500e-01
5.216323663908445374e-01
5.123977200985708746e-01
5.087630627700645558e-01
4.895288058790940311e-01
4.923002101187587409e-01
6.145741101041147791e-01
5.270722999952095478e-01
5.150314121001119405e-01
5.064964164397763868e-01
5.497080058217027609e-01
4.934336665979595637e-01
5.200724683355218980e-01
4.492964820333319453e-01
4.634433527350181325e-01
5.089674674566992962e-01
4.753060131550573830e-01
5.111309617193493526e-01
6.080555775074574232e-01
6.018018014939842120e-01
5.733934562607877483e-01
4.877659051432515769e-01
4.272806696264183635e-01
5.825516347827762731e-01
4.816459712561458884e-01
5.160112846314898194e-01
5.195522348309007388e-01
4.519525555133311889e-01
6.162971780531045773e-01
4.920465926442117444e-01
4.340702679979011602e-01
5.340378519954209757e-01
5.392486074428549658e-01
5.071815058942894527e-01
5.323178100285874681e-01
5.272323154571740833e-01
5.104143443907079858e-01
5.443287234426489318e-01
5.791512606368471872e-01
5.568672393667231102e-01
4.508561430835572037e-01
5.656987721328116114e-01
5.551973455728699269e-01
4.429165524780191987e-01
5.407408455939972658e-01
5.682513409008135286e-01
5.068056352884512394e-01
5.456445632911666177e-01
4.206171967040828186e-01
5.618088811818414685e-01
4.761061048255010864e-01
5.025226366678634538e-01
4.966504767607510251e-01
5.145847433019498096e-01
4.701402647051648453e-01
5.346016861559746980e-01
4.769110175515505756e-01
4.763388520415921534e-01
4.813508176764926816e-01
5.620604642234483528e-01
5.674402084161241921e-01
4.635586359356223540e-01
5.208487176273531860e-01
5.204470337587436823e-01
5.331013984216403934e-01
4.974693265519538055e-01
4.308978307658455909e-01
