5.270127769584748156e-01
5.337185048208177296e-01
5.285014835084339557e-01
5.926635463190397246e-01
5.363641452952482291e-01
4.694518087237866122e-01
5.034357120202701541e-01
4.924760886878343236e-01
4.913658445127891961e-01
4.476052906598187442e-01
5.820629210806819165e-01
4.339013076888612042e-01
4.505690343222222283e-01
4.738716900199695381e-01
5.439608483963700447e-01
4.667142531933503591e-01
5.460952557985662148e-01
5.189010018381481348e-01
4.469358438376292986e-01
5.233070657694680605e-01
4.951883658524126597e-01
4.635451334961567249e-01
5.390458130631358147e-01
5.246589680735191941e-01
5.290092005356435978e-01
4.887945671150462634e-01
6.292790224503858276e+00
5.833012244249192735e-01
5.365897422292011942e-01
4.518787557930331045e-01
4.739194125717653416e-01
5.476406805821784074e-01
5.102012264254317531e-01
4.452195711828727531e-01
4.802001812215637155e-01
4.408143545148036080e-01
5.075354660025116482e-01
5.768275931988097183e-01
5.862119678103246967e-01
4.653822014887787351e-01
4.844561172807101967e-01
5.029332541779170107e-01
5.253565393720706078e-01
4.852988659822301543e-01
5.265802638774874644e-01
5.590893695061002200e-01
4.976983159564546400e-01
5.529471316444060092e-01
4.704121867763598752e-01
5.212902898171235533e-01
5.754217416730544876e-01
4.852921665280898189e-01
4.794094726448507315e-01
4.456839670546879351e-01
5.260273439930694961e-01
4.569718133138284677e-01
4.573713851148295539e-01
4.432672856601900246e-01
4.554486816478212075e-01
5.073351199783366905e-01
5.587050684460970196e-01
4.405248515224963191e-01
5.281333574393384245e-01
4.845002167448893005e-01
4.588902446987473405e-01
5.902586562519506197e-01
5.191824347621672997e-01
4.984247087193550141e-01
4.664951184251412974e-01
5.353803784061077486e-01
5.936611537888313306e-01
4.571733144462746257e-01
5.037111764445788564e-01
4.922038329437471993e-01
5.013148926808621564e-01
4.596295933427037017e-01
4.243491813649768463e-01
4.893122700571240768e-01
5.117476045371404103e-01
5.664181432555822626e-01
4.310928023175014112e-01
4.073401403244681918e-01
4.905028641186893190e-01
4.856568086715145616e-01
5.476586068246053207e-01
5.164703456973003259e-01
4.526889482028781941e-01
4.799276125598402887e-01
5.981130327241576117e-01
5.561664809510745711e-01
4.668009162222171993e-01
5.480861415544777682e-01
4.912774237489712092e-01
5.037482215113789907e-01
4.560548634389017253e-01
4.762627234160176637e-01
5.833484014878723700e-01
5.040723425093539545e-01
5.281259409196032983e-01
6.149732100077046626e-01
