4.702829203127752433e-01
4.709999052955313736e-01
4.741435664734265365e-01
5.279059933173858576e-01
5.012633692238321892e-01
5.971623591830914624e-01
5.548505316930140152e-01
4.357580816113311717e-01
5.005719576737130971e-01
4.501966728591314526e-01
4.989489763849829229e-01
4.868768839255444014e-01
5.089700696916120704e-01
4.588919640060283855e-01
4.177297588813272955e-01
5.036902680676897948e-01
5.732094378372235566e-01
5.547929047689020843e-01
5.541400343445981314e-01
5.336103375462757370e-01
5.161075116904600968e-01
6.205813200540961638e-01
4.497217163071074997e-01
4.589589290767233098e-01
4.785212438832438520e-01
5.193727920481376881e-01
5.456699187001341489e-01
5.374470922408058904e-01
4.360719357449961975e-01
4.680539219785450622e-01
5.051298882401188406e-01
4.796316188880738740e-01
4.426480543680734181e-01
5.475140783932456179e-01
4.924069873761152127e-01
5.221901916035562863e-01
4.423174785976891621e-01
5.066611046815218122e-01
8.112679025730034077e-01
5.087425339084948872e-01
5.135766705215182304e-01
4.821796863514570264e-01
4.715536376545478858e-01
5.129457342731512659e-01
4.828085928667883997e-01
4.383644898763365827e-01
4.953780272347793612e-01
4.884265254639441056e-01
5.567429439823633475e-01
6.249523436847764790e-01
4.622547392094470964e-01
4.905572737515899728e-01
4.962220926717748615e-01
4.945302690881046570e-01
4.968778689859608688e-01
5.328317700173820226e-01
5.263315136285651175e-01
5.170914469056355767e-01
4.729539285876278032e-01
5.006608700457195749e-01
5.624074392672181455e-01
4.957848950076534922e-01
5.261269391104361759e-01
4.576727978357129634e-01
5.191241126946610773e-01
5.138083169906857428e-01
4.572165936341626713e-01
4.440257959545048649e-01
5.249464917473860570e-01
5.449500078625668653e-01
5.190258973034886925e-01
4.170886752682861354e-01
4.585815433254822326e-01
4.583720455763821144e-01
4.223089829103181536e-01
5.674295410444504251e-01
5.143802862078419302e-01
4.694417012383163557e-01
4.882823528019245019e-01
4.909135538112132657e-01
5.652576787411934811e-01
5.009514221243140941e-01
5.420491597222593105e-01
4.859523492417632262e-01
4.343909854407870808e-01
4.478910021212089143e-01
4.813709951896935624e-01
4.204186514806136366e-01
5.662736867848300326e-01
4.948770822446433848e-01
4.852630840804179058e-01
4.738263399213009652e-01
5.045196826576866522e-01
4.168558919149912279e-01
5.469564916863145498e-01
4.983143515906288123e-01
4.941858419945288072e-01
5.536621882573469211e-01
5.151934861896647622e-01
5.101373235503521286e-01
