4.725316622232008656e-01
4.661105534178061061e-01
4.944288667404825310e-01
5.174383710163440453e-01
5.213039538333402723e-01
5.472145488236669353e-01
5.008242810731726724e-01
4.951555598588456841e-01
4.907722538662769307e-01
5.186662662789424116e-01
5.132632356898635395e-01
5.254064153533852810e-01
4.977217340790377476e-01
5.012584990503845539e-01
5.395560952635636287e-01
5.157280673237618629e-01
5.280387847217272723e-01
5.395038276788045595e-01
5.045440522889118595e-01
4.656535243391877188e-01
5.177855694358418637e-01
4.148155044471336095e-01
4.642539172053036789e-01
5.118625527747806547e-01
4.623993211851859519e-01
5.247140058215506997e-01
5.371417965781576376e-01
4.307590109768148490e-01
5.209178117975843403e-01
5.165900690986433563e-01
4.527187035104155433e-01
4.413387964731579904e-01
4.710049748381969215e-01
4.624300210195887995e-01
4.796774294359709145e-01
5.935415532626342472e-01
4.839791040533320543e-01
4.765689803342632591e-01
5.187077669867725671e-01
4.682032200131769351e-01
4.841510379572388501e-01
5.463027045983597230e-01
6.327165144143526154e-01
6.027908985452848922e-01
5.389344142451759634e-01
5.714817616071500295e-01
4.699119315645429729e-01
4.904077168693500854e-01
5.194100901708580409e-01
4.626919122020228814e-01
4.576483345780862355e-01
5.365451363323510137e-01
4.649140456643841013e-01
4.487388188249241683e-01
5.938425677455068108e-01
5.342798564600214073e-01
4.746678399277645677e-01
4.674760485447033154e-01
4.580323956483143277e-01
5.131715816635218363e-01
6.012235462101512828e-01
5.417534013389470049e-01
5.204348092721078345e-01
4.807752752593330570e-01
6.034515573757709417e-01
4.807561575304824530e-01
4.709709573891296408e-01
4.407689882502726086e-01
4.472140903189639194e-01
5.405168731701024409e-01
5.079909002116428374e-01
4.545634427103441566e-01
5.551719117398294934e-01
5.112214444023936988e-01
4.858248720469689474e-01
5.287888325772645004e-01
5.091283532012549351e-01
5.161049260541212824e-01
5.691301797786318950e-01
5.150724411053235752e-01
5.907240727340721254e-01
4.746478246219915098e-01
5.099218960265557987e-01
4.800640594970991271e-01
5.150695324084761939e-01
4.704782964385533783e-01
5.155219843252712986e-01
5.030093966516596682e-01
4.690302924721125311e-01
4.503760783920282007e-01
5.077755656881292046e-01
4.957283348131132361e-01
5.227926668647125963e-01
5.516718245853791114e-01
4.870947288476231707e-01
5.153884959603609595e-01
4.245158907426682116e-01
5.702331589674169976e-01
6.079990839202407127e-01
4.342996838285607120e-01
