4.886962894212441566e-01
5.015915063901411619e-01
4.951364904396817201e-01
5.255868041613734887e-01
5.299301398715816624e-01
4.699337718523771690e-01
4.950828995249464404e-01
4.905685654664533324e-01
5.456331862138049660e-01
5.627233692882852578e-01
5.690285747176685449e-01
4.622803129503738062e-01
5.129252254994235427e-01
4.126704251993486006e-01
4.865460281305405976e-01
5.640729962791102281e-01
4.763672329284647233e-01
5.298524132403756859e-01
4.546379637075685376e-01
4.171768798738272888e-01
5.243210584878281733e-01
5.241226814904309528e-01
5.523608891988328606e-01
4.432595968474794534e-01
6.075831576666184120e-01
4.544603382913317557e-01
4.976717029445995033e-01
4.696989580309112178e-01
5.252781470375408324e-01
4.576927185193405134e-01
4.834143614558975011e-01
5.171199974754346895e-01
4.882217915375856032e-01
4.779156112038218662e-01
5.106789377958810272e-01
5.151458845140963749e-01
4.812228081757635723e-01
5.189937758520946076e-01
5.624008068035515340e-01
5.212994562479689176e-01
5.943186945297113111e-01
4.489589533318406045e-01
4.460620126252462514e-01
5.481428922226985190e-01
4.496734803953632564e-01
5.690184502513764286e-01
6.040526321080811334e-01
5.261379725990379397e-01
6.103805743565065001e-01
5.414489168305287592e-01
5.140927382012383529e-01
5.003188272978013051e-01
5.236235728871790895e-01
5.348177157304671026e-01
5.128919441988762928e-01
4.906812555955414878e-01
4.337007602365365311e-01
5.423779908804827743e-01
4.902368575123430272e-01
4.554305072735078674e-01
4.973356676055860071e-01
4.951152574918600835e-01
4.594661004637426993e-01
5.203655995732009432e-01
5.014716314694093180e-01
5.579496660392777585e-01
5.254229577167480736e-01
5.267061086538883385e-01
5.297996281205170632e-01
4.341629349955534178e-01
4.611249865660571601e-01
5.146209312892533472e-01
4.853701821451519294e-01
5.083634523912695657e-01
5.543850057418833188e-01
5.114875088079002818e-01
4.766706980798492421e-01
4.689398467702226014e-01
5.316370263174171606e-01
4.619333850835113942e-01
5.175624981507083167e-01
5.427209026778511136e-01
4.987931071908771052e-01
5.844103494430867851e-01
5.283353083820065965e-01
5.136867515612864032e-01
4.576648600007563461e-01
5.322528143644930099e-01
4.909645571547635590e-01
5.734775392441910924e-01
4.935507444737488036e-01
4.717522774201476921e-01
4.994185475664993934e-01
4.523614407184072816e-01
4.753745632171914592e-01
5.041103154060937452e-01
5.030417029280560559e-01
5.397969167837567417e-01
4.621141587263136730e-01
4.913991920874366537e-01
