2.402000051591108232e+01
2.387043921629040000e+01
2.435941948375996446e+01
2.368689014944424542e+01
2.403568511433448407e+01
2.397705145607126198e+01
2.337001720548824935e+01
2.392905495798607873e+01
2.451311735242965995e+01
2.380324078052164083e+01
2.414778666338421331e+01
2.405417903440883265e+01
2.396113654399255211e+01
2.462490964568003449e+01
2.378419884825477837e+01
2.379419639059558378e+01
2.398903462836825184e+01
2.382142180422271593e+01
2.449063765533404435e+01
2.467038490384330629e+01
2.423036319982485054e+01
2.477932709594080762e+01
2.467967404506342177e+01
2.363138692068222824e+01
2.473878978854852662e+01
2.390869110733932956e+01
2.357099563258251962e+01
2.441555104877163629e+01
2.415329208025975660e+01
2.436180430116506201e+01
2.419800071233077432e+01
2.352320045521063818e+01
2.371120919346659051e+01
2.394226139546726984e+01
2.498887479685676638e+01
2.375229087566320629e+01
2.388710690049450847e+01
2.404115707433624394e+01
2.437182792193364023e+01
2.395677633803342133e+01
2.409828659745146595e+01
2.424786363984569348e+01
2.401214948315709208e+01
2.474390961048539594e+01
2.425626270037347254e+01
2.425566563515081597e+01
2.412666427026358562e+01
2.386234894060785905e+01
2.408094063697653198e+01
2.420611035008030854e+01
2.458392691153535736e+01
2.515811156345904109e+01
2.467132542747381407e+01
2.409567800524523662e+01
2.412065833930272518e+01
2.420783758824602572e+01
2.427080250886752211e+01
2.414872703048269287e+01
2.510887490179511161e+01
2.394837840676105500e+01
2.418053740802514184e+01
2.416828302379732563e+01
2.387334036069233534e+01
2.317933874917297388e+01
2.236844651377627002e+01
2.392759992138541492e+01
2.455033594754887005e+01
2.452363593778775552e+01
2.409241385871521146e+01
2.458864696331173150e+01
2.399460388214151152e+01
2.286874841345738929e+01
2.390912323467203748e+01
2.443672810477316304e+01
2.505494857789391006e+01
2.469624390410239556e+01
2.488841660782577137e+01
2.317801271512490047e+01
2.397961787554314839e+01
2.387976732373614652e+01
2.483229058945621759e+01
2.404766283903565594e+01
2.420331626960100024e+01
2.427922940427156462e+01
2.415355006812377425e+01
2.438750106691830055e+01
2.391847638907919915e+01
2.397853224176027354e+01
2.460822402689282740e+01
2.419276638720577921e+01
2.384948476131713235e+01
2.402101224699480397e+01
2.434428356825931061e+01
2.445358909889822030e+01
2.362064846120357942e+01
2.366238456045286398e+01
2.408778798533702314e+01
2.464741638425051562e+01
2.427795165805240885e+01
2.464109797478949559e+01
