1.928752641108465937e+01
1.917606804001783871e+01
1.950520344379811277e+01
1.923230166598036206e+01
1.910482834616664505e+01
1.933327263269275775e+01
1.899574795406288175e+01
1.882884683278270188e+01
1.921738322639465579e+01
1.903943454721530060e+01
1.900435272282251020e+01
1.952094770762609244e+01
1.918866811596849686e+01
1.929747283019844772e+01
1.919605364335009057e+01
1.848276929423194659e+01
1.885780511747973520e+01
1.927995974627527787e+01
2.010089473275348837e+01
1.913895571777481308e+01
1.914157068634488468e+01
1.930752160910289916e+01
2.040198353104391771e+01
1.947018303121583926e+01
1.912672501380087553e+01
1.946404529971207253e+01
1.929225935778061540e+01
1.881026944954934876e+01
1.876625130944933773e+01
1.930486484466113239e+01
1.919795734064940973e+01
1.975342223617913362e+01
1.960193321964828428e+01
1.900271416886997145e+01
1.928634444797068070e+01
1.969369417137228950e+01
1.951947220440489517e+01
1.892158374510875873e+01
1.954961178232833063e+01
1.928553460690405430e+01
1.873702251091555127e+01
1.962136716197137076e+01
1.866153543534608161e+01
1.931843080401304036e+01
1.938118323516624741e+01
1.962019417309372926e+01
1.938654649100634941e+01
1.923488259391301725e+01
1.914716187462844843e+01
1.938090618649565400e+01
1.980069543235212493e+01
1.932790723243895314e+01
1.990923897063668235e+01
1.955997864413020437e+01
1.951814319462830838e+01
1.940413084230515040e+01
1.868535444545074142e+01
1.909817747059370419e+01
1.907158015629512349e+01
1.968231093907066409e+01
1.931065563042932354e+01
1.957063241491245620e+01
1.909041434569303064e+01
1.929954879440699500e+01
1.894600815269279082e+01
1.910802076191052734e+01
1.951029432414632936e+01
1.919670026282895137e+01
1.918913021863574997e+01
1.891652718643567965e+01
1.966554182190258615e+01
1.931927242399184763e+01
1.889928309833238984e+01
1.911480754060399434e+01
1.912680589045557156e+01
1.929278809680418760e+01
1.910972811599527432e+01
1.867372727450091929e+01
1.887168825658142168e+01
1.888820089159075266e+01
1.877907468195468255e+01
1.896874656517721647e+01
1.933635438231277703e+01
1.929872994663081798e+01
1.882233607616733195e+01
1.924450906564049646e+01
1.876346556241011143e+01
1.885507159493005958e+01
1.934983352477116725e+01
1.881776031482482736e+01
1.907716686786266180e+01
1.892326893315736669e+01
1.921898735097307309e+01
1.916130287328522286e+01
1.911905384733496049e+01
1.962494701894152627e+01
1.876484865098825949e+01
1.948671343573362691e+01
1.939977199457926105e+01
1.910637382135244167e+01
