1.561445271042261496e+01
1.593327644117009001e+01
1.616044140034950161e+01
1.584336997486139431e+01
1.576923345533034038e+01
1.597821586113823678e+01
1.575916769434541820e+01
1.630544038524051587e+01
1.615437586201977993e+01
1.596864472118605782e+01
1.563974576070245703e+01
1.597376995394376031e+01
1.615642145343707625e+01
1.587443017283671765e+01
1.578619213956712031e+01
1.591022543274927514e+01
1.622895173314028128e+01
1.601469017445876020e+01
1.621289625403332835e+01
1.604269912315008639e+01
1.606155129221637168e+01
1.579874919713357073e+01
1.605285303583656997e+01
1.613918712574245617e+01
1.600013283277015930e+01
1.615497576814596314e+01
1.605198771292734961e+01
1.611798884030633516e+01
1.603478708558606769e+01
1.612765330920318263e+01
1.573187305956532001e+01
1.595033121324099312e+01
1.615019698384206492e+01
1.623150838540334107e+01
1.606950392987279130e+01
1.625401224102883901e+01
1.600504690334250313e+01
1.633064174790062140e+01
1.630741501441561780e+01
1.649470321327653011e+01
1.622262670066757551e+01
1.585052489150357324e+01
1.617483980387319420e+01
1.630874048170582213e+01
1.601514510267266189e+01
1.613321595341271930e+01
1.626467935297815615e+01
1.583526331713729540e+01
1.606648763352117371e+01
1.623636405752667855e+01
1.621115641628913906e+01
1.619592126722889702e+01
1.609745117436673212e+01
1.643164618718780545e+01
1.595274169496439676e+01
1.602049234367822805e+01
1.574505208704065318e+01
1.620687443602975364e+01
1.619347609415677880e+01
1.625668742561252245e+01
1.605782435797094010e+01
1.589422616976151481e+01
1.613433070830827631e+01
1.597667680915845878e+01
1.598127230536916876e+01
1.606504011387774256e+01
1.582365497327764636e+01
1.587325257770413778e+01
1.625661083001246610e+01
1.575186984227856968e+01
1.628225101500456518e+01
1.602435981486363659e+01
1.596625524784016115e+01
1.619660949785203030e+01
1.628527864668312120e+01
1.584345774803726847e+01
1.596328851018350292e+01
1.586876366989515041e+01
1.610484756973772846e+01
1.636888224812548032e+01
1.613185309286014757e+01
1.596436144933487533e+01
1.563403532546416841e+01
1.599296524069466230e+01
1.611875861951075706e+01
1.627570495485437618e+01
1.587278283863846795e+01
1.596101359343643189e+01
1.579162897224586004e+01
1.617920887013317000e+01
1.627608744813001351e+01
1.619673690158532509e+01
1.601994372205486172e+01
1.583650706278768538e+01
1.613423073503115646e+01
1.603585794863856862e+01
1.606071086597385289e+01
1.581358387142568311e+01
1.597357979840043818e+01
1.573343712052665033e+01
