2.082340340014783564e+01
2.018502683300940248e+01
2.089917010936257213e+01
2.079064999060334529e+01
2.022630560942547362e+01
2.060751086414572342e+01
2.039180662258413079e+01
2.066130831095997777e+01
2.055141658761217727e+01
2.075041925097223583e+01
2.018530791917206457e+01
2.128082024979603659e+01
2.040746439813641189e+01
2.001472681178205093e+01
2.130487893177085468e+01
2.017561734501700954e+01
2.101523116557826754e+01
2.043257191783975912e+01
2.074244617584917805e+01
2.090070900802790632e+01
2.018850923446036560e+01
2.090105345549309135e+01
2.044243327908194630e+01
1.985124656904521245e+01
2.091752929604013644e+01
2.151395803243837435e+01
2.048061176480048928e+01
2.017674615219340595e+01
2.088481319268037595e+01
2.051188636687230726e+01
2.056110052429527357e+01
2.030429375722276575e+01
2.046051079909474169e+01
2.069061195567039135e+01
2.038688392858138343e+01
2.037421048405748536e+01
2.051057807447109482e+01
2.054041196901782484e+01
2.093101353617438320e+01
2.078622734085974955e+01
2.106375892050579779e+01
2.066630162388763026e+01
2.084631080613625187e+01
2.093030344672650500e+01
2.082377889928528347e+01
2.065913434348726341e+01
2.022998545396761116e+01
2.057874898976600875e+01
2.066518927220921498e+01
2.109451403182749019e+01
2.089381985120539298e+01
2.096438586023419859e+01
2.062980424111141176e+01
2.109506066193969076e+01
2.137195975448828023e+01
2.037378096214880685e+01
2.032143314171273474e+01
2.075027717301502150e+01
2.077234369765056954e+01
2.121826089872998011e+01
2.048197332449439401e+01
1.945406926028149286e+01
2.065802925090518372e+01
2.079084018523244382e+01
2.064066430525469897e+01
2.008300957890735106e+01
2.060954361729997331e+01
2.048924955046347307e+01
2.058250921016177060e+01
2.133758602716057595e+01
2.069748046510952122e+01
2.086370701571349784e+01
2.105341083312061912e+01
2.049047548244105243e+01
2.048558306368967408e+01
2.013984012932989032e+01
2.096069232335253218e+01
2.049958960764489291e+01
2.056621140728286079e+01
2.105099854126327941e+01
2.136216648225972037e+01
2.108698703001297758e+01
2.008336033131502063e+01
2.022407252341138673e+01
2.064158042560798023e+01
2.044417994800511096e+01
2.084587364187713376e+01
2.086824121324852044e+01
2.037930215276761103e+01
2.130591728617240221e+01
2.105524642144030878e+01
2.049147006666263593e+01
2.040408035209854631e+01
2.044041906309355028e+01
2.088847786956424812e+01
2.040026337961656466e+01
2.068534057691025652e+01
2.059265391239893361e+01
2.028098824678922796e+01
2.083284778580516416e+01
