2.154693793484490172e+01
2.100539190840884984e+01
2.178640158587899123e+01
2.137310319094738986e+01
2.114515755391777319e+01
2.123053263418960057e+01
2.163819174402838996e+01
2.201395250104213375e+01
2.115431841781908062e+01
2.250736858414366637e+01
2.212033538169884039e+01
2.090778302125701771e+01
2.239548105448084669e+01
2.132197407144650114e+01
2.088004139117865066e+01
2.226471339750058576e+01
2.136817220101298176e+01
2.173065592810697666e+01
2.158780556877090007e+01
2.178233852845562879e+01
2.112621024611500076e+01
2.102448102591927181e+01
2.107995322480129374e+01
2.188609224052457236e+01
2.124710056485568543e+01
2.114018519518230832e+01
2.162551882046660623e+01
2.155733482229417675e+01
2.126068306951563258e+01
2.196673348106282120e+01
2.187776539239149898e+01
2.138147715317451869e+01
2.143441541611851520e+01
2.154212008931959943e+01
2.135542474549561476e+01
2.097578846468216440e+01
2.168267621593003369e+01
2.181751154114255442e+01
2.122447543906113410e+01
2.098292514250843510e+01
2.173860751079690701e+01
2.130176768482981586e+01
2.178440463410553818e+01
2.162616878356833894e+01
2.211385434489315571e+01
2.182506265216751018e+01
2.155609605956945884e+01
2.160039915647075759e+01
2.124563170733183526e+01
2.176183479953123268e+01
2.164574771607624726e+01
2.128719503413000069e+01
2.152070520432929968e+01
2.123139373747556746e+01
2.111383771184774005e+01
2.160716311321734651e+01
2.166636769707442767e+01
2.156966911977217904e+01
2.146818972220517452e+01
2.171343350046472764e+01
2.152445755147634188e+01
2.137725213161598603e+01
2.102948666903980168e+01
2.165530810462234257e+01
2.155439451718189403e+01
2.133423302955378276e+01
2.105772338765346419e+01
2.189928223762793991e+01
2.174264389975935075e+01
2.129424035168510798e+01
2.129170993889889729e+01
2.041027728949600473e+01
2.085559349804567830e+01
2.075328672257898077e+01
2.162935428316367847e+01
2.082470581739810456e+01
2.124028762137039905e+01
2.080161230718415766e+01
2.220963137615695615e+01
2.186411393219416865e+01
2.085466624820317705e+01
2.182787614031164125e+01
2.117061381225708061e+01
2.171398704944801139e+01
2.206433715711369814e+01
2.130467801713551523e+01
2.073829251408038488e+01
2.141244527933657338e+01
2.102060541354416401e+01
2.194007419237786038e+01
2.112002713958541023e+01
2.110458616047836244e+01
2.082204571244232127e+01
2.127113387754099705e+01
2.093794955915712563e+01
2.160875961878690177e+01
2.056416191342856692e+01
2.138724813273709557e+01
2.174747817152129059e+01
2.079984597773641752e+01
