1.846919741352110478e+01
1.867765364470139033e+01
1.859796637136519593e+01
1.896925457470043597e+01
1.876687949245020093e+01
1.851164057766673920e+01
1.840198201130794331e+01
1.844578835319423149e+01
1.830888772837309730e+01
1.914421258113368296e+01
1.944794396079640109e+01
1.867821618294178876e+01
1.841026624671636469e+01
1.853710767217645383e+01
1.881867161387902954e+01
1.870006247787801712e+01
1.785736766675240617e+01
1.852727604875351375e+01
1.885810616470093848e+01
1.811216169142316801e+01
1.832381935156897868e+01
1.791807074324335503e+01
1.866139626089920611e+01
1.854986258657799425e+01
1.827020986757512588e+01
1.867625083282471721e+01
1.791461284553102118e+01
1.864133809532907549e+01
1.858423270272202998e+01
1.823980798001890946e+01
1.847324017105538729e+01
1.872765759457145407e+01
1.847813637042743906e+01
1.852472118609603058e+01
1.820107304034746676e+01
1.840473058799799233e+01
1.885981976122081605e+01
1.868590503092720212e+01
1.940976237730997056e+01
1.921172890444044512e+01
1.871782685945693459e+01
1.911455981621005762e+01
1.845754103612151908e+01
1.894283884061079704e+01
1.815282971213313346e+01
1.856299489128505442e+01
1.797268091693681669e+01
1.837469273660897784e+01
1.855601769424095338e+01
1.865759759250919103e+01
1.880483510288995674e+01
1.881269174745026618e+01
1.865628846261396134e+01
1.839105299045171904e+01
1.817316535436652458e+01
1.832821155051957618e+01
1.847934672755298280e+01
1.896868017943590345e+01
1.780623601971783643e+01
1.851336887534493769e+01
1.859912616230646876e+01
1.879932090266658662e+01
1.874723643166212028e+01
1.862458159851548700e+01
1.842451802608844247e+01
1.841047292658208789e+01
1.835087667623659868e+01
1.838196587187306008e+01
1.833465208721139206e+01
1.848797460973490914e+01
1.859713238149762660e+01
1.831901715359495952e+01
1.864761322080189032e+01
1.859085779156577800e+01
1.828727863096695216e+01
1.865217762135208801e+01
1.889625673529399563e+01
1.883080629635427172e+01
1.833719278655166818e+01
1.846244972422127617e+01
1.826888179921506961e+01
1.858516921332373784e+01
1.889384267412660989e+01
1.777340843806583237e+01
1.922555199857086450e+01
1.857784945532272403e+01
1.826940876129291880e+01
1.870940781703193778e+01
1.835060751698716430e+01
1.887418727137313113e+01
1.876923777428266860e+01
1.853857905972644815e+01
1.829751883688984293e+01
1.905243241704257784e+01
1.829397190416935359e+01
1.932749640475433850e+01
1.855827073761474111e+01
1.917819560996450434e+01
1.842226797795281712e+01
1.812204521730064144e+01
