2.196582720882145523e+01
2.230896174387454423e+01
2.199235599410769382e+01
2.179381472201846748e+01
2.228040774433242532e+01
2.146388140841760972e+01
2.211631488886651908e+01
2.159553804256383103e+01
2.144571537177426634e+01
2.155759608216997947e+01
2.242917557161327835e+01
2.212980484179119500e+01
2.153469678127637010e+01
2.228768365416687303e+01
2.116807827865168434e+01
2.165702625618871835e+01
2.193462663676849189e+01
2.132426588209161977e+01
2.099315060594079441e+01
2.164738507089366237e+01
2.182166908425594798e+01
2.159404296172800741e+01
2.208593851849082057e+01
2.214428892640599855e+01
2.206262954762053141e+01
2.221010143778466528e+01
2.198170734472921950e+01
2.254076786940846233e+01
2.198312845174082142e+01
2.173244374753288355e+01
2.203968422078366274e+01
2.166764335513047968e+01
2.281674619783231250e+01
2.108209444248377551e+01
2.228179044341659321e+01
2.123854497511021222e+01
2.246026273198557632e+01
2.162390616493237872e+01
2.171414586661814994e+01
2.177517677168574295e+01
2.194543616170914646e+01
2.157273940153240588e+01
2.174866331592214763e+01
2.250999110781475565e+01
2.085997001298989773e+01
2.093561865273858302e+01
2.143074457723446713e+01
2.212501561353690960e+01
2.117107259051491752e+01
2.144387989702559238e+01
2.109893684474197073e+01
2.167162839608437963e+01
2.207052995639257631e+01
2.194407071446365265e+01
2.247770668340667299e+01
2.116293403179908594e+01
2.119705590719149413e+01
2.180116456044033058e+01
2.234289378225094325e+01
2.223917848644922302e+01
2.049025532367391733e+01
2.146968883978347620e+01
2.209101697059307412e+01
2.179150350421148019e+01
2.140253216709160711e+01
2.223022571050745810e+01
2.245374748272638854e+01
2.153131721566104773e+01
2.242952794032166253e+01
2.176514777791389932e+01
2.209577154745299410e+01
2.174061861210198288e+01
2.049173930203951599e+01
2.113015653211044764e+01
2.136272892732650419e+01
2.200380653734131542e+01
2.259237470205152576e+01
2.113644643592854777e+01
2.142014761677249624e+01
2.160921477534022728e+01
2.220307048106498726e+01
2.204433553008575331e+01
2.188208045108040523e+01
2.152522941452086513e+01
2.159299608734049514e+01
2.194305728784087606e+01
2.147246637107538092e+01
2.201606888831200948e+01
2.195533525258104390e+01
2.208906359779808071e+01
2.202482239708365697e+01
2.199289245767392487e+01
2.250692049330454481e+01
2.189009810163502934e+01
2.147478797116765392e+01
2.190019291296305681e+01
2.190717832477902149e+01
2.184377859039665637e+01
2.167149997684501628e+01
2.222827365546320522e+01
