2.068490189401293478e+01
2.161640640689036985e+01
2.130603781660054707e+01
2.070870128539618449e+01
2.170757979098750923e+01
2.112836421009956567e+01
2.112760660752228148e+01
2.070741328509602752e+01
2.109645512214004270e+01
2.108553052877102729e+01
2.155928332432504391e+01
2.128875145312355599e+01
2.173755361817007170e+01
2.156737326702653235e+01
2.050990256817772206e+01
2.106639518967332236e+01
2.077671157424702386e+01
2.095833549927086992e+01
2.119670990635363594e+01
2.064504510914357027e+01
2.071480602406625238e+01
2.161121750756711535e+01
2.055679626894758272e+01
2.127466861574535173e+01
2.134358535482800434e+01
2.138690081278294386e+01
2.090592083607007012e+01
2.088061490669635845e+01
2.072315388679155035e+01
2.053956500394874851e+01
2.115831314484752212e+01
2.243280406364222301e+01
2.045864971422327372e+01
2.107370820590147176e+01
2.181166607348032827e+01
2.131389523747667880e+01
2.027578848626378516e+01
2.124219331195815030e+01
2.084177893113864855e+01
2.137562952118557646e+01
2.108346504449994541e+01
2.156307594298009178e+01
2.099937934134608142e+01
2.049662067979631530e+01
2.135501044637381085e+01
2.089401415385903960e+01
2.110637834215211228e+01
2.021228931864532541e+01
2.082707107289042270e+01
2.010556493006942347e+01
2.082844579638153348e+01
2.102051798849418063e+01
2.062190949770515758e+01
2.132610887177525427e+01
2.122758596390825048e+01
2.103133690032611369e+01
2.126887940155152634e+01
2.099376477374593009e+01
2.079419749347030333e+01
2.179566763005109564e+01
2.125330675065512409e+01
2.036953743955973195e+01
2.157022799287191006e+01
2.032895724059662257e+01
2.126843093418872854e+01
2.033366111073141980e+01
2.078343807762123419e+01
2.212038681810551566e+01
2.197173264408830207e+01
2.118567040880346397e+01
2.185474533835861877e+01
2.088965573818730448e+01
2.046403556636306575e+01
2.074269154189103048e+01
2.116334624598178493e+01
2.133072189014401232e+01
2.124902849928447068e+01
2.132435794165208875e+01
2.088894539256916261e+01
2.107483360167194775e+01
2.086074142348359572e+01
2.105101086705666802e+01
2.079950355155366637e+01
2.070225662249131560e+01
2.120303485284384237e+01
2.115782769001057062e+01
2.056103165424745782e+01
2.042480829911264806e+01
2.094692467226134269e+01
2.134670224879755551e+01
2.106312935018763355e+01
2.144193049629312853e+01
2.108734110776107684e+01
2.126896123905088132e+01
2.140083276828650583e+01
2.100512950401072843e+01
2.101667218008687499e+01
2.083310005081846583e+01
2.045288215770679585e+01
2.138606974325438159e+01
