2.397018691023913561e+01
2.443376722022675551e+01
2.417340847146029148e+01
2.416205002305278882e+01
2.438431822152608675e+01
2.459842343574345591e+01
2.343990967006693538e+01
2.359019639001929747e+01
2.434173805033777782e+01
2.417227299719284161e+01
2.459404145592332114e+01
2.440397695150056023e+01
2.360940055066286192e+01
2.402477439120718117e+01
2.468102922708743208e+01
2.457003917802409276e+01
2.415183095567125449e+01
2.398631930258021683e+01
2.470532050865688234e+01
2.487797787963731366e+01
2.437004706176610114e+01
2.439072066712728670e+01
2.329759239233222345e+01
2.387961285387340382e+01
2.367249333258074628e+01
2.403465986716495451e+01
2.402505131697916951e+01
2.399565418048836563e+01
2.402560535930406971e+01
2.501170095841037266e+01
2.341089716824254552e+01
2.379358183759680045e+01
2.407862774092161118e+01
2.330782321472781504e+01
2.371826534259578168e+01
2.352249776673826887e+01
2.510543596449304715e+01
2.507514458266081903e+01
2.370064610322726750e+01
2.497291765256595042e+01
2.456105410517243115e+01
2.412591888392860895e+01
2.384749695146135551e+01
2.513477300870048836e+01
2.416413626812098769e+01
2.408705681449199432e+01
2.354600828461769879e+01
2.488648020692301444e+01
2.399725981339386038e+01
2.418417084874016254e+01
2.350435942545797019e+01
2.466375071549155251e+01
2.355572328094316248e+01
2.383923886265441894e+01
2.325795754385929826e+01
2.320744751426525809e+01
2.436315518057734764e+01
2.376566264503534498e+01
2.405495063361356856e+01
2.273928422793229842e+01
2.445139914844133600e+01
2.350493270440355076e+01
2.370142310817509923e+01
2.324987997057237621e+01
2.401279298377999183e+01
2.386206251315003257e+01
2.332310096903122343e+01
2.365277348675180491e+01
2.384492303845821581e+01
2.465379605620554315e+01
2.320828659016717666e+01
2.378647350964527618e+01
2.334916389365437439e+01
2.436706238235935729e+01
2.398983872634395809e+01
2.574949673070166511e+01
2.492510826663697188e+01
2.326638946819849352e+01
2.362996720723336708e+01
2.427209310043983592e+01
2.278345888447037026e+01
2.423738004304456695e+01
2.325372458121836416e+01
2.425988087293461248e+01
2.473906343604202362e+01
2.447571533046816583e+01
2.420419736180475923e+01
2.410651930014100941e+01
2.379439453001738158e+01
2.450239472320231471e+01
2.383709741382135761e+01
2.461174544134794573e+01
2.470186786303339233e+01
2.477256050457727099e+01
2.351986043086268907e+01
2.258113142092073033e+01
2.407947807830409914e+01
2.548918385827612809e+01
2.401242276594703284e+01
2.403319464550911277e+01
