2.213554378746685458e+01
2.280340798948395786e+01
2.182465369683728085e+01
2.229504340309264165e+01
2.218977141084657845e+01
2.175695511579479557e+01
2.233829772472835273e+01
2.274551266037835262e+01
2.241074924931012191e+01
2.249230162284053236e+01
2.206518891817658101e+01
2.123656488884704885e+01
2.199033861433646564e+01
2.251579181267512908e+01
2.214212237697431007e+01
2.150561874466540857e+01
2.108001935380467273e+01
2.228213877084553474e+01
2.160724629004558750e+01
2.184621844368723842e+01
2.204754317455653734e+01
2.202998994040177649e+01
2.239756094770638839e+01
2.157681626448155399e+01
2.168782423790861813e+01
2.325142846473024960e+01
2.179024207621885623e+01
2.179727082837121088e+01
2.156083245536088810e+01
2.253901799599867317e+01
2.224665053639474266e+01
2.213875497613153343e+01
2.255238895905969088e+01
2.220364746456264982e+01
2.207496684347036009e+01
2.185382850686846368e+01
2.202852217900704090e+01
2.169466384039638385e+01
2.213397686265764008e+01
2.253035340943175413e+01
2.122630993644582986e+01
2.191695634377951762e+01
2.189921246169300417e+01
2.189492250784957506e+01
2.248622752769828281e+01
2.224870299135516660e+01
2.187609121484189245e+01
2.221807236427946819e+01
2.230228552404146924e+01
2.244808799825331747e+01
2.221309391855259108e+01
2.287981134399781169e+01
2.214727236749307338e+01
2.264884200170795481e+01
2.274435014112044939e+01
2.278006615164986925e+01
2.225748355742712903e+01
2.169623071791817281e+01
2.221855762415624724e+01
2.284627788080574007e+01
2.191296478983785434e+01
2.209682288944928530e+01
2.220085263017661248e+01
2.230081471199610021e+01
2.197323927355589746e+01
2.187407687399067413e+01
2.197370423056589672e+01
2.174570286675640318e+01
2.166688970780818124e+01
2.219881549702426682e+01
2.158369910850899842e+01
2.223685935277454107e+01
2.302343711142308535e+01
2.305361091856110178e+01
2.091405433998771457e+01
2.219315173664531216e+01
2.190560534907866952e+01
2.261649080919965016e+01
2.181002549976026117e+01
2.293222293847343707e+01
2.255126297796589441e+01
2.206319609140519589e+01
2.232572332331520570e+01
2.239960180084509389e+01
2.221744195203605088e+01
2.221225396901147420e+01
2.213158529286236842e+01
2.204054287224955289e+01
2.188358425329832357e+01
2.222949933324531102e+01
2.240693178963197951e+01
2.174899459398093882e+01
2.221370866743932027e+01
2.229677910232475213e+01
2.172840883031625125e+01
2.191432490111433040e+01
2.226180683999601229e+01
2.215387137569891962e+01
2.139369507777938040e+01
2.153330800343099227e+01
