2.473918695248429955e+01
2.487212681973010575e+01
2.444004331757619042e+01
2.399842901034014275e+01
2.565223647162706300e+01
2.636906027906606553e+01
2.442504323847013836e+01
2.450259472568193075e+01
2.556514448105433956e+01
2.493287609375789060e+01
2.512649050427761210e+01
2.569168630227608929e+01
2.464730555404006296e+01
2.517537343981362596e+01
2.554468709503155921e+01
2.433143382955448430e+01
2.573993616664797912e+01
2.553673309300029715e+01
2.385863305051237759e+01
2.434035370377107910e+01
2.484930979072352741e+01
2.523471258019431573e+01
2.485962852224765740e+01
2.605687834269494374e+01
2.524217390202246847e+01
2.579176058982696418e+01
2.461555454884301142e+01
2.631223729341557416e+01
2.498779938471210826e+01
2.445861930185194311e+01
2.465563061823630875e+01
2.531877213572548513e+01
2.595653593671594805e+01
2.573369654503824577e+01
2.497154917244984773e+01
2.478623572223242277e+01
2.507684099749381446e+01
2.449627363270463576e+01
2.516437170370886633e+01
2.450217811704957782e+01
2.396778278957781794e+01
2.383923298857018480e+01
2.424134393066852411e+01
2.488861943905832774e+01
2.486581382416195751e+01
2.434828218496346963e+01
2.517697365265797060e+01
2.557558551566520322e+01
2.506903342455197148e+01
2.365236878602659587e+01
2.541211056667904344e+01
2.474866108826995870e+01
2.465343722906258606e+01
2.454534104951007834e+01
2.497157124781534776e+01
2.414397395644521893e+01
2.603132165718205471e+01
2.418394877613229710e+01
2.470129991308126094e+01
2.385885076744679623e+01
2.511937360282742659e+01
2.501307023269444940e+01
2.512757385056753634e+01
2.493693002878876186e+01
2.478734691195226603e+01
2.620388079297311279e+01
2.424087099982980931e+01
2.512796832519396162e+01
2.522294121505133191e+01
2.571402256128836328e+01
2.505539818844621891e+01
2.511486319956615887e+01
2.493281647914785992e+01
2.591284268958830950e+01
2.414197607312231142e+01
2.586023548150209805e+01
2.476199621775795734e+01
2.380183694251351056e+01
2.525936878152745635e+01
2.547027223951784691e+01
2.558817980800361624e+01
2.445726749668161304e+01
2.589469017339542489e+01
2.485422019017051198e+01
2.572970322206688465e+01
2.458329174554210539e+01
2.408859385479529891e+01
2.527793117283242808e+01
2.354237386083859818e+01
2.594835267077984398e+01
2.499679171002579636e+01
2.518057708432232644e+01
2.461369799134769210e+01
2.472023450865473038e+01
2.498546053409361534e+01
2.502640994104280381e+01
2.535950448135767132e+01
2.504648273025226146e+01
2.540348901081422639e+01
2.529742991105875660e+01
