2.554567101378290417e+01
2.551788569364325099e+01
2.600628425231505148e+01
2.630112970031462183e+01
2.683585820259436971e+01
2.543583037338461139e+01
2.532889170302508930e+01
2.583117912328561872e+01
2.604090453072921818e+01
2.614353357687258494e+01
2.636347793142906326e+01
2.646995424183229062e+01
2.769085744086724432e+01
2.586601351084996381e+01
2.562731920359752280e+01
2.590301859489796144e+01
2.684173208995768789e+01
2.649318630944438624e+01
2.757716564192323361e+01
2.616156880280987096e+01
2.564972847654941290e+01
2.625284093782768124e+01
2.635677298827210535e+01
2.549575488343744567e+01
2.598455595561059184e+01
2.498272996371964183e+01
2.538364175977470083e+01
2.645593405570207679e+01
2.671060393624096818e+01
2.628090778062088262e+01
2.542657594253395814e+01
2.618316707940467936e+01
2.658198604821021149e+01
2.571050526263761071e+01
2.561751626919557623e+01
2.541950039526856742e+01
2.576991567891191082e+01
2.555774277529032545e+01
2.568944240048578820e+01
2.676775057786801426e+01
2.574907139996659566e+01
2.568002712611863814e+01
2.623578323504715115e+01
2.639270603614145472e+01
2.602210760578478244e+01
2.596234993371747990e+01
2.648801464245022075e+01
2.523644795540266017e+01
2.615129961943108938e+01
2.571557175024751984e+01
2.623983690934630175e+01
2.536262958717220783e+01
2.614315567905012117e+01
2.646183375772782753e+01
2.579614916879673103e+01
2.667667470865182366e+01
2.580577526934538923e+01
2.633427887526100974e+01
2.578549485277581610e+01
2.544632918914604502e+01
2.638065301571360166e+01
2.676680154831703007e+01
2.637651499784316300e+01
2.531160098856519269e+01
2.630420501841699021e+01
2.582106431167588312e+01
2.531195341518463948e+01
2.592281417214100259e+01
2.654392896944101565e+01
2.644058812629809907e+01
2.561792893387637449e+01
2.721218787624291480e+01
2.743409852134708160e+01
2.512450856664213461e+01
2.550290155572254136e+01
2.562009845260149987e+01
2.694817316664158113e+01
2.621428069158269025e+01
2.627289666657238243e+01
2.616074823760933299e+01
2.695790650725157889e+01
2.801449945276443287e+01
2.552267736957571742e+01
2.548660733562937253e+01
2.676455465143026657e+01
2.701991694248112807e+01
2.564663346914456099e+01
2.676852620259460025e+01
2.470070137869779003e+01
2.727605500480067846e+01
2.495940588988644748e+01
2.669957321776953663e+01
2.535220031759001813e+01
2.597619433365573727e+01
2.560252630241902594e+01
2.709508438378043849e+01
2.623008082785349515e+01
2.684873756691984781e+01
2.675077549554152867e+01
2.552054499088979256e+01
