2.264208315792251369e+01
2.298756667611729654e+01
2.296010973425099877e+01
2.271474625225100397e+01
2.288117861280919385e+01
2.178318954122924822e+01
2.260426965326090709e+01
2.296569865478117478e+01
2.221458042566023749e+01
2.224164134892681233e+01
2.257577938108932614e+01
2.371654178376363475e+01
2.290031112138061431e+01
2.194693566022712261e+01
2.315653387159436960e+01
2.246498267075469002e+01
2.233206736207791465e+01
2.285847348301672355e+01
2.303795643708447471e+01
2.276832742674947241e+01
2.273050501281401026e+01
2.203791489369231016e+01
2.257048779533609562e+01
2.238112463595641444e+01
2.318250487108955227e+01
2.281261790487743824e+01
2.280087009847561674e+01
2.244864167044377368e+01
2.293113439889891580e+01
2.214310540577559649e+01
2.238169647030550280e+01
2.300431122964133479e+01
2.292871420155587003e+01
2.281480557231689232e+01
2.228177375106094260e+01
2.254456156899434305e+01
2.178756484190649800e+01
2.243667579028706882e+01
2.239558562081435866e+01
2.334179253076485949e+01
2.261224817168503876e+01
2.189630088931931340e+01
2.307383353568314632e+01
2.222110510159601660e+01
2.236531337826731303e+01
2.276929583189016171e+01
2.283988517165345655e+01
2.219385206648677666e+01
2.308955698495546471e+01
2.260434541804295705e+01
2.197032176843259776e+01
2.248679846347993916e+01
2.195172851695289395e+01
2.330386023827676922e+01
2.300322051433142434e+01
2.307150286838625419e+01
2.249892363295710496e+01
2.265956990334052179e+01
2.226200016676917670e+01
2.210789978365471597e+01
2.229554479624376739e+01
2.215362272032869129e+01
2.234367214073174779e+01
2.280635724706661804e+01
2.220794871878715782e+01
2.270385224476306263e+01
2.254360881103291447e+01
2.247155366923665198e+01
2.242690739620421780e+01
2.232588025031642331e+01
2.217480765548713961e+01
2.259463664887694634e+01
2.224713803619817654e+01
2.286697469356872858e+01
2.171218170690384142e+01
2.280006628933285384e+01
2.233665166961836590e+01
2.333479939459165919e+01
2.269052925227990514e+01
2.370328057790521825e+01
2.250716885449911331e+01
2.309838482440794039e+01
2.110989067573610356e+01
2.335212881771695237e+01
2.228848903673821624e+01
2.199572903644083510e+01
2.260664304268047786e+01
2.179518019585797362e+01
2.274818138606931583e+01
2.163272326382821831e+01
2.211315818605489980e+01
2.221099468635780383e+01
2.262615639626325148e+01
2.228671088525234012e+01
2.330215658720346283e+01
2.317716375676994645e+01
2.399225359634158039e+01
2.274838956679343838e+01
2.198524957621285481e+01
2.260449427143025503e+01
