2.258308637489407289e+01
2.270319360094498151e+01
2.321919924233455745e+01
2.232429938685422499e+01
2.256348832350979805e+01
2.310946653222877956e+01
2.205285220088476450e+01
2.403887381295171011e+01
2.243656523143870629e+01
2.322524316656200938e+01
2.480361022104647617e+01
2.287081837635619763e+01
2.330760283303902369e+01
2.331539958672285096e+01
2.372639573389168532e+01
2.322392266517911708e+01
2.319404667599442504e+01
2.237115478299904581e+01
2.318623641761141130e+01
2.293756191374481190e+01
2.289178604683493035e+01
2.311276304610737853e+01
2.378896311025726718e+01
2.361928379173214054e+01
2.188584414981446358e+01
2.320676108887071010e+01
2.350587937965132568e+01
2.403794350667002533e+01
2.242396982984739040e+01
2.321983405276474244e+01
2.326522744343897031e+01
2.278693123559107292e+01
2.300638885503866504e+01
2.322771692831474510e+01
2.214659159536131838e+01
2.211038292362015056e+01
2.424671235373446265e+01
2.344335409838886619e+01
2.387670671686280954e+01
2.437739499818067657e+01
2.384440325755960544e+01
2.319424213697565307e+01
2.315886430640170346e+01
2.291056899186029483e+01
2.354938529557639626e+01
2.326355448128894921e+01
2.301529468854448268e+01
2.320343475294031776e+01
2.229296629628936799e+01
2.345352557676737604e+01
2.284023706516324026e+01
2.343489900343076826e+01
2.201665572381296343e+01
2.230090033198410637e+01
2.377184091910659092e+01
2.358688267663035631e+01
2.300439038903143540e+01
2.305630547073702630e+01
2.348583523652497718e+01
2.316591527313159915e+01
2.287687732497322912e+01
2.361563157387955769e+01
2.270140318426240711e+01
2.354431557689221322e+01
2.255995045821395806e+01
2.251088933654375879e+01
2.273928696664713556e+01
2.288905141896222162e+01
2.188733915547818043e+01
2.322951737892300272e+01
2.280695247222103461e+01
2.382455178327910161e+01
2.221083100941195454e+01
2.319478686795504530e+01
2.278258907624040575e+01
2.316421181910952143e+01
2.345382195064646069e+01
2.246405136294701776e+01
2.376928975335829719e+01
2.280353968585033186e+01
2.264151594478300211e+01
2.240517625409496816e+01
2.305456863819104996e+01
2.342638726105503366e+01
2.264916873182768953e+01
2.330903973365134974e+01
2.294518051997682306e+01
2.368223474942501028e+01
2.295173677177610116e+01
2.269049951332089776e+01
2.340814188424371878e+01
2.302105345544858395e+01
2.313389071249032725e+01
2.189443729657967808e+01
2.353373560126845376e+01
2.353079437632396065e+01
2.347902206162849126e+01
2.364174755283933038e+01
2.293592542210506480e+01
2.242831961595385337e+01
