2.489559785933709435e+01
2.558036459534651641e+01
2.621495435497032744e+01
2.532183249445753503e+01
2.516521357299647477e+01
2.472322839606166411e+01
2.622784996903443044e+01
2.495589772204435519e+01
2.529182169069289543e+01
2.597738586537284888e+01
2.626450474379658928e+01
2.548768705243928778e+01
2.468304411686342803e+01
2.497736123410455988e+01
2.676028610723298939e+01
2.587599935753339508e+01
2.569157574772735231e+01
2.643831774322772432e+01
2.533811903869350601e+01
2.499937791103298323e+01
2.546690239684504320e+01
2.544477131069113085e+01
2.475581019950687178e+01
2.471451584887211794e+01
2.523932713048633403e+01
2.452120111216773068e+01
2.529118134560819087e+01
2.501435472130372872e+01
2.601312746001728726e+01
2.600233459070148356e+01
2.544235409666416459e+01
2.588714766042873450e+01
2.617299186121661592e+01
2.629481063699937593e+01
2.531117166032524324e+01
2.500087830703221314e+01
2.509405326621974197e+01
2.560881074710995620e+01
2.486059912038967212e+01
2.495614796300563043e+01
2.600694056628022111e+01
2.493608966776162816e+01
2.576482595075685822e+01
2.515418722628576376e+01
2.569059360592391528e+01
2.501435175324609261e+01
2.561474273013396541e+01
2.497979396859937395e+01
2.549610807250962452e+01
2.491560527660213609e+01
2.626028360568502151e+01
2.616630181789232168e+01
2.559596318827250983e+01
2.488857844976073252e+01
2.581768405293736279e+01
2.526366997359900068e+01
2.525584139466502620e+01
2.417118493313284588e+01
2.553762620743728817e+01
2.511665057135325796e+01
2.656159682536707578e+01
2.542631856151202996e+01
2.605698423202725067e+01
2.518551319206752126e+01
2.663601464737396896e+01
2.497718966881069846e+01
2.613847188360622198e+01
2.552450367280298238e+01
2.577493714741848407e+01
2.572121782869632867e+01
2.585084716923916304e+01
2.572925903650569879e+01
2.498883430416305984e+01
2.682731242536871719e+01
2.492115286349072178e+01
2.396926693165939781e+01
2.553454907701321019e+01
2.465775651076424069e+01
2.535923244756943262e+01
2.525130614823092046e+01
2.576253341916138240e+01
2.566675931047299741e+01
2.602682683087103044e+01
2.615301589551261330e+01
2.515479219884813489e+01
2.537323922108848251e+01
2.576950283152223875e+01
2.661454764646011029e+01
2.424374583829841967e+01
2.445513247937734391e+01
2.559955049203767530e+01
2.534614065543414441e+01
2.497595313338300826e+01
2.477193772029299268e+01
2.562699872765093190e+01
2.504775348559234160e+01
2.541241765564853239e+01
2.491353209623395060e+01
2.532022604254373022e+01
2.521156062412273613e+01
