2.813763359464086733e+01
2.797857752181223034e+01
2.881615358778913105e+01
2.962712233633418180e+01
3.007843155760372866e+01
2.931787416785662614e+01
2.951543912497390565e+01
2.724931662708042523e+01
2.914599728397836387e+01
2.827861385552371232e+01
2.838303679266501689e+01
2.876106080028158019e+01
2.791603794427583551e+01
2.661380613196565648e+01
2.860515980414696458e+01
2.633634397825408158e+01
2.878992622880560504e+01
2.799963561866783834e+01
2.913862303892350525e+01
2.859214668603105380e+01
2.779781716069345165e+01
3.039687024878018917e+01
2.766027352200253375e+01
2.785707740247953268e+01
2.722043914702713607e+01
2.873863509881868339e+01
2.777559119653848541e+01
2.793934525106040567e+01
2.729482140376901000e+01
2.875377119698726958e+01
2.923693009853244718e+01
2.897565408938624643e+01
2.834412603899245298e+01
2.783798844780923787e+01
2.887267467262839560e+01
2.878555694871679194e+01
3.015648256009484385e+01
2.823647609773562550e+01
2.850521305061278454e+01
2.896781190273751960e+01
2.860486085507749365e+01
3.021512753453396272e+01
2.771578253385533941e+01
2.829865249449675701e+01
2.881162609794676754e+01
2.830959964926034900e+01
3.031826655058102205e+01
2.830992114317177410e+01
2.830253781752186271e+01
2.766159532351332828e+01
2.856594141476383086e+01
2.860768329833057422e+01
2.789172461100205780e+01
3.005689194210973980e+01
2.838749745849773376e+01
2.973639322416065767e+01
2.797519126660635891e+01
2.813519250886200496e+01
2.866803278866858662e+01
2.929899018145460587e+01
2.813830489328077533e+01
2.861208790510080036e+01
2.985165725445603613e+01
3.037634465899903802e+01
2.777119313732522343e+01
2.841139460670268235e+01
2.865095338911566714e+01
2.738457372155578895e+01
2.772103495286267005e+01
2.929858718807784967e+01
2.993922662307427984e+01
2.755212225452405761e+01
2.936536096376689642e+01
2.828585806639558342e+01
2.812761090006222275e+01
2.748218051875594981e+01
2.827769016644321098e+01
2.806373863673361413e+01
2.762959133629472319e+01
2.807295110318274922e+01
2.968845894969956234e+01
2.807353213756350030e+01
2.803944128399622571e+01
2.952584783407668212e+01
2.861718585878542598e+01
2.717282782468959113e+01
2.795200564460455084e+01
2.961552626351765838e+01
2.945746788945065475e+01
2.872371303844971280e+01
2.929889443211865796e+01
2.926692598608466866e+01
2.801422556600327241e+01
2.865431120723356884e+01
2.832602421393468717e+01
2.954307137826956620e+01
2.907001720341912687e+01
2.896592329655149456e+01
3.031771180434668622e+01
2.940579778759802920e+01
