1.653870797489251032e+01
1.661877166597276911e+01
1.677754159714237048e+01
1.659826394220710455e+01
1.612986992812551179e+01
1.645816953839528196e+01
1.690773849890778635e+01
1.632189431180033523e+01
1.633001735763225071e+01
1.682576867870172066e+01
1.639993267100578933e+01
1.633353434782753055e+01
1.647002799755044578e+01
1.676415824744537630e+01
1.646275395878421932e+01
1.640920943408952937e+01
1.628455942703481085e+01
1.685926021007873032e+01
1.664413720434362531e+01
1.684342274926541450e+01
1.631001393367080254e+01
1.606697524318428449e+01
1.641525946344705744e+01
1.640686456077103017e+01
1.693424943787142567e+01
1.660976735800214499e+01
1.640690290911292948e+01
1.658243194951968746e+01
1.680163794811375411e+01
1.660430750602270322e+01
1.678283575420831042e+01
1.650646398637147172e+01
1.684265461963773802e+01
1.635972056309838152e+01
1.685107495525338805e+01
1.646414345955706082e+01
1.656781232070383325e+01
1.686369461246077606e+01
1.638976686062840571e+01
1.697516221250935331e+01
1.650692690842330990e+01
1.681582484506903796e+01
1.662196304229745891e+01
1.658751336336532134e+01
1.646026819860540513e+01
1.719799173701089146e+01
1.671100026040035758e+01
1.657085465126803214e+01
1.664775423431804313e+01
1.706841525613425503e+01
1.700249446542826703e+01
1.657257504440132578e+01
1.686774807211721239e+01
1.659170717052182198e+01
1.660769035008787853e+01
1.666442659637572277e+01
1.658125497167359796e+01
1.634444678924201355e+01
1.652133335447209106e+01
1.687094169136226185e+01
1.650399355145609093e+01
1.658393422061827849e+01
1.623102056217499367e+01
1.675544643764483865e+01
1.627747636012236754e+01
1.663732021874369948e+01
1.698508371287053009e+01
1.700555880559979371e+01
1.687514169862163627e+01
1.628240239225807073e+01
1.629900555048339328e+01
1.657101568037809969e+01
1.632321229478179347e+01
1.678427100439666830e+01
1.651673369388701929e+01
1.690199804744083423e+01
1.635657770115968290e+01
1.690586384638436002e+01
1.658107389063284032e+01
1.670553509853240470e+01
1.669585346997887854e+01
1.635017537730623971e+01
1.650418947920895008e+01
1.590141100327564949e+01
1.673126082910869172e+01
1.649815654145340460e+01
1.644456608180997748e+01
1.635990852571791265e+01
1.683350613933069440e+01
1.673446656843827895e+01
1.676674566628312846e+01
1.652472760575520283e+01
1.652430820087160157e+01
1.690983741433814203e+01
1.663311077098932955e+01
1.674910055272227538e+01
1.658048894850343302e+01
1.640312409721632037e+01
1.665817803387717078e+01
1.652608976710550692e+01
