2.759824662315410393e+01
2.712908450408440686e+01
2.821081221863359545e+01
2.685389099843383676e+01
2.834097993548286354e+01
2.780261304491247643e+01
2.825865415330408226e+01
2.844550850349676807e+01
2.858196955687468943e+01
2.813064835967846378e+01
2.780042887490914438e+01
2.923248518144841768e+01
2.787775562467206214e+01
2.835218263570639508e+01
2.818303887962558818e+01
2.643534347120673189e+01
2.724698735128128746e+01
2.840675579152231833e+01
2.789578302434737722e+01
2.796361090577225639e+01
2.638196147010529202e+01
2.742852774264074966e+01
2.781562677605784728e+01
2.745806919489496067e+01
2.779391174026432765e+01
2.790602741601127690e+01
2.753556898368768202e+01
2.783000190928600048e+01
2.857366642685003555e+01
2.903626244610101281e+01
2.807738292904780764e+01
2.660819884869443541e+01
2.867589230073123119e+01
2.791195778464551580e+01
2.854323673037652753e+01
2.681843645885927785e+01
2.726438425974572866e+01
2.699764560329014884e+01
2.730047221369433075e+01
2.680043064361746019e+01
2.829054349493066312e+01
2.729011856791367663e+01
2.764330170330661929e+01
2.731562574485085904e+01
2.723144008347650669e+01
2.827465557290987164e+01
2.882365290024270266e+01
2.822062558049439218e+01
2.651886059401327955e+01
2.780705030055991855e+01
2.914356179223027254e+01
2.822767470022554548e+01
2.851186581219068827e+01
2.821953419152191245e+01
2.745041277692073223e+01
2.805829648585747194e+01
2.735151120876918895e+01
2.786902617835259832e+01
2.780623860439754935e+01
2.696442013290136330e+01
2.881504386526691164e+01
2.638783617700413586e+01
2.909983186984030468e+01
2.902525424579079072e+01
2.824275502058224774e+01
2.617173710247935858e+01
2.782848111849822104e+01
2.853055552710824117e+01
2.756194225340271231e+01
2.699387045805490004e+01
2.957243185817284470e+01
2.787366568117657550e+01
2.821687228474374365e+01
2.658472341821101281e+01
2.898815650992506221e+01
2.791828566182792315e+01
2.720521284928681283e+01
2.916241698860375564e+01
2.887519278425465430e+01
2.750272303952565522e+01
2.705165067528131928e+01
2.712311147354262530e+01
2.669193042091189128e+01
2.684014372258906889e+01
2.660839174688032216e+01
2.874152711974759455e+01
2.799202396389084768e+01
2.865118422711644186e+01
2.763861326917368544e+01
2.627580525544286871e+01
2.723351052857064403e+01
2.765582379799600687e+01
2.731437738063291576e+01
2.707879331788122101e+01
2.743665104852843584e+01
2.803894975368265108e+01
2.699050359370967911e+01
2.665099265157232722e+01
2.696729466343368742e+01
2.729927834219192206e+01
