2.985083179597278402e+01
2.814363383600932522e+01
3.007756576555104999e+01
2.851460220915044275e+01
2.884058078130671632e+01
2.797096084488491030e+01
2.875701440373382312e+01
3.008726343246989998e+01
2.890366301381694925e+01
2.838251285850833483e+01
2.952343144492529703e+01
2.882070779937478733e+01
2.874577630063390288e+01
2.820903996672204883e+01
2.964263535564905183e+01
2.813175753624885189e+01
2.909435341004518705e+01
2.885156231215243849e+01
2.976146271628568840e+01
2.763793623802560973e+01
2.846058879582592382e+01
2.960713093737519941e+01
2.852254449333675979e+01
2.796321210942695146e+01
2.927259931717458130e+01
2.920997410474554101e+01
2.949823855255110772e+01
2.951620205450111101e+01
3.060911759217585271e+01
2.867926149010409276e+01
2.966921992695932886e+01
2.813568084912686729e+01
2.871978418159885038e+01
2.886080727263080092e+01
2.903960717425620786e+01
3.139557673947045657e+01
2.788736928647909963e+01
2.853636822257186623e+01
2.905892900086961106e+01
2.975436992724372942e+01
3.092009704844508988e+01
2.832252597164972485e+01
3.082682554294287769e+01
2.866557222509877079e+01
2.795391755583445814e+01
2.883925635468617799e+01
3.044030591002849562e+01
2.857941180115358293e+01
3.027951720834226990e+01
2.946285804214555171e+01
2.869641725245981334e+01
2.856611325096442400e+01
2.902992848820701255e+01
3.151321946116087958e+01
3.095199084868258765e+01
2.828234849853208388e+01
2.954872770758081302e+01
2.942465497772427341e+01
2.832846618382542303e+01
3.025212913857118835e+01
2.856226283111687181e+01
2.854937670980414310e+01
2.910620870955690265e+01
2.768101722895413985e+01
2.974977665719909936e+01
2.882872158200666846e+01
2.872179884771730229e+01
3.003318053873228521e+01
2.835313681944753483e+01
2.889021649330827302e+01
2.785449662302974616e+01
2.964716065370319242e+01
2.975331741713290512e+01
2.988114679053267864e+01
2.868162054872742672e+01
3.108531332281339843e+01
2.884148824550629797e+01
3.023545800861127475e+01
2.971519655045011987e+01
2.848184731909377732e+01
2.929353925708570472e+01
3.140583858335447331e+01
2.904954269426774260e+01
2.901270100256044415e+01
3.023274468461368869e+01
2.876839505438854516e+01
3.045873256455074340e+01
2.794700319656286069e+01
2.858145683164732986e+01
2.967551523752541343e+01
2.920576713075400122e+01
2.773127421765439493e+01
2.949789877985513087e+01
2.829962758333356732e+01
2.903045784005439955e+01
2.856481349401407499e+01
2.935659438619299877e+01
2.927496586162584435e+01
2.949870344465735172e+01
2.929751321430457267e+01
