3.389745554175208042e+01
3.304929260558118642e+01
3.323852885283594105e+01
3.449712306840834941e+01
3.339902898911135054e+01
3.422700854377363555e+01
3.275248135436742558e+01
3.392989946966343950e+01
3.526343393118502689e+01
3.320225836414621057e+01
3.295946387580882941e+01
3.523872348344787753e+01
3.278445354999566774e+01
3.264214338408298488e+01
3.387860019218527441e+01
3.161870945382558418e+01
3.291575345476602621e+01
3.591373776045082877e+01
3.274811473060158562e+01
3.234168313876985223e+01
3.339982984344859318e+01
2.967457111274759995e+01
3.376807628241292036e+01
3.205103681905149671e+01
3.487537467789563550e+01
3.328124519353978172e+01
3.361979555606554726e+01
3.285419743804174431e+01
3.532200378269980945e+01
3.302322877793223910e+01
3.421160893076415022e+01
3.113080611799248487e+01
3.138039008023273269e+01
3.379313892240033113e+01
3.455025908239205990e+01
3.279797845202573825e+01
3.139889341539105772e+01
3.490003978169156795e+01
3.598508971140768864e+01
3.383282219198814289e+01
3.374894129754122929e+01
3.359017898682875369e+01
3.202263421012619204e+01
3.160762094776896802e+01
3.278389714114375408e+01
3.340597871866718549e+01
3.549158663794958102e+01
3.233396159106690249e+01
3.408316081487980398e+01
3.489205633597241274e+01
3.365299677270460421e+01
3.137632007547937008e+01
3.558181371160942774e+01
3.431452688288953823e+01
3.219725364841150395e+01
3.356647152338263140e+01
3.315169028639855497e+01
3.478475115022332176e+01
3.401144211623756775e+01
3.173988707990864810e+01
3.299437617830726310e+01
3.386504030582980818e+01
3.439649779373318239e+01
3.228312035331717311e+01
3.287911730927307730e+01
3.487444751358452066e+01
3.433812220398881720e+01
3.340854584433846952e+01
3.249072186221899727e+01
3.299066245858365676e+01
3.348167898025199918e+01
3.272565823999973134e+01
3.148789983297738004e+01
3.360627362102889037e+01
3.212797490263448452e+01
3.423411298329841657e+01
3.301148847912396889e+01
3.437279954501322976e+01
3.252215796650374102e+01
3.405926249860113586e+01
3.282120080573113796e+01
3.309287396938389492e+01
3.220642984932000985e+01
3.369497681757376029e+01
3.375612481573170953e+01
3.534388824398341455e+01
3.149185810510040540e+01
3.307480336129235354e+01
3.516958017862510388e+01
3.336739591494653467e+01
3.454421838974709402e+01
3.455797140750578933e+01
3.361396209501381094e+01
3.518542425753612690e+01
3.518991582636297721e+01
3.238171295532782068e+01
3.384413967274667101e+01
3.280651478129212251e+01
3.652509023900466190e+01
3.267273828701436855e+01
