3.107820070420497771e+01
3.320417218415377647e+01
3.067570228492330742e+01
3.273136692775865697e+01
3.224572340504955292e+01
3.248292587989914182e+01
3.208733707447057526e+01
3.219073507410103474e+01
3.332652453640455548e+01
3.215505738817807924e+01
3.271032090667104342e+01
3.211616100919646044e+01
3.286483845023543893e+01
3.293051891422587829e+01
3.117036805718981185e+01
3.094390993370672405e+01
3.061864721654290378e+01
3.336268274750430152e+01
3.012122913864952167e+01
3.132433254431338199e+01
3.203238302703854856e+01
3.125846659910272152e+01
3.267962774545090099e+01
3.062268153628298606e+01
3.225170065699669664e+01
3.359719590562670533e+01
3.170272431652639611e+01
3.227443800026922105e+01
3.195813557316752807e+01
3.204584229847283439e+01
3.395759262407192125e+01
3.300185708210180735e+01
3.194359093549068618e+01
3.169369078141017937e+01
3.202695881737344763e+01
3.275407279714686837e+01
3.268721941738506587e+01
3.378495001701985956e+01
3.088400295944033047e+01
3.214620068810553732e+01
3.092438503493818658e+01
3.212987972958065086e+01
3.136580895316430428e+01
3.140368339344454895e+01
3.166775248786391472e+01
3.101411713903246081e+01
3.125360221078319967e+01
3.080134404205391263e+01
3.107966540389953281e+01
3.349687881385488453e+01
3.218686186455740739e+01
3.261326159809735259e+01
3.156829835894930625e+01
3.059982704683288901e+01
3.269351742538346173e+01
3.282733876034498621e+01
3.313370266448286827e+01
3.149506449431532928e+01
3.090907966973149712e+01
3.129547740674654577e+01
3.148778393032183232e+01
3.067986273666050678e+01
3.193192222449327033e+01
3.391467439230343217e+01
3.084249419137903203e+01
3.245805362953692708e+01
3.307748947850711829e+01
3.030874751619514029e+01
3.113249380803543431e+01
3.069893799576387039e+01
3.105979267750048933e+01
3.284698583964046037e+01
3.118551241981994693e+01
3.341693856172563670e+01
3.335192135626314780e+01
3.256188188084253454e+01
3.107703631695374469e+01
3.278400701173166709e+01
3.220788867184005966e+01
3.113807871463268384e+01
3.143505175596655832e+01
3.308193390257524413e+01
3.300603397977419462e+01
3.263054082612512019e+01
3.092500692819235653e+01
3.314773811550299598e+01
3.183933451728431763e+01
3.174061628451243067e+01
3.102376245150862744e+01
3.363606085444281746e+01
3.273245465295018164e+01
3.173116097062489871e+01
3.214824629887350227e+01
3.447866357509857238e+01
3.065470836498992568e+01
2.970451826775448012e+01
3.215261372419001873e+01
3.218089812352938850e+01
3.008643206067383247e+01
3.346659689532551596e+01
