3.043570735855722731e+01
2.947135132611791875e+01
3.066831117565091702e+01
3.114493524914000844e+01
3.027653222113209353e+01
3.057552462484947853e+01
3.213884196968369622e+01
3.161038203935680002e+01
3.048268182995649767e+01
3.044032882637000270e+01
3.008830602363033790e+01
3.013794415374032098e+01
3.153267029665688526e+01
2.930868603601727074e+01
3.281904933037403538e+01
3.049841406784642928e+01
2.938464260744838441e+01
3.089970826839465090e+01
3.059111246208553681e+01
3.063743319126869835e+01
3.183509805594894004e+01
3.146958939933873367e+01
2.925838737896275532e+01
3.178008744346461967e+01
3.079957017787464935e+01
3.119204884972358727e+01
3.020193098517897212e+01
3.172924645514771314e+01
2.995113279577134691e+01
2.948380828818265442e+01
2.921155827805408123e+01
2.889889222855669360e+01
3.101372176711069883e+01
3.139478898551329777e+01
3.244319138606501696e+01
3.264225032587449249e+01
3.147956554020393227e+01
3.019177233604150601e+01
2.813236367213684375e+01
2.913040507989108363e+01
2.869108466534624924e+01
3.082306170055757377e+01
3.045554642615180541e+01
3.068551468540919203e+01
2.893028844475711026e+01
2.912916081505657218e+01
2.939250534074944810e+01
3.094045613135190109e+01
3.059657096496982120e+01
3.099045633137325240e+01
3.015341969122123800e+01
3.037379458583383496e+01
3.166626028803731785e+01
2.922482652582111484e+01
2.986458466138111234e+01
3.086113402361726443e+01
3.047845554427653170e+01
2.919574612577521933e+01
2.910640775472728592e+01
2.989938017423994054e+01
3.146068902499329312e+01
3.063961048732673120e+01
3.009006470072010231e+01
2.935034859577455535e+01
3.259558447423711414e+01
2.941781775445769043e+01
3.061185287794803145e+01
3.067219169516435073e+01
3.046328207330141069e+01
2.837958855858112983e+01
2.953088810465314040e+01
3.031721533636844512e+01
2.995202417259010730e+01
3.193317671217902642e+01
2.990899832172154404e+01
2.989754885509328375e+01
3.208502568889893780e+01
3.021703080787966300e+01
3.087201850495193156e+01
2.931110920328664804e+01
2.763885502134530370e+01
2.953144799728590186e+01
2.937595064794322042e+01
3.171455740065533391e+01
3.055549133963978647e+01
2.915923808784073046e+01
3.101906447141250567e+01
2.899237841435862606e+01
3.073467964602051339e+01
3.092055778782039610e+01
3.041758444944208506e+01
3.064066058125557745e+01
3.019604210904478947e+01
3.025672465535699374e+01
2.913487480750708158e+01
3.045071141368088874e+01
2.818481676748726628e+01
3.030040334126662671e+01
2.979730097926063692e+01
3.085352144726694945e+01
