3.435607236550763588e+01
3.511230006373610024e+01
3.516391132552573140e+01
3.604528215549672154e+01
3.403563252634015868e+01
3.492178988321548161e+01
3.295858917409681510e+01
3.472228653930939402e+01
3.423545494647004261e+01
3.508252288124714369e+01
3.508394923760562278e+01
3.516464332402884452e+01
3.238044552981020274e+01
3.675537929191457920e+01
3.411458162142761807e+01
3.440025106526871923e+01
3.623704655532171159e+01
3.202072099406316141e+01
3.488015392601714382e+01
3.443991900227805303e+01
3.447227472658168779e+01
3.301371508462050741e+01
3.599292331556149804e+01
3.342676711030416925e+01
3.579352984408254912e+01
3.553437562089744262e+01
3.524373476443965103e+01
3.327970358581745813e+01
3.369707043290451054e+01
3.356509076906769451e+01
3.528613838891237009e+01
3.534612772361779065e+01
3.092127545841078273e+01
3.464828295962936267e+01
3.449927465976583818e+01
3.403397309643751356e+01
3.499591181270520934e+01
3.337960129045693947e+01
3.305695952764948942e+01
3.677592672971625376e+01
3.519533012511387682e+01
3.394525729454516494e+01
3.434283839902335700e+01
3.416641497837127162e+01
3.432253183167627242e+01
3.419922100698690315e+01
3.269066241823723828e+01
3.414689770058466678e+01
3.359253725302692573e+01
3.325913222198616381e+01
3.600406451980224176e+01
3.496152190628246359e+01
3.234321615554360108e+01
3.306306543990690727e+01
3.450256320525290477e+01
3.437411425436864221e+01
3.237980289009480117e+01
3.317743033650695139e+01
3.490765265117528315e+01
3.401155702870399722e+01
3.441930356506308186e+01
3.308453045177848395e+01
3.455582525438767760e+01
3.509240166189579924e+01
3.507810029964772980e+01
3.484186516851539039e+01
3.246242842300735276e+01
3.405064606537155925e+01
3.360445098838621902e+01
3.463608978598971788e+01
3.359325902734066460e+01
3.330311402496885620e+01
3.605814130245230587e+01
3.488975965961509473e+01
3.300668125374574657e+01
3.200342437298325393e+01
3.467061501675979684e+01
3.149492546135160609e+01
3.476452461835118868e+01
3.492495097818324723e+01
3.383289508486364383e+01
3.551880976705106008e+01
3.363491731310985244e+01
3.245307748649796764e+01
3.538429934714084624e+01
3.365236648993742108e+01
3.500525277438650562e+01
3.396645809918928194e+01
3.283999522227880163e+01
3.524125379497770183e+01
3.319335770740060099e+01
3.352870648170333823e+01
3.423026484047715456e+01
3.291391707338400607e+01
3.516387362105554359e+01
3.477196493197381244e+01
3.515197265402505167e+01
3.384073948943539278e+01
3.388776512769106120e+01
3.436456239349705299e+01
