3.450634947377680106e+01
3.772246196041296429e+01
3.645856150678590524e+01
3.459203537386708405e+01
3.525493348865049370e+01
3.627014998516825273e+01
3.415584304225401269e+01
3.463091165333506893e+01
3.584994460721419074e+01
3.647334977401003897e+01
3.647854968038991785e+01
3.492378804436810924e+01
3.377097307741489374e+01
3.425781857469263514e+01
3.355157577113132561e+01
3.791332334292150108e+01
3.502187737878052332e+01
3.608572962465682821e+01
3.607210062161316699e+01
3.392475440811432463e+01
3.364767993960858661e+01
3.493915455965031214e+01
3.384693478116864185e+01
3.556279278342657335e+01
3.518586661339080024e+01
3.602403885280927653e+01
3.645508239969286279e+01
3.511701821556081882e+01
3.419426368192713994e+01
3.555003478607934397e+01
3.465668666271183440e+01
3.395672719286192631e+01
3.427715140251171277e+01
3.599118753212884769e+01
3.704017122987770705e+01
3.609292110414731525e+01
3.269452247214476159e+01
3.408689714215800848e+01
3.566798724653134656e+01
3.482441802428510869e+01
3.469045916874448920e+01
3.625887073879868439e+01
3.405414166388679575e+01
3.483471270675504172e+01
3.767900597282993402e+01
3.532983750252169841e+01
3.414186271693436225e+01
3.786300482285626146e+01
3.492558204144972223e+01
3.348057308133528664e+01
3.306712406099681800e+01
3.686496920854250448e+01
3.599454389460868242e+01
3.536526307167422090e+01
3.362850360161814933e+01
3.570401796574180509e+01
3.667401992188683835e+01
3.451932258658974462e+01
3.376253246432536770e+01
3.462030875424054699e+01
3.363194775207532672e+01
3.542736810898033895e+01
3.424297890753449281e+01
3.580140715567275578e+01
3.277311820759969407e+01
3.356846818602178928e+01
3.740004580539920198e+01
3.385561557519549325e+01
3.333390246238153054e+01
3.571597587169821253e+01
3.421856922753133290e+01
3.516568246190325198e+01
3.659477808782425967e+01
3.622997053378899324e+01
3.602187327771686398e+01
3.487584011508614168e+01
3.490816035919570481e+01
3.462803460501297792e+01
3.562889170442591080e+01
3.446033061453852042e+01
3.437357616431189911e+01
3.426003627791224915e+01
3.487451575432162798e+01
3.583283255061162720e+01
3.772484176295991176e+01
3.613730474922974878e+01
3.236358786877627125e+01
3.592622307932342807e+01
3.537544782105188546e+01
3.623999422334139098e+01
3.665778055756945264e+01
3.600290400156246307e+01
3.498555720867121721e+01
3.381087771623578675e+01
3.403737260333386416e+01
3.498116968904515289e+01
3.407945584625762336e+01
3.314277376854290225e+01
3.566103527792085970e+01
3.590430697014375738e+01
