3.587100824341365524e+01
3.441917125821395729e+01
3.298409380240357081e+01
3.649724457465232064e+01
3.622720784901166269e+01
3.464908558591580601e+01
3.459649083367168743e+01
3.704624910662308679e+01
3.553774709240881435e+01
3.548437950831122123e+01
3.626605331866746695e+01
3.650145167781776223e+01
3.557730080716184773e+01
3.535279603018838657e+01
3.484388266639641785e+01
3.490872939223982030e+01
3.580228489229666167e+01
3.515762726450592623e+01
3.380295092018838687e+01
3.765023749740797854e+01
3.549950995708675094e+01
3.734831922083724010e+01
3.562840054778310162e+01
3.395802794694422033e+01
3.460736442617145059e+01
3.562987948921131220e+01
3.578130973370905821e+01
3.529133338821580423e+01
3.565655755877567401e+01
3.349080799532298869e+01
3.639931687267130656e+01
3.826989124169679002e+01
3.607683007140288822e+01
3.445048855926617648e+01
3.739064546942292822e+01
3.397733312205136258e+01
3.521425328900715357e+01
3.330660441659392035e+01
3.593331319409359992e+01
3.554138842288379152e+01
3.770254823927125898e+01
3.797226260429920330e+01
3.436238519097900479e+01
3.680636410260016333e+01
3.569333388875808311e+01
3.811418085583493820e+01
3.760987714728834419e+01
3.675090676896310526e+01
3.707748972859057801e+01
3.830206680451465218e+01
3.566909246901632713e+01
3.692991273592821244e+01
3.531106495468962692e+01
3.670068374390361043e+01
3.787923858617490680e+01
3.623990239359182652e+01
3.840010981969885506e+01
3.596600756346812489e+01
3.627293896461318212e+01
3.633193148764664926e+01
3.438985787393207971e+01
3.598973284910217529e+01
3.297073609768522573e+01
3.751976694396820022e+01
3.594105658911759349e+01
3.586482431719877439e+01
3.728388929317728184e+01
3.592525580993598311e+01
3.522062319685004894e+01
3.722164469566253331e+01
3.843421713738624845e+01
3.548381976520325765e+01
3.781679856082226365e+01
3.497568518514066227e+01
3.525905132083596527e+01
3.508345202111865291e+01
3.457429853325363212e+01
3.502187932174962981e+01
3.583638777299993450e+01
3.624131255255512229e+01
3.516307245376820134e+01
3.437948457137922986e+01
3.496077411217613928e+01
3.451242030806716343e+01
3.637988743353558618e+01
4.029051501417152537e+01
3.629440551491704525e+01
3.747680342558852828e+01
3.332296950127699375e+01
3.533502402609713755e+01
3.371910839669794058e+01
3.461345154841820460e+01
3.530666308651149166e+01
3.434065624652589577e+01
3.585789681581452015e+01
3.727553431926700966e+01
3.475008976328961552e+01
3.594794930656405541e+01
3.843316088153277121e+01
3.686490082062694285e+01
