4.026586190847358893e+01
3.989751216609990792e+01
3.785492016782949065e+01
4.068195292551337872e+01
4.006907102271161136e+01
3.977924126073258293e+01
3.983846637367666688e+01
3.808906697329111068e+01
4.041463542126309250e+01
4.069315455360669631e+01
3.624996282313925633e+01
3.918756824057517463e+01
3.797746739773569402e+01
3.821317448876631317e+01
4.162119252163334693e+01
3.979144888557057413e+01
4.094740772582338195e+01
3.930236282602199083e+01
4.123807888141301703e+01
3.832858323887806762e+01
4.017330849042057395e+01
3.814358579541259076e+01
3.977269203068697578e+01
4.225399482158570663e+01
4.138115532357496562e+01
4.232369588828509421e+01
3.961691660387865710e+01
3.647855998636746477e+01
3.829753806287653362e+01
3.893273251951704594e+01
3.849150368457971894e+01
3.886021811808836901e+01
3.953352365176701966e+01
3.750870729288960348e+01
4.125191884353966998e+01
4.040168206957402930e+01
4.072285162134338776e+01
3.823592360451374361e+01
3.624361713656162465e+01
3.836446039422455812e+01
3.504646112520348566e+01
3.785552299152608668e+01
3.836675819228612738e+01
3.977039563549224965e+01
3.875728830281347115e+01
3.987630354887063788e+01
3.791443267580973497e+01
3.869749830999700180e+01
3.866010122648207670e+01
3.977763438774427129e+01
3.863793299017228122e+01
4.113364449597069950e+01
4.067393011599238406e+01
4.024100524222190955e+01
3.663455048837283812e+01
4.012429702766008432e+01
4.040584373931753959e+01
4.199215890937897200e+01
4.068587869193078888e+01
3.924715308584487872e+01
3.926393885254451988e+01
4.050807803297945497e+01
3.942752203716690218e+01
3.864474663087976580e+01
4.277843919187111510e+01
4.006271812232540697e+01
3.838188577743991203e+01
3.680152655766843139e+01
4.141783241060124965e+01
3.799716701431298560e+01
3.880224366865948582e+01
4.114712539917989886e+01
3.949607027794584724e+01
3.796055316028515847e+01
3.958297900355353249e+01
3.976024131479218227e+01
3.695036572712563583e+01
4.057669100525501449e+01
3.831627126082891976e+01
3.880804453010348709e+01
3.906208368737749481e+01
3.920183383692312162e+01
3.922761842820221290e+01
3.908126321576195039e+01
3.901855333713904628e+01
3.977656085177226686e+01
3.824645886332399414e+01
3.849782799520179566e+01
3.999411501614728337e+01
3.670064558451701231e+01
3.971486748145625256e+01
3.967216706408522953e+01
3.799982059806499279e+01
3.883480116655686487e+01
3.677440183316117839e+01
4.279795250149638974e+01
3.815209323177934664e+01
3.979339210182451581e+01
4.061509907870753011e+01
4.086229205873183901e+01
