3.655130958282936149e+01
3.612485701440441233e+01
3.538526995313360146e+01
3.721388758224632909e+01
3.521128624202501811e+01
3.574516701990300049e+01
3.829028773099080496e+01
3.614696831820783984e+01
3.640500152000399225e+01
3.916591072464235168e+01
3.661390285456965188e+01
3.594260251580671195e+01
3.725084270721592361e+01
3.810312924619396568e+01
3.809614119850083824e+01
3.617718029618249176e+01
3.502269788276544915e+01
3.810949816505375054e+01
3.481903114971058244e+01
3.698672297372825568e+01
3.546870235016543660e+01
3.592238379011600102e+01
3.804540087674406124e+01
3.709389898495913229e+01
3.923561733614408809e+01
3.583941298939745224e+01
3.810439325377807052e+01
3.741535331815058640e+01
3.581020544172154274e+01
3.647495116763206369e+01
3.630863281049265368e+01
3.929458356026326271e+01
3.228524107223348238e+01
3.542408379601101132e+01
3.647057568135261363e+01
3.793118400162967419e+01
3.581052023290268238e+01
3.687408524028938928e+01
3.819993169483360163e+01
3.818804242995970100e+01
3.536280473832846383e+01
3.745136578467543842e+01
3.570899286975426890e+01
3.921451265232799699e+01
3.602542482448406247e+01
3.712467077570359919e+01
3.390999616812030126e+01
3.628384170590151570e+01
3.742359064294286952e+01
3.816279444685095257e+01
3.577020745960243175e+01
3.730829560153963342e+01
3.622120341808125232e+01
3.668590009440173816e+01
3.749910097016209676e+01
3.900087094370672247e+01
3.533396622836551870e+01
3.464432148970851699e+01
3.702425603319879599e+01
3.736011871148024710e+01
3.640620238089455540e+01
3.862918235459766692e+01
3.707345009649161227e+01
3.832436793097814132e+01
3.725114030042891500e+01
3.741976835351159991e+01
3.676080834580915990e+01
3.549838507516484043e+01
3.636276696911263429e+01
3.784515137894661763e+01
3.839151715616442573e+01
3.916632512145427825e+01
3.988209981973829343e+01
3.660832915859359105e+01
3.528593903591285397e+01
3.670348321772956979e+01
3.716635234790930298e+01
3.741733403849570294e+01
3.563968059457122450e+01
3.759601546600498523e+01
3.529905681078127344e+01
3.467404332379192766e+01
3.636565164109133974e+01
3.891002818389574003e+01
3.743285157988240996e+01
3.494552458025145114e+01
3.655119534873259823e+01
3.745289022807556023e+01
3.611632671809551454e+01
3.881480278108517012e+01
3.529478240388700527e+01
3.811312374424224458e+01
3.660473403328566633e+01
3.665837248856971087e+01
3.696578995824106784e+01
3.428035337948735872e+01
3.689395451293359685e+01
3.588166609805500684e+01
3.628281907120244654e+01
3.587263625701915970e+01
