3.819548137453461578e+01
3.882719359368933709e+01
4.099718024394268667e+01
4.125281855541545895e+01
3.815029684391300435e+01
3.984921077598851014e+01
4.031460076567454109e+01
3.816790209412005908e+01
3.750979213435714854e+01
3.953835157717843174e+01
3.720002457686023689e+01
4.008587703579148354e+01
3.920801783434647092e+01
3.840325224992039921e+01
3.897574634146241124e+01
3.783118229569905822e+01
3.859933451589308362e+01
3.731336793323022505e+01
4.088805979618432218e+01
3.728155572321308142e+01
3.874976922750804675e+01
3.913382812846137426e+01
3.974607890011169076e+01
3.911134146536192446e+01
3.935535387024448539e+01
3.507178609767900213e+01
3.769648776890646502e+01
3.841750642442367081e+01
3.866220164722479069e+01
3.746294240332977665e+01
3.870370405019843929e+01
3.849044850358063030e+01
3.875142877910716521e+01
3.650453749418348082e+01
3.902636775907556910e+01
3.582450088747982164e+01
3.878586145743076941e+01
3.788779097698547105e+01
3.763357111777955311e+01
3.835428056264284891e+01
3.664258192052892582e+01
3.708711091539528582e+01
3.770713067980200606e+01
3.772470589182519518e+01
3.912652194531028726e+01
3.954195535351674096e+01
3.769052390778606565e+01
3.844770809187664184e+01
4.048000218910733139e+01
4.111885244407608297e+01
3.775194667385831337e+01
3.757655799334258973e+01
3.936259236384846361e+01
4.041766661055181942e+01
3.825160341205973680e+01
3.964806986980962478e+01
3.736349929731655806e+01
3.771466042224596293e+01
4.149610367193110250e+01
3.813926814240024044e+01
3.785361328302087713e+01
3.831639469796068909e+01
3.648765268079597490e+01
3.912056480302092609e+01
4.044342058443880461e+01
3.502431574160915773e+01
3.964264868081664872e+01
4.151674408921761739e+01
3.906418457854552173e+01
3.815927894843256496e+01
3.804222725720444487e+01
4.046030107011313248e+01
3.773620735170725027e+01
4.018557023077062240e+01
3.577925146088199426e+01
3.790855606291759017e+01
4.200226100540599106e+01
4.078743167517461643e+01
3.950637558923866521e+01
3.823130874321797990e+01
3.832968887267904279e+01
3.993032366962214752e+01
3.874040071245873662e+01
3.986000246018232929e+01
3.928090650741375356e+01
3.948218237235001027e+01
4.154415233609630320e+01
3.976942702985432021e+01
4.289365761479550798e+01
3.707100641919133466e+01
3.606825071209896549e+01
3.889275737054321525e+01
3.786934705979687266e+01
3.950145905426013826e+01
3.634664459781804879e+01
3.687223594384036574e+01
4.052442961624911533e+01
3.932746114813033955e+01
3.771768496224022726e+01
4.088647384313094335e+01
