2.613327593328539677e+01
2.692556681118908557e+01
4.338976936028343090e+01
1.253966475012928861e+01
2.447954981293178278e+01
2.377568919453691976e+01
1.953964964216454447e+01
3.877257497298013789e+01
9.760361761420007554e+00
1.263832405875905884e+01
4.386903863128758729e+01
1.277597126234600289e+01
2.830941117533349427e+01
2.740789788676656968e+01
4.299898392978789730e+01
1.434356300820358499e+01
2.689472660784245051e+01
3.980770759926627989e+01
2.255581793790428335e+01
1.303465331591444176e+01
4.432072979890025977e+01
1.091782917013199139e+01
1.398963306948741447e+01
4.138073484885744335e+01
2.247266064510819916e+01
3.081967006242219753e+01
1.115540274026709433e+01
2.097014243238704623e+01
1.493969548092667843e+01
6.797126193486945134e+00
6.283081925055698846e+00
2.483614913785421408e+01
1.709894323235543467e+01
1.018986042841473250e+01
4.559587901683816114e+01
9.958494713243368324e+00
4.451279654294983601e+01
2.579195001475051185e+01
8.990397189622694185e+00
2.223705259623243080e+01
9.925838789245290172e+00
4.323370076011538998e+01
2.538931207360940689e+01
3.901124264010715592e+01
2.052787657145265854e+01
5.466520604365393332e+00
3.668807417865167508e+01
2.817186845301687370e+01
3.058715924508814510e+01
1.547916912330008898e+01
1.412446714385098545e+01
9.837881649098761727e+00
2.695427330342214134e+01
8.877498463349333235e+00
1.433503989747496199e+01
1.399145455853167341e+01
2.240547534982662370e+01
8.077277441932833923e+00
4.407172481189418534e+01
7.487165408852459514e+00
4.166153388350625164e+01
8.835366619845405722e+00
1.795512458561420033e+01
2.993758125085798127e+01
1.483024480911380039e+01
7.512285079904388319e+00
1.352853870949529913e+01
7.409899681467841503e+00
8.278322766036112057e+00
3.634950437759055575e+01
3.425131745876045386e+01
2.568564753286452174e+01
2.240140061348901312e+01
3.819756969067038455e+01
2.929187295701981597e+01
3.911710996446178967e+01
1.237916194056196950e+01
1.511110674588110037e+01
7.854284228125527179e+00
1.254517704424578284e+01
1.712510725606406936e+01
2.733322954560899021e+01
1.714989737600757991e+01
4.867258759138194613e+00
2.100061294720790528e+01
1.941029852135061162e+01
4.321607533895134168e+01
1.518074384805796306e+01
1.121393853900742066e+01
1.481666152515031243e+01
1.044709793015445776e+01
2.503854520449552368e+01
1.401956280801165811e+01
4.548587743437942521e+01
1.217820090547860623e+01
2.093559954017303326e+01
8.498745706957805623e+00
2.751989662611411802e+01
3.312353242963882138e+01
4.225581337109163371e+01
