2.455500004985159634e+01
4.552450966702976842e+01
4.424602676626718534e+01
3.949468690549768723e+01
4.510593824574652899e+01
4.522489931087835657e+01
4.496255353282419520e+01
2.974118160148490730e+01
4.477972164014997958e+01
4.193551228787863749e+01
2.894955622259875128e+01
4.289569215701887828e+01
4.399051660025618560e+01
4.494495751244454596e+01
4.417158543761807721e+01
2.503916824809605757e+01
2.686590259941882053e+01
4.477720436850456309e+01
4.473235198519824252e+01
3.231117996934966641e+01
4.363405116254348570e+01
9.598923473131328876e+00
2.759604985637984598e+01
3.030488896445334390e+01
9.946215001150065405e+00
3.268955136045818932e+01
3.737043536918923081e+01
3.144531541050638168e+01
1.845746126153563083e+01
4.375728001405368417e+01
3.742078303977905307e+01
3.600515458304781191e+01
4.418255068848810652e+01
4.086485890967092871e+01
4.631412889611713268e+01
3.963717353907502883e+01
4.239563151848873446e+01
2.518063724059606656e+01
2.307884510833043734e+01
4.259023169307248224e+01
1.274166812257537451e+01
4.430898033577026496e+01
3.445099093823386482e+01
6.846630703091099335e+00
2.831480075665307794e+01
2.291111015417606822e+01
2.456651586084542060e+01
4.360560425930525241e+01
4.252236292092645442e+01
3.390367032020866844e+01
1.760936115093484844e+01
3.916690678483632126e+01
4.059479991366888640e+01
1.474869235030707060e+01
4.408006726528135033e+01
2.467793493517295289e+01
4.131107330545073353e+01
2.799898612011926957e+01
1.490838044088261682e+01
4.302652470473081792e+01
2.741826875577710965e+01
4.356174897800594437e+01
4.358894937234103395e+01
3.966846642308433957e+01
4.405658620750475762e+01
4.601043606647414919e+01
2.589544888702894809e+01
4.403833589357626010e+01
4.501118696390441443e+01
4.354698663975752737e+01
8.213921027279567966e+00
4.259970270542681448e+01
2.154210381021907494e+01
4.077374921478511993e+01
2.951766523976792911e+01
4.148092106630044640e+01
3.984009236142907184e+01
4.470857960713225054e+01
4.351787809036702015e+01
4.199445057880792831e+01
1.246842807709911050e+01
3.257479929489554138e+01
3.411314536688149701e+01
4.289408664771746515e+01
2.746356637107947307e+01
3.476869925514027670e+01
1.537856892969806921e+01
4.306715987446399652e+01
4.497070118770255220e+01
3.085814917622307973e+01
2.477035505135501836e+01
1.203265396142636412e+01
1.460047794999600868e+01
3.153720167245250039e+01
1.470247438238588522e+01
4.126108780209136739e+01
1.120501240289519096e+01
4.365180322348840036e+01
4.375630870185536736e+01
4.308351643045499912e+01
