2.729409117524478745e+01
2.954543958420601868e+01
4.533771363470156501e+01
9.224841406832309687e+00
1.788124170228941523e+01
4.611494166547811346e+01
1.519519382819202313e+01
1.451046269955291379e+01
1.886639228508382615e+01
1.191164210418781799e+01
8.962998967507537884e+00
9.767373318259153336e+00
3.393318145258185581e+01
7.351436653627765772e+00
3.021578764963610553e+01
2.298577461385542264e+01
2.317455886210749583e+01
1.592198099273648815e+01
2.025777388579266614e+01
3.152504441300398952e+01
1.712839711897605355e+01
2.301996838221376507e+01
1.341919183898333046e+01
1.329641114200215135e+01
6.103104797819882243e+00
9.928712805693240995e+00
1.219853067489064102e+01
1.355515265027622895e+01
1.377898875213476337e+01
4.531782128577202684e+01
1.890828293874960764e+01
8.202976675576765686e+00
1.001045044740352452e+01
2.049632973370352929e+01
9.824324696700298176e+00
1.891701374153639748e+01
1.109604202411656004e+01
1.192460726343821698e+01
1.240513934252714279e+01
6.819534773343767675e+00
4.069085874444486706e+01
8.760963110654460095e+00
1.269198416558027276e+01
1.012855562245973395e+01
7.604128969757431022e+00
4.190557417644797056e+01
6.493671347972861163e+00
6.728092346120376988e+00
1.220327115093923354e+01
4.393304999947332590e+01
6.583763268322785578e+00
1.185885536984628175e+01
8.159728123044500236e+00
6.043420459089289487e+00
1.175863748067311754e+01
1.569522309049200892e+01
3.241188022941765468e+01
1.651214814121584240e+01
1.679631532050444065e+01
8.457753580126977866e+00
4.597325401711934489e+01
3.363574238471498745e+01
1.129177915149494460e+01
6.889440859440756348e+00
1.740793520309286535e+01
2.273527748214763733e+01
6.384659768335023244e+00
9.419991967435931812e+00
1.315676940906246806e+01
1.852656409847276109e+01
1.342976911218990921e+01
8.709188534474028742e+00
3.833707485103958135e+01
2.470160914413845532e+01
5.855770463731093223e+00
3.880490099737499321e+01
1.203200569541086828e+01
2.366750340284663068e+01
2.552906474028475614e+01
6.051293196257285345e+00
4.418834725520376594e+01
1.386651071972200810e+01
2.208665925900074711e+01
1.382098317983681746e+01
1.725810896310961340e+01
1.401355974725466957e+01
1.249280320538552047e+01
1.522300782584600576e+01
4.816819986210356674e+00
3.185290145447998356e+01
1.336670427542288664e+01
2.604576335540604504e+01
6.519425470701007086e+00
1.562229890926263920e+01
2.778986017382100471e+01
4.909333709914434074e+00
2.114919779463422955e+01
4.224364772999429363e+01
7.491758987865433816e+00
2.916747964183635489e+01
