1.745614010153567719e+01
1.641445839744929813e+01
1.725673298328206329e+01
1.711015141554932839e+01
1.712247624585546646e+01
1.701954438497881483e+01
1.709225854475862505e+01
1.701622632918760658e+01
1.728740694911654430e+01
1.713171820768742037e+01
1.697690472385355420e+01
1.721651056625913512e+01
1.730935593323772181e+01
1.691364744950607246e+01
1.729622441029899349e+01
1.768660836347696375e+01
1.719519836447171102e+01
1.714493024495595108e+01
1.706039424629766188e+01
1.701946076426491672e+01
1.708505435048716947e+01
1.719473416154409762e+01
1.743469703830746553e+01
1.690493889915871151e+01
1.680933463161170138e+01
1.704127311633760655e+01
1.679290070570899474e+01
1.697384082943954908e+01
1.684199189882867742e+01
1.668053083847582130e+01
1.701658963607645347e+01
1.688743514336365692e+01
1.683493710170188251e+01
1.714762453895559347e+01
1.705157095379524890e+01
1.715903601870578044e+01
1.706698187411299728e+01
1.756135270806423776e+01
1.669028846195268656e+01
1.690663108377973245e+01
1.696276905471247431e+01
1.707223698853983862e+01
1.686000780016644995e+01
1.744842883815014289e+01
1.704152931735715271e+01
1.738956040630425903e+01
1.700508057520677951e+01
1.702968832632300078e+01
1.718909655238105572e+01
1.731858592801752650e+01
1.729853047549720202e+01
1.690082722936385906e+01
1.710114686769158965e+01
1.696322923483475265e+01
1.690640615849705242e+01
1.746322279796726562e+01
1.726323362009071261e+01
1.669031088334745405e+01
1.676517609410544196e+01
1.718703814867670587e+01
1.733078596155431939e+01
1.704937445357483838e+01
1.758190520746741115e+01
1.716778987897156483e+01
1.741096839143703434e+01
1.718644114383507926e+01
1.683612989781228819e+01
1.693155288743862386e+01
1.732415060962330600e+01
1.723986285826244469e+01
1.720336187742551104e+01
1.710689338264623771e+01
1.712447105431594707e+01
1.741633624742475916e+01
1.717944416388569095e+01
1.737315168727892001e+01
1.743891730552529040e+01
1.703535775019795295e+01
1.741241851896774406e+01
1.709567411325460995e+01
1.731579346499908567e+01
1.675031932326364270e+01
1.714859444581570358e+01
1.708926921078966643e+01
1.719802749550768084e+01
1.692510062424711847e+01
1.666402271821159431e+01
1.748048796544275518e+01
1.714254944795391467e+01
1.714294080157791100e+01
1.679007164162031174e+01
1.700527622570464814e+01
1.748621320021431558e+01
1.723353556627272454e+01
1.684876682720994978e+01
1.723833494376595254e+01
1.724379128701225383e+01
1.718835525606342429e+01
1.686714325767254152e+01
1.697837813038506027e+01
