2.046008668260954977e+01
1.546036238883955249e+01
1.405932083643536323e+01
3.727730581317121050e+01
1.602918818275382051e+01
1.007083547959470238e+01
1.922510841325898667e+01
4.016865375397319582e+01
2.968455162666688096e+01
2.234820768285529979e+01
2.704376129603351586e+01
1.624144168222847284e+01
2.343134812858743743e+01
7.480655764110513140e+00
2.348123894629776132e+01
3.822078474060800346e+01
1.983960451455486762e+01
1.297459954079643829e+01
4.238963775630349318e+01
3.774993115355937334e+01
4.232067133322661334e+01
4.563493032557435924e+01
1.214748162106358542e+01
1.408960924464087405e+01
1.736262259324911739e+01
1.161357907079288587e+01
3.874413780476415070e+01
1.641585411578327935e+01
2.131434530215222267e+01
6.630444625231737277e+00
2.246893809217419857e+01
3.229967678273601450e+01
8.708631049662104218e+00
9.979367691285613517e+00
1.104312952771788936e+01
3.063167831494336824e+01
3.367328649256644724e+01
3.528277586282936085e+01
2.482852925381756037e+01
9.309633130962142289e+00
4.330178928890084933e+01
8.938264628066569628e+00
4.979853411230205751e+00
1.085560355318940395e+01
3.895102762283904241e+01
1.021173468973269927e+01
7.913498209092447944e+00
2.793711854228852332e+01
1.143510503403292233e+01
3.253062780042074564e+01
1.533426187850115774e+01
1.082785455493476157e+01
3.375566046953822230e+00
2.541056387860160015e+01
1.351429716300890682e+01
3.809690695498079549e+01
7.463323980025091231e+00
3.230560573233557875e+01
2.399859164100814723e+01
2.483198857690299732e+01
3.032343665288017576e+01
4.142351340013775030e+01
3.682038589368160331e+01
4.405684167226502268e+01
3.742017483135845879e+01
9.030534498040974967e+00
2.115662288845485151e+01
2.373321849976166575e+01
4.255015209604493265e+01
3.482894724842636691e+01
1.504155676031794187e+01
1.018722791485530799e+01
3.171004238296631073e+01
2.607835947600913329e+01
4.031540814862881206e+01
3.706418477665292954e+01
4.175422012198324495e+01
1.107358450546426631e+01
1.039706756515338526e+01
3.783153518372748891e+01
1.207496689510787569e+01
4.551756139347988039e+01
1.556707941782710947e+01
6.786231598062944848e+00
4.289134265332734941e+01
3.641873100542855468e+01
4.444010851352589242e+01
1.950037160069197029e+01
1.630967019885626357e+01
6.558864717939878020e+00
1.447004555851371066e+01
2.032978334431804868e+01
2.128079156211262557e+01
1.144994560345150703e+01
2.650649179540806344e+01
4.389730906549856826e+01
2.593029200816289048e+01
2.410303320023346885e+01
4.291520937025970994e+01
1.266068493218568491e+01
