1.710130079767937517e+01
1.728582127866382123e+01
1.691455363719174798e+01
1.746193068803861692e+01
1.725106225675907723e+01
1.726540819790558601e+01
1.777945249601340549e+01
1.753275221722808297e+01
1.777354300763637696e+01
1.734554932427447227e+01
1.764306979767121675e+01
1.725957475934134422e+01
1.748716317813023480e+01
1.770663593683131865e+01
1.782064075611349097e+01
1.699169043571194493e+01
1.716528165877519285e+01
1.735825823213910724e+01
1.735569717928825639e+01
1.726061936832309485e+01
1.692028395752052461e+01
1.742976540668715657e+01
1.703796772198791487e+01
1.749594686714333491e+01
1.704787927748393983e+01
1.726501017121093184e+01
1.720165989686346464e+01
1.734935523828883319e+01
1.777627860600285459e+01
1.778787602968838399e+01
1.730225556947989318e+01
1.741542491694304928e+01
1.714455785566608981e+01
1.754683710812629727e+01
1.719122861218687248e+01
1.750562228967526934e+01
1.727411916478613207e+01
1.725530930560906029e+01
1.726641898918451545e+01
1.727521782365585779e+01
1.706970336831618340e+01
1.743674822176227579e+01
1.746695487194998364e+01
1.790218385779545684e+01
1.713681660167413412e+01
1.752097637514103567e+01
1.741905761608825998e+01
1.767235506349206631e+01
1.746815712972687962e+01
1.754966868545488623e+01
1.719588930310466424e+01
1.734416307886329278e+01
1.736049541012532060e+01
1.776374747034872215e+01
1.761186691045836028e+01
1.794743752202389331e+01
1.705949037829661208e+01
1.724707477635384478e+01
1.714473236796543532e+01
1.766549407315628528e+01
1.769398802360911915e+01
1.705846381719595684e+01
1.696470805500837287e+01
1.730272639769381371e+01
1.743885047375430020e+01
1.735544930111841921e+01
1.760474316937668604e+01
1.767049068906439402e+01
1.746257399056144521e+01
1.714691653294470797e+01
1.720164240459401483e+01
1.752567105788637392e+01
1.741647988931570978e+01
1.729466549830158328e+01
1.715313196941719909e+01
1.719705996698630557e+01
1.695929218293996499e+01
1.717011864393227327e+01
1.726577728339419338e+01
1.766596096037711661e+01
1.763569321442417603e+01
1.745326881673737063e+01
1.723810439781163595e+01
1.739144128123885480e+01
1.771117424724400280e+01
1.738561127834454112e+01
1.753227364443757352e+01
1.736608671309070928e+01
1.692013623532885447e+01
1.762059293250892367e+01
1.719480356190211623e+01
1.788386929411382908e+01
1.739821818200093162e+01
1.748529240342315205e+01
1.766138066857386946e+01
1.740076906262847345e+01
1.752663312352629177e+01
1.751768996316966209e+01
1.727320427436400152e+01
1.714484349150943743e+01
