5.091200695277596111e+00
4.652170076794944542e+00
5.292745805815086690e+00
4.182215205955658099e+00
2.664950286462337559e+00
9.796401492009968237e+00
1.436342693468348486e+01
9.259406247110240074e+00
3.358898553329231706e+00
4.349931583771361687e+00
7.966251644322942305e+00
7.496429324205102773e-01
1.599533805202051795e+00
8.561893462227937235e+00
9.818517399256261768e+00
6.014627210435296689e+00
3.264275091058350231e+00
8.146835996828897919e+00
2.895506520742855194e+00
1.637654131200750651e+00
4.445929282313430875e+00
4.856398379264126319e+00
9.210213257659370933e-01
7.352654049092158139e+00
6.021636403468533238e+00
3.137585898524673844e+00
1.289536553293098642e+01
5.059747092272493418e+00
4.151282637800046693e+00
1.858374236693178139e+00
2.640686957748337615e+00
2.625587275637605078e+00
2.502238125573254202e+00
4.518439034196506832e+00
5.910800304277863404e-01
4.064952112936616402e+00
2.610380119143683508e+00
8.385975469292050732e+00
1.319460020383472276e+01
8.537832109457951901e+00
3.678593723106577951e+00
1.280826740073978876e+01
3.149749851061049100e+00
2.136372145739084161e+01
9.736146513179786410e+00
6.633918970749447475e+00
1.362785075880844632e+00
1.201391146026308476e+01
9.390126000202048573e+00
9.154072455266668129e+00
3.428764769913633881e+00
4.968893055453008856e+00
1.721736551011738392e+00
1.134282264338668522e+00
8.066306049945048073e+00
9.838523254491066794e+00
9.651535441865624065e-01
1.291466527073023896e+00
9.242601863185159417e+00
1.046942969396055823e+01
1.317663819387863589e+00
7.274986228027138235e-01
3.056288847624526461e+00
6.882337737294349722e+00
7.603431813883634760e+00
6.351004304342041884e+00
1.823462263780310399e+00
4.643152593470799339e+00
1.030667393406903010e+01
6.900505722739989523e+00
2.917010409139929816e+00
1.158583990148746912e+00
1.396482273930452678e+01
1.287224019296250743e+00
1.177232136772485305e+01
3.318425032511396200e+00
1.374948368706924029e+01
4.962087769221783518e+00
2.660750387346114021e+00
1.310583913199040884e+00
1.673876544027255608e+00
1.364967946738831195e+01
1.305432715454097981e+01
4.250590322318256398e+00
9.591016008597135212e+00
5.239792514812838142e+00
1.848478496553742412e+00
2.707186717383228469e+00
5.746301039641602770e+00
3.154178421166871971e+00
4.434046788468759104e+00
1.269063186555610301e+01
1.131170986566727432e+00
5.359421987216166805e+00
8.392205366067051031e+00
2.867090047862622004e+00
3.211008329125665473e+00
1.533440274050297036e+00
1.187038879424129512e+01
1.986095517568115199e+00
