1.607593815710756502e+01
1.184921738082993770e+01
9.624486498749854846e+00
2.601627271445078993e+00
3.751663165355483276e+00
1.216060411685340625e+01
5.990745538672870296e+00
3.688736099655178791e+00
9.158941642229731173e+00
8.233130999448624365e+00
1.623265635013546770e+01
2.023450251613071238e+00
1.058494379660166551e+01
7.461349182768830524e+00
1.397303456514820041e+01
2.985536761033929842e+00
4.598702469370454793e+00
1.177082761051810866e+00
4.250261425043160735e+00
1.452365404173812991e+01
1.151775562625470428e+01
1.235226997259459614e+00
5.408209917864577498e+00
7.893612928978831711e+00
1.486771887479384091e+01
1.806270212952905041e+01
5.560683945076387857e+00
1.099930196213471412e+01
4.386411757040940884e+00
4.670667675831803756e+00
6.013246200366089589e+00
8.946090336947655430e+00
7.833404706816303076e+00
5.759991792926342669e+00
5.561989140911961726e+00
2.432597345062228023e+00
1.971477242007058805e+01
6.077709940648060361e+00
1.623149935768637420e+00
8.552553976247917689e+00
1.058567130847294147e+00
6.907476783367934914e+00
7.615683784394328804e+00
2.214013690717385519e+00
7.684197579162441727e+00
3.616431186320149038e+00
4.487864228862741278e+00
8.673611401440508573e+00
5.941163633766918473e+00
1.812833837898308076e+01
9.165569008571340603e+00
8.401486114579091335e+00
6.717644070013546020e+00
8.204393340482186048e+00
9.242631311917234527e+00
6.755238097629888472e+00
4.904434566381551619e+00
1.437265244046873747e+01
5.809040859934233580e+00
3.575163888657928446e+00
4.586160626917314964e+00
4.016480113778609251e+00
3.385015301205394955e+00
2.541426426643962788e+00
7.039090105855135171e+00
2.814862876814582915e+00
4.714904229340108444e+00
4.569834481887031785e+00
2.018588783217769578e+00
8.331048578263258619e+00
4.783552295378905583e+00
1.374109702188209958e+01
9.515588346598248037e+00
6.553706683507543929e+00
3.945785331495713866e+00
1.726189578616035725e+00
9.955179057865573000e+00
4.017646975156861977e+00
1.188168695601775759e+01
5.551872150522680016e+00
4.089111955209993710e+00
1.727488279260117920e+01
4.135019851553464854e+00
1.261638593553464638e+01
6.689969368969189034e+00
7.363604205962144711e+00
5.758429881085598723e+00
4.455876061701978585e+00
1.186713119862981713e+01
1.110384390472614058e+01
2.171250857809589263e+00
1.895216625472777139e+00
5.127580674645186853e+00
4.690664834327519905e+00
6.038751868827332281e+00
3.773285359698799635e+00
1.480406463586274235e+01
3.776000411021271042e+00
1.160663340154627932e+01
7.751792189661228072e+00
