8.173389201777284896e+00
1.592744840774541082e+01
2.164821346720687245e+01
5.028523017829761521e+00
1.472529128880038307e+01
6.901023892365532930e+00
1.013373911679304129e+01
7.978204087882839524e+00
7.339434265731093809e+00
2.157926187564385145e+01
2.374888592674458110e+01
6.305045806833123656e+00
1.372075990885621444e+01
8.256298131289252495e+00
8.173900828019162290e+00
7.578656105051080338e+00
1.066165758727031232e+01
5.319991328228255156e+00
6.232957495648511426e+00
6.984159365088037141e+00
9.939816083993093798e+00
1.700158948200033215e+00
4.800118120402975030e+00
1.416622809188428889e+01
1.013993045918947011e+01
1.873568658191681990e+01
3.663121480160661303e+00
1.172815913684397948e+01
9.781165568456934523e+00
3.907295002099177683e+00
2.916900070431331038e+00
1.429498742593951022e+01
8.741018688060881558e+00
7.752836832444297777e+00
1.315593181367832543e+01
1.025461444768110653e+01
1.261549390178039154e+01
5.545133366843085554e+00
7.417407654955044727e+00
2.341966618726683436e+00
1.713413833804174402e+01
1.458275356875914319e+01
6.705657401534526940e+00
2.421097835515688956e+01
1.816986088968038260e+01
7.176435890347206303e+00
1.166462571525049974e+01
1.296680244143723826e+01
8.121291017268681856e+00
4.327366617995939357e+00
6.668367640461532631e+00
2.134448727898649523e+01
6.117571146642011293e+00
1.606820104460712528e+01
7.891698359640622940e+00
7.479184105568852381e+00
3.050395865758946456e+01
6.679793821018340516e+00
1.118293067592346546e+01
6.658010161519089642e+00
5.059883122003089539e+00
9.589284536937377368e+00
1.565029784529862411e+01
2.787269864062650981e+00
8.044128923041670376e+00
1.958545912334870565e+01
2.998128588215150714e+01
1.179284259456943929e+01
1.746056602367568900e+01
2.538876601165652058e+00
7.126343458393809449e+00
8.199133513339655011e+00
9.262108741573909398e+00
9.040952778589902650e+00
1.975492205063563134e+01
9.467919905716987827e+00
3.376725195104843369e+00
2.116313820902071541e+01
2.686771540551043813e+01
4.353642785435763329e+01
2.489181298786529695e+01
9.757677464233958986e+00
1.708608213645412732e+01
6.935532269128465543e+00
8.196681526524994155e+00
6.420669816053621304e+00
1.192891330330206046e+01
1.143591849882351497e+01
9.064393811218721453e+00
8.268591503731796521e+00
2.828112124393772131e+00
9.098697812910094385e+00
1.876614845130201914e+01
6.020172514038162781e+00
2.743438186054803296e+01
4.122250091828209229e+00
6.587267599029543952e+00
8.978724843505391462e+00
1.912513081912760171e+01
2.660742172578873266e+01
