5.297442901610232902e+00
3.910831374285210327e+00
1.565650987327447830e+01
1.465632456345868206e+01
5.962986710882255181e+00
5.424557108919402459e+00
6.256599637812678694e+00
7.233171373063252751e+00
1.309210820330504177e+01
6.664470532203978337e+00
2.825260500687028298e+01
1.201388202943921613e+01
4.796110827809980215e+00
5.281834615422894785e+00
8.258068938273181558e+00
3.727815285883093743e+00
5.731072921838604728e+00
2.041976622299378707e+00
1.265608614810115817e+01
1.074932728827206851e+01
7.808232245897932522e+00
1.188803193188368112e+01
1.446012272162410639e+01
1.308835135046747844e+01
7.484441418030852056e+00
6.421346135053042303e+00
1.263485431396839687e+01
4.677090606682168250e+00
9.464425732807640657e+00
2.142345721677033765e+01
2.283749124683019716e+01
3.768662431130505031e+00
1.074860567575313652e+01
2.324994154010528291e+01
5.369852566785922932e+00
4.183416235897671420e+00
4.107184405966847862e+00
1.194336207864897581e+01
2.739316740155507635e+00
5.536392477666598033e+00
5.333259450144419489e+00
1.552315028863044333e+01
9.752484858886061758e+00
6.916583608212907741e+00
1.097343530115385413e+01
9.072923428022232173e+00
4.923002575043502915e+00
1.020991563029637383e+01
5.801103169541110383e+00
6.986534684918957794e+00
6.143312453347306246e+00
8.133961935870024362e+00
4.117347247868137217e+00
8.637748374015050246e+00
1.338224689029160430e+01
8.147878185429837217e+00
2.301087409605918843e+00
1.871399195793531423e+00
6.917609047304850378e+00
1.953009368034983240e+01
5.050805319316529207e+00
1.750130272899159678e+01
5.110588756550636269e+00
5.768966227431294058e+00
9.233954722233791657e+00
7.536436510330510430e+00
8.032327807818186116e+00
8.238032913937079371e+00
1.154644356773729719e+01
5.013890956306052971e+00
9.095570913288785420e+00
1.835434871338959439e+01
4.405624625570967901e+00
2.867418400114209565e+00
5.978496201206388250e+00
4.424102611286611086e+00
1.183060282520033546e+01
1.106170465970205719e+01
7.536963035314780512e+00
1.068286644854910250e+01
1.115615623793856592e+01
8.106192621503499396e+00
7.032607184788410848e+00
5.627453214018442118e+00
7.260059322673546589e+00
7.735842310855783666e+00
1.499885978008922471e+01
8.205336593797182942e+00
5.517517678807827508e+00
1.274828796719391022e+01
4.529700515669825123e+00
1.457010755272520086e+01
1.014568889323094680e+01
1.228568918856380421e+01
5.657314538664541814e+00
1.312924536441691892e+01
4.552428002628676751e+00
4.697564175207889825e+00
7.166410682753435957e+00
8.625425909866550001e+00
