6.653634697885938420e-01
6.246275652020762514e+00
1.150755861571954641e+00
1.759298660971944095e+00
7.230318448942737453e-01
8.768324013067653411e+00
3.523516158812682875e+00
1.909810097818575469e+00
7.339571901738619175e+00
1.028605486779730294e+00
5.267878530582338570e+00
6.452681863830277420e-01
1.110224580103473357e+01
1.044187200431180251e+01
3.113129322827711931e+00
7.080112477592869213e-01
1.441895277167086320e+00
1.415034956817619038e+00
2.262501828469789089e+00
1.142066562159101295e+00
7.005430957259167757e-01
8.443307989935837643e-01
2.798727834784472623e+00
6.729059851496825839e-01
7.910246880534631542e-01
1.160297552477107530e+00
1.842321712605417217e+00
9.234864642954996317e-01
7.141124958297282443e-01
1.949561512243722206e+00
1.469544620229577880e+00
2.308504025946460558e+01
3.226105377168563937e+00
5.589632167333455470e+00
1.205358524539243525e+00
9.446746018989841787e+00
1.543116722720270451e+00
6.791772514949656170e+00
1.680191016727036413e+00
3.243224965888091393e+00
6.418942912362433084e+00
7.194399123803224327e+00
2.112412889782299352e+00
1.125867971236262122e+01
3.474653792255022910e+00
2.023494031976851293e+00
4.972946099077258930e-01
2.711384431081408142e+00
7.694758350944579384e+00
1.374675310342286627e+00
6.246532862375063999e+00
7.185051798378064847e-01
6.324694666435513035e-01
1.244018078968484486e+00
2.597756641595553528e+00
1.230138887682607596e+00
1.491403969671042828e+00
3.604021163898642577e+00
1.835405709281908671e+01
3.774167751119135605e+00
1.323603573684779988e+00
7.520779221329704223e-01
2.498446078066452358e+00
6.982134086411537766e-01
2.252563486529590708e+00
8.202291614976896517e-01
1.201249852120411887e+01
1.738297521150580893e+00
2.099232211724581987e+01
7.071409998019896337e-01
5.828521208813418619e-01
2.292362782830660084e+00
6.969119452683908422e-01
1.113320221330737425e+01
7.611644488118295415e-01
1.161258937174660222e+00
1.838575417469044293e+00
2.274850858663116426e+00
2.515901018614865592e+00
1.412320442604951820e+00
8.978367891049202854e+00
1.084833209977424939e+00
4.602922510912766718e+00
3.040296108085008608e+00
4.390334657555498232e+00
7.801514194863755636e-01
5.695890736833156831e-01
1.945925343965593912e+00
6.751827060328239760e+00
7.259264051101410598e-01
4.078920630999480323e+00
7.165689436972860982e+00
5.399168136423530662e+00
1.391541993195970273e+00
3.190448274400377482e+00
8.422032502024993761e+00
2.396785284072512123e+00
1.845529460652678644e+00
2.211375339776310067e+00
5.265096089073509900e-01
