1.745329611563609262e+01
1.777064389912666442e+01
1.735629246788926494e+01
1.754985637461364689e+01
1.768062567563390175e+01
1.815323656007327457e+01
1.823645808498087817e+01
1.777632282501480887e+01
1.698741365814839810e+01
1.749665543158029024e+01
1.735168951154404837e+01
1.761288317236148870e+01
1.756930142923476623e+01
1.746419094684014794e+01
1.837286913665608523e+01
1.729099087622908826e+01
1.732519514612947020e+01
1.738617412626599545e+01
1.790766643549517312e+01
1.739218274893888605e+01
1.743498395838832948e+01
1.782355817387401942e+01
1.839529448515308729e+01
1.758233611088220982e+01
1.783908013284563765e+01
1.758616639211415489e+01
1.768840877611950546e+01
1.782427236162959971e+01
1.763905193633013724e+01
1.777048023184553216e+01
1.758463398552877877e+01
1.753991768193863265e+01
1.781581427959898534e+01
1.753163993020752187e+01
1.772924553528532599e+01
1.743696947259252994e+01
1.759150682208477079e+01
1.769682332841658123e+01
1.789351344199774019e+01
1.737848612690083172e+01
1.737443658981593941e+01
1.771626691648198459e+01
1.762702976926923171e+01
1.759142712754094262e+01
1.788559715817901008e+01
1.712925376835111990e+01
1.746473539969104394e+01
1.792894868864110691e+01
1.763986530492509885e+01
1.758824895120879006e+01
1.753989125915023450e+01
1.754152545514602579e+01
1.756012257490601058e+01
1.749302537250500222e+01
1.780597387676477794e+01
1.793697266939277668e+01
1.800769916803705328e+01
1.698937785863709848e+01
1.779880613435181402e+01
1.753355589081951038e+01
1.764860734020119182e+01
1.775409612076921917e+01
1.769353456291898752e+01
1.730071341240746818e+01
1.723689535843703879e+01
1.771317999924562869e+01
1.751837684758726965e+01
1.756102302754541711e+01
1.746594130127197886e+01
1.762497007369655222e+01
1.771819098676819237e+01
1.749511515675581563e+01
1.779910274077900922e+01
1.811986747642499296e+01
1.808861651308515306e+01
1.753358708255111154e+01
1.743523552329586224e+01
1.742989699746648569e+01
1.760813749890075997e+01
1.762987758226398327e+01
1.810896524352615700e+01
1.754613937530911727e+01
1.784219297113608249e+01
1.740134899756291631e+01
1.695127276922572079e+01
1.754300306634404549e+01
1.779236968778519312e+01
1.816120970198972984e+01
1.712727196549819908e+01
1.802502233912754903e+01
1.764691668280131509e+01
1.741074257294124195e+01
1.749838645846389795e+01
1.780847242249236828e+01
1.739524646671961960e+01
1.786638990095062951e+01
1.785179362965101291e+01
1.736809594104887822e+01
1.749536558625133509e+01
1.713884062684317655e+01
