3.664464963104782758e+00
1.019422886629931080e+00
6.632233860693547145e-01
2.343510999231246394e+00
4.742765581360001370e+00
6.892256222159279133e+00
3.201078248873806764e+00
5.993792980734552467e-01
7.622062174070564078e-01
1.285649321373421916e+00
7.153089269394219407e+00
1.368920918312503288e+00
8.670670018748360519e+00
5.840950793032859689e-01
4.458838571538962903e+00
1.023133885682504740e+00
1.935066334582281389e+00
7.243352231557615983e-01
9.877550812845123929e+00
6.870012947304161566e-01
6.788451203003768031e-01
6.823433055165580852e-01
1.409616362750840679e+00
3.097959124580381918e+00
1.479224495409383389e+00
2.118383925789411482e+00
4.899026863428548317e+00
1.570566657270198618e+00
4.761138679790333228e+00
1.356426775510906735e+00
2.784769513646682793e+00
6.238714140214753900e-01
3.161462779854566474e+00
1.044700272630211479e+00
1.373210706845773288e+00
5.664102851630784530e-01
1.286442338988320389e+00
3.355757852808459507e+00
5.940516292525648279e-01
1.292704107058922469e+00
2.391543869665810451e+00
1.202225258864269231e+00
8.029627901278172386e-01
1.076736439297099501e+01
1.103071303440081152e+01
6.600820365330569706e-01
1.553280733354825394e+01
5.284449302093046086e+00
5.172479218414264501e+00
5.406757067395365546e+00
7.901371904657641387e-01
5.970231540746190113e+00
5.489142181295393108e+00
7.867685489786029329e-01
4.297758010233001080e+00
1.213077856719751990e+00
1.084739273672830073e+00
9.885785159764943764e-01
2.001852019159755969e+00
1.505885906396471130e+00
4.831809733667076223e+00
9.359585101772093907e+00
2.148127733768617986e+00
9.992767374636348787e-01
1.113923134861205533e+01
1.576972725965942068e+01
1.968491449743568822e+00
1.549412137173619586e+00
1.511127782217601467e+00
1.819644514342871489e+01
1.367828087581872687e+00
3.069614410897565815e+00
1.878474023869618037e+00
1.011164467471034945e+00
8.643205969698167790e-01
7.933017847930742272e-01
7.893129441580048145e+00
2.142659588193433606e+00
7.110626145279301369e+00
6.967450533862560302e-01
4.116956032718706915e+00
5.859179246982177958e-01
4.931485696562799781e+00
3.561024550495737628e+00
3.634761827631762809e+00
4.770769451557807628e+00
7.824305921871058667e-01
1.586837381232048871e+00
9.708547901533925994e-01
3.610898170563600296e+00
2.871305250535167719e+00
1.257445538126980455e+00
6.352455718834338905e-01
2.207923131061028332e+00
7.519434621067572211e-01
1.160257595112185847e+00
1.243739867445944336e+00
7.148651995024560835e-01
5.470741043017190997e+00
1.338246233719994738e+00
