3.399916505132507538e+00
2.437882734640659965e+00
1.034620925888082521e+00
1.330089767899880426e+00
1.103448787193907821e+00
2.010322007589782967e+00
6.273298614043996579e+00
6.637880903267191712e+00
3.170047825564420219e+00
1.026951340425928727e+00
1.168850895725545902e+00
3.254985531469571480e+00
1.965052067684183967e+01
2.265881591187942412e+00
7.803070616949505656e+00
2.597595384084092629e+00
1.482120132780862853e+00
7.221007822436464885e-01
8.180741607499196766e-01
1.420175555809506163e+00
3.685261782855296264e+00
3.125367081801756264e+00
2.420819383612811038e+01
1.196374070155893143e+00
2.006092129365223631e+00
9.861582021837154155e-01
3.156285632324093537e+00
1.549785623720751992e+01
8.732283483604438956e+00
6.756527686474631977e+00
1.038182174938785174e+00
1.950893680407556285e+00
6.718270510717250232e+00
1.305737421185098945e+01
1.561340786116720780e+00
1.481498706055321080e+00
8.688938588298169563e+00
9.628403105285756602e-01
1.673888486381035490e+00
9.554122657922251349e+00
9.403695450972116010e-01
1.839081615779013523e+00
2.603693560493054449e+00
4.002752581636590534e+00
1.364448663776238302e+00
1.178548212814402518e+01
3.430942998347813688e+00
6.709743666020009378e+00
4.019053095154446531e+00
5.913724592885998277e-01
3.628691229352829950e+00
5.258784061945859456e+00
6.276341585650833110e-01
6.848236709238739728e-01
6.489036363216770242e-01
6.500494770941621425e+00
1.191336176942019653e+00
4.018546542805404798e+00
8.530537585806318157e-01
5.857180223686037301e+00
1.723115595242975751e+00
5.452929110246492961e+00
4.933315675822854018e+00
2.935138886026523064e+00
2.548829447436594897e+00
1.068810565449793026e+00
1.023977402293742012e+00
9.112458464559875182e+00
2.056280038110878117e+00
1.317197069497237250e+00
1.137569711472407041e+00
1.065182543894902345e+01
5.655751672331189583e-01
1.355344815726262864e+00
4.710527659555342694e+00
5.086665380396615532e+00
1.476076618083655090e+00
6.393913923782315933e+00
9.482729328673108471e-01
6.299971845674406268e+00
2.672748776409828775e+00
9.306196081932299746e-01
3.067810816881898273e+00
2.204098242462104551e+01
5.742491700171576952e-01
1.139014174600862850e+00
3.437100791274250611e+00
4.962400097776735741e+00
1.107741108717964940e+00
4.621878161932158058e+00
3.619838463885082902e+00
3.318127866353576039e+00
5.860226639983557639e+00
4.136516705964420559e+00
2.558448605849721780e+00
6.398893671535232919e+00
1.627626498074270733e+00
7.719409538551731842e+00
1.157873133166922086e+00
2.731217256960051465e+00
