1.827457263852189229e+01
2.539701791518218066e+00
1.343154525116013964e+01
1.280957190632798159e+01
1.833843769482071062e+00
6.738052875711205703e-01
3.565878492785984122e+00
8.913625215587087647e-01
8.622207049566432246e+00
8.474822781159016216e+00
9.524655500685424769e+00
1.599966941278398780e+00
1.102363355600493655e+01
1.139790391023417948e+00
8.651512350730074630e+00
4.040614223088067725e+00
2.912830211812056813e+00
3.487075409156647599e+00
1.115616359488627696e+00
1.046598686521793553e+00
1.875403050055113097e+00
1.177051189792458263e+00
1.333589709863443495e+00
2.536886747886722748e+00
5.274589936993270278e-01
8.358053934085834413e+00
4.473415043170193561e-01
2.807701465415961106e+00
4.162171004145231556e+00
1.412724472811401633e+01
2.345083898419638491e+00
4.186880690915460335e+00
8.122388802251377937e-01
9.322108826141501936e+00
5.044871213285043510e+00
4.312096885467285645e+00
1.955780537174116152e+00
8.877177529707086734e+00
1.587782520732727853e+00
2.244905734195894009e+00
2.997448454342842350e+00
7.152397206188952694e+00
2.915047224631080791e+00
1.355619414075652784e+00
7.601755605514748382e-01
6.309430653967234903e+00
6.682004752738604836e+00
1.455937474365949669e+00
3.252736267976657825e+00
1.612686521838465614e+00
2.389737893875981456e+00
8.739153947505498010e-01
8.972844267806141527e-01
2.525192890693839232e+00
2.423038792897107108e+00
9.057216516910802540e+00
1.417518525393528073e+00
1.057741558219583666e+01
7.081813974680541968e-01
2.174244321990538964e+00
7.592825882340020760e-01
5.405765017254733351e+00
9.363402930794926249e+00
9.436770073776398204e-01
2.798584841491194908e+00
2.565208474635777947e+00
1.979871614348219122e+00
1.155456789367108161e+00
8.795491739041469970e+00
7.910061290598509043e-01
5.873848479610636275e+00
1.040966859220512353e+00
1.156751971774495402e+01
1.202116435205465628e+00
1.771381066988615860e+00
7.850089397849380646e+00
1.489013945767539049e+01
1.259454035295034524e+00
2.015769239209391994e+00
5.328833264980016304e-01
7.968051738254858796e-01
1.073194766986502513e+00
1.473426740602764129e+00
3.936059799057021746e-01
1.121462141223541487e+00
7.346369862438745457e+00
2.151072958475595875e+00
5.561953365124757909e+00
1.361612170642033659e+00
1.190257399606750255e+00
5.367274041141877339e-01
1.649803807964457913e+00
4.847104573954902129e+00
9.800327654114325826e-01
2.316282034550521729e+00
1.009786804988234543e+01
6.335662859343241804e-01
1.938928017534145676e+00
1.651344247293390355e+00
1.531765170165237055e+00
