1.156578437516643243e+00
3.322246300869835967e+00
3.467475286078815611e+00
1.731407608731699410e+00
2.302600940109298833e+00
1.252981094221659708e+00
4.647373535659811705e-01
9.875956165205544979e-01
1.204150277515332990e+00
1.055157019255775763e+00
2.086554774427205050e+00
7.831121913584040417e-01
5.605101892204754632e-01
6.438101925715015161e-01
1.077960913317712377e+00
1.205034046366560574e+01
1.425030742609063372e+00
2.612096062738407110e+00
4.971353984665385362e-01
6.563214238282866209e-01
6.273878089521979229e-01
2.016905047922641359e+00
1.332156228338182702e+00
5.885135702524063595e-01
5.528836272067280122e-01
5.414216646124629939e-01
9.394489795087460848e+00
1.628486408835453858e+01
1.387787535031842712e+00
1.041307900426002320e+01
6.579332545816823696e+00
5.995608538068850635e-01
6.823764868481677626e-01
2.194012340505931746e+00
6.677801805046046368e+00
1.480162962744275612e+00
5.537448569332327208e-01
1.881772444950339462e+00
5.543685968286756749e-01
2.489090130466343975e+00
5.405687133347265583e-01
6.134197488321662117e-01
2.557018629193759551e+00
5.872504174302190627e+00
2.011847162627398156e+00
6.166338189036878470e-01
7.395061741693719215e-01
1.904960810607603250e+00
8.472948536764693728e+00
2.266535782182010905e+00
3.923982382729837237e+00
1.038077439024120752e+00
6.489183104260246582e-01
1.385249602780706546e+01
5.391879855293943535e+00
8.464248987064951768e-01
1.189409083426060665e+00
5.074266434018361416e+00
7.519909634351056305e-01
4.863515124888611929e+00
8.609187023079201140e-01
7.481216730524653524e-01
6.260109293743332248e-01
6.853885355690099157e-01
2.281447933789075400e+00
8.724063240209968484e+00
3.211480664756047876e+00
9.231673053463184120e-01
5.143422361631996287e-01
4.726439931233964664e+00
1.099740991516891864e+00
6.583772505418859389e+00
9.552904149649612542e-01
2.958699399211941028e+00
3.298512288677900806e+00
3.257283673134891089e+00
2.535403271293640959e+00
8.784085488849080470e-01
9.220588549280855917e-01
5.762235627450642550e-01
7.288007123567777690e+00
2.551852185892827141e+00
3.078260016487660788e+00
5.280096884377343258e-01
1.343097074983515160e+00
7.917711693230705450e+00
5.842749611630390083e-01
1.593599245526642116e+00
1.396762567890253992e+00
1.341051204424207555e+00
8.689499171167228697e-01
1.309149657101325026e+00
2.042748935604841876e+01
1.433375746436805320e+00
2.096828110419808766e+00
1.721966725962226219e+00
7.548800463827390894e-01
6.028984803636882051e-01
6.988921361966864421e-01
9.091431455086825819e-01
