4.865188081047855384e+00
2.175986493669569199e+00
6.580091144716365470e+00
7.020755944965930695e-01
1.136354995882088215e+00
4.197771509316559069e+00
2.616526373353108781e+00
4.484991097796620529e+00
1.455553042052143020e+01
1.050424637456802479e+00
1.895683990029239396e+01
1.007280270186923410e+01
3.953759865010229024e+00
6.730367154237204552e+00
3.405724723945560584e+00
1.516457686331098564e+00
1.602599851156274013e+00
9.374874780187651968e-01
1.080719407298268209e+01
1.191400172707468563e+00
7.463339562351429812e+00
7.604557391612032369e-01
9.321500745739221827e+00
1.465010250009928239e+00
1.381333230963853520e+00
7.028306085444413043e+00
1.776493506706545844e+01
2.749706633708065784e+00
3.278725484417048808e+00
3.366867293570145137e+00
5.510660694835133988e+00
1.639708678805300801e+00
6.129805585216392849e+00
4.023753603103559229e+00
6.122700338599695868e+00
2.092458037557400008e+00
1.898550145253604438e+00
1.239514657221571392e+00
7.661326990759986799e-01
1.860705483665834770e+00
9.522811141004272173e+00
1.093533767987015892e+01
8.667697948349513126e-01
5.041382804457567701e+00
4.081651383980839043e+00
6.976802807108833271e+00
1.192670572444319710e+01
1.168680475132213381e+01
1.808466668432673341e+00
6.131679711501806906e+00
4.107767665260970702e+00
1.506712251987275542e+00
1.861629248629090627e+00
6.747411865896673078e-01
5.613711736407722697e+00
3.798373217551714198e+00
6.790769908185867898e+00
8.908325450335279783e+00
1.265168575930568196e+00
7.016338197372463448e+00
2.561222610125922561e+00
8.004357397258255347e+00
8.741676263301219052e+00
1.091506952637270977e+01
2.717727964133588969e+00
1.127420106595689653e+01
5.734323052147924038e+00
3.672183492894486978e+00
7.542550264020047912e+00
7.429404756461795323e+00
9.336526026415228330e+00
3.271137621264045059e+00
1.468585237638831087e+00
5.049803904231299434e+00
1.146151224745865616e+00
2.776594733494430756e+00
6.097177971666587482e+00
6.045073405071560657e+00
1.315508842155612079e+01
5.114802886590101849e+00
2.180027032047457958e+00
5.335774677830987578e+00
5.334113068005760239e-01
1.373917966243727662e+01
3.604710390259778574e+00
1.542519754387110709e+01
7.744161709466748533e+00
4.470178011603457513e+00
2.341446606520718454e+00
6.768691452213533744e+00
4.602261715223430194e+00
1.359943093467920328e+01
2.636505128007217813e+00
5.353206256019451992e+00
7.183044871612497495e+00
4.269854982138452826e+00
5.795163811510077423e+00
1.095657263229091427e+01
4.041952310042972840e+00
4.888934195110076431e+00
