1.852183632325420248e+01
1.747326698284027557e+01
1.779736231859806850e+01
1.785616296305372330e+01
1.811916392386763519e+01
1.761013712449737767e+01
1.781565467639598666e+01
1.783087733154073362e+01
1.791450692696768598e+01
1.798177603396080926e+01
1.772710624819222502e+01
1.752994102006118027e+01
1.823893434114585332e+01
1.798564085970083681e+01
1.828558061796120171e+01
1.835239136665763837e+01
1.824115558779623925e+01
1.814272557264469654e+01
1.797944678641017191e+01
1.790390923453286831e+01
1.827666978694056610e+01
1.739876205493051842e+01
1.834590479094657667e+01
1.816145977087289154e+01
1.801949382517009823e+01
1.830960041914660508e+01
1.888792196506369336e+01
1.824816237993065116e+01
1.802102729000189285e+01
1.797904504826980698e+01
1.828498042091779396e+01
1.793222467930414865e+01
1.806901438527220094e+01
1.798685448592619096e+01
1.845207371934128204e+01
1.801340494681395654e+01
1.789183888033596048e+01
1.773169887311250292e+01
1.746893347646265582e+01
1.809209455948763434e+01
1.797260960280208764e+01
1.768791839656365639e+01
1.785975017283508137e+01
1.828175536378149957e+01
1.766657602089516033e+01
1.770774437962857206e+01
1.800432852219158164e+01
1.807237053646801783e+01
1.795984060591356268e+01
1.752516384587496034e+01
1.806859087839165667e+01
1.812759521383404859e+01
1.783035376426973428e+01
1.805198733207259210e+01
1.826825283718681092e+01
1.755840060092342725e+01
1.787405354391286139e+01
1.812245246793846576e+01
1.838329114518853658e+01
1.786433494671906530e+01
1.783164317685890765e+01
1.803995467415020570e+01
1.824516429266007478e+01
1.797916448576894410e+01
1.780888173167032917e+01
1.809557761700836309e+01
1.802525141658329488e+01
1.833817376791598974e+01
1.793023902622973509e+01
1.796627818539561261e+01
1.817230486962545299e+01
1.766568139072687060e+01
1.821122857260997563e+01
1.787591108485675306e+01
1.837710877863698755e+01
1.783290356125015919e+01
1.780772050316774724e+01
1.795210204396479980e+01
1.791391896877689760e+01
1.739229307837359073e+01
1.776481058370763222e+01
1.810612461677172291e+01
1.850855849103097128e+01
1.740896670503429888e+01
1.769589816192679521e+01
1.799505505277942774e+01
1.793671892362129583e+01
1.811853002299066873e+01
1.844893111015297293e+01
1.774811191639334496e+01
1.778259488650668274e+01
1.820185278123475570e+01
1.797721753122960564e+01
1.818229801311671068e+01
1.790216602206158214e+01
1.789560928164065601e+01
1.808575936388292149e+01
1.783457973589900547e+01
1.757725373341661523e+01
1.819576744838285620e+01
