5.206443928920763131e-01
1.988574607650708259e+01
2.105215979830236783e+00
2.285235651572723015e+00
1.935868178619932101e+00
5.398412332885786924e-01
1.152076821141216811e+01
7.695160753610313931e-01
8.243117487404528765e-01
1.068832566711626741e+00
1.196546511627704312e+01
5.946830546944670282e-01
6.809268860675977697e-01
3.338616286927602594e+00
6.253224308285150190e-01
8.743882629272251572e-01
6.838320694730559701e+00
4.703295310384952299e-01
5.013024089703155273e-01
8.160868437091967076e-01
5.961570289359215957e-01
2.209687731051107829e+00
9.048746430545689945e-01
9.561294355277250023e-01
7.002263430778183029e+00
8.297801180404243970e-01
5.882516703656637258e-01
1.246838230576458884e+01
1.165057765627260045e+00
5.862738865466791127e-01
6.609127617089662898e-01
1.066758745036102685e+00
6.651037910594160829e-01
6.734682415778544540e-01
6.003653018569784727e+00
2.641241283323551681e+00
6.042701598194042401e-01
7.193943367690596169e-01
4.937445141571398799e-01
4.602863980364271246e-01
6.487637931532806990e-01
3.124646084910240429e+00
5.740106900771543286e-01
1.195653115469995420e+01
3.432191091171196362e+00
4.851179846581783472e+00
2.446267891441574527e+00
7.262491471626276729e-01
5.149648752368904958e+00
1.369067828326944847e+00
4.619640740505977838e+00
4.611373700194508096e+00
1.152247261461782468e+00
6.209482056067201494e-01
1.216236757300100635e+01
6.271744605618171597e+00
3.710580715919443051e+00
5.816785763998165715e-01
2.304446537367465186e+00
1.326261613270558692e+00
6.375401445404551559e-01
7.305807690594312565e-01
5.477990726640767916e-01
6.324695680969699696e-01
6.836564865328932372e-01
1.088008660368080349e+01
6.174883654070595362e+00
3.332032654926155413e+00
6.483026894684390529e-01
5.194754347630756719e-01
1.440151705491406364e+00
6.568534733006872184e-01
1.519197502501946628e+00
7.175756859599934367e-01
3.496120708098137353e+00
5.234493695516337919e-01
1.524522136870698263e+00
1.071613491296536269e+00
3.117204386633010582e+00
3.447852679467419357e+00
7.129095190710987850e-01
3.698089457268811220e+00
7.908124797107199955e-01
8.800552270089871953e-01
5.771298824796045057e-01
7.729884039588543754e-01
4.292731364773390901e+00
1.902006960332105479e+00
9.265104565268161840e-01
3.235905774252329614e+00
1.310205832633797751e+00
4.650593607381808603e+00
5.609433023651998473e-01
9.454922249453285854e-01
7.400563461482944305e+00
6.475414148043409091e-01
4.700546696552829751e+00
1.124751884981673333e+00
5.736056673359348768e-01
6.599651505447051036e+00
