1.039518746841783470e+00
5.301944197939594261e-01
5.253765450595435649e-01
5.587971666858913000e-01
6.619307128160999421e-01
5.014168201771284084e-01
4.510521015881776563e+00
1.832975296713140967e+00
5.618600953463127601e-01
5.087836629770285946e-01
1.356984958250195827e+00
1.603745504999307236e+00
1.154524082937159024e+00
6.708166804793562754e-01
1.684989716884492728e+00
1.229011714724725701e+00
5.741217685093878975e-01
5.151107388219539063e-01
1.992767931914706248e+00
4.821777035397812328e-01
5.277930224037831186e-01
5.606733614754072503e-01
5.076962030280053328e-01
6.519686219287426088e-01
1.384802263654724896e+01
6.439585622626444739e-01
3.913432976858123080e+00
6.272211055526110135e-01
4.987823935250190188e-01
8.669415750297246870e-01
4.504822752314173506e+00
5.417382091854783255e-01
4.985878551094966027e-01
4.211637016687598822e-01
4.470078063540686708e-01
2.202903507037552888e+00
5.531937030846757475e-01
5.850766746673679020e-01
1.275080807605796229e+00
9.398082769211886234e-01
1.102283337010881770e+00
8.161658964575618569e+00
1.628301980470645782e+00
7.706541421224595290e-01
1.709496697118607855e+00
7.166102393863366116e-01
5.487666411962438540e-01
1.749853378095623579e+00
1.018123285802108091e+00
7.636385242960392894e-01
5.306373651127637148e-01
6.136527228982263660e-01
5.789475371624789313e-01
5.359195959024799505e-01
5.181161210189928479e-01
1.583944389538581188e+00
5.721515945323331076e-01
5.288795092749730697e-01
1.924011750792663733e+00
2.082725003909410066e+00
1.156906322089398031e+01
5.249125148912818783e-01
2.135254455179134592e+00
5.408768199937160626e-01
4.952568334958117879e-01
6.358805379397679536e-01
1.549209486078416464e+00
1.931723072651808337e+01
4.789298036853676943e-01
6.954343619699872026e-01
7.546110774347553063e-01
2.715278834687534726e+00
4.470801950814889403e-01
5.750480915524456282e-01
8.971106699888898861e-01
5.531242833002675274e-01
4.633842998658452839e-01
9.021579267054859130e+00
6.498457621807005591e-01
6.793573086433323249e-01
7.117788477292826821e-01
4.893079682083502080e-01
6.248739010954121875e-01
4.710848070637588259e-01
4.505268915104821414e-01
6.167139764277564939e-01
4.985299645381660594e-01
9.957412105257676949e-01
9.728149273062023372e-01
9.644638239108571653e-01
5.614047334234756326e-01
6.171283438027019841e-01
1.155749455660139979e+00
1.072018515941493444e+00
4.449445465255917331e-01
4.471377572892720309e+00
8.062216354481531733e-01
7.145854736833529008e-01
2.570064255398698094e+00
5.403796535283214020e-01
