2.883388572344527390e+00
7.293111015906796890e-01
5.680900426738110243e-01
5.025360143988037986e-01
1.309789393736972452e+00
2.513652580581809293e+00
7.454683235162461452e-01
2.679633535911958298e+00
7.902746297812858201e-01
6.025237511728585016e-01
1.786373214445171342e+01
6.391622762515856149e-01
2.241921642026997397e+00
5.897817836793608492e-01
1.054203939874201135e+00
1.118614424684051478e+01
5.573540226583469925e-01
1.265373469958401165e+00
6.225580477785964462e+00
6.158190513741135241e-01
7.596576643123366113e-01
6.514911207512501523e-01
5.531517514974233496e-01
7.916432859571799208e-01
5.951633212358435898e+00
1.872704304980851475e+01
4.812655310542241494e-01
7.159082537971068305e+00
5.233162394456355448e-01
1.089413420112263386e+00
7.592621996456235811e-01
6.156056672705928490e-01
2.698409420375935674e+00
9.303190126051064102e-01
5.874018719897132756e-01
6.713868221818265480e-01
7.213294918602829453e-01
7.480641714995481806e+00
5.699707834791487571e-01
4.674251899028551982e+00
6.802918087857939833e-01
1.118697131905237008e+00
8.655319286735008166e-01
6.481430980254681007e-01
5.246581689204394827e-01
2.225761577147074899e+00
1.785235422249668913e+00
1.941473319878005643e+00
6.551991006117786620e-01
1.346961183555084096e+00
5.703691337950954621e-01
6.175513649214591005e+00
2.031485489717624660e+01
4.038999775259467739e+00
6.074752011849396949e-01
6.263223374692993062e+00
1.131591683863753861e+00
7.373076041868341646e-01
8.040404184169039681e+00
1.745314998478889379e+00
7.190775525413594105e-01
7.647651892522180361e-01
1.358789402139095603e+00
2.147772992749234167e+00
6.225790390406265029e-01
5.405508615677668827e-01
1.234709233240212356e+01
5.772520028865157915e-01
8.690607204381735063e-01
1.118446583398283734e+00
1.167169056451253795e+00
8.165895977329963529e+00
5.017484293458129851e-01
7.588582819350567776e-01
1.294724912460930355e+00
1.066010034573361631e+00
1.074896957746034332e+00
6.927198041793740657e-01
4.212934075457169136e+00
6.562442934397276773e-01
2.413984015378583425e+00
2.203017236325578221e+00
6.787175579337770825e-01
7.012959195900552167e+00
4.605358102296940537e+00
4.984176156182677508e-01
7.923925758227430727e+00
9.522593616187076115e-01
9.671967467494252402e-01
5.379800858894017157e-01
9.322867012944971776e+00
6.218425257460034050e-01
5.540289661066069016e-01
3.028159121404000231e+00
6.001675425992381019e-01
5.712452838642061437e-01
4.682431054719540242e+00
2.918421916044665831e+00
1.025642197402574007e+00
4.243063723875828419e-01
