4.528952938812684237e-01
6.244772536508654825e-01
1.172661989101277413e+01
6.046510102282092181e-01
5.949937347830620560e-01
1.402140935614329065e+00
8.108234738675098585e-01
5.204508147092121728e-01
4.894729501255986048e-01
3.263607791598279295e+00
2.979806515707601910e+00
5.555671327678526339e-01
5.509692257870388854e-01
5.855139702468086238e-01
3.971907129126587055e+00
8.978238017947316463e-01
1.002545212016096920e+00
6.549804545865542948e-01
3.158322828853706632e+00
3.371492138917363768e+00
6.353861133422331609e-01
9.418606229587890288e-01
2.199121684533316134e+00
5.464310917651958865e-01
5.313262013196801137e-01
6.084483301555357881e-01
6.155130143727511882e-01
1.912669828067426581e+00
5.935310729290036669e+00
5.694357094710965628e-01
4.454507446118041725e-01
5.413175059113453091e-01
5.377799473307628420e-01
7.386699172701575833e+00
5.596075435884992899e-01
1.925596371689063169e+00
6.272731207270387799e-01
8.498707568106873556e-01
1.285738948344812282e+00
4.290038952471638134e-01
5.251979311763661507e-01
4.372354140602983108e-01
9.071013042532521942e-01
7.229749979966444418e-01
5.502155645442113885e-01
4.119825977937947026e-01
5.424319020565204763e-01
5.667239686921573538e-01
8.822374674621603630e-01
5.810419676357725383e-01
6.283467906439249573e-01
1.120191780502256318e+00
1.422302586653151124e+00
1.558806417610644868e+00
6.677652101047302224e-01
4.971365490499687900e-01
8.826094046308270435e+00
5.202726187558095461e-01
1.571760276243454157e+00
6.414121701204424930e-01
5.576830404520535245e-01
6.138219605787286204e-01
6.620936816560497817e+00
4.745657958362361484e-01
1.886778446983571556e+00
5.221631557472845575e-01
7.106291353396861910e-01
8.164888842536440761e-01
5.426097318053787477e-01
5.993388231584509951e-01
6.190536311362779820e-01
5.682120426969298199e-01
5.284557159327476494e-01
1.106167908544532619e+00
6.630710226895097925e-01
4.560133408542701994e-01
5.519486998092407726e-01
4.909122287314177102e-01
1.394999153315915308e+01
5.029425081283338539e-01
6.142103480466905019e-01
7.429155218074950939e-01
6.765515398233740152e-01
1.806219077973719056e+00
4.766148741534143030e-01
1.581712125520019940e+00
5.770440263377275558e-01
5.537558766120020959e-01
5.753526102372924500e-01
9.383290288857544237e-01
4.260163365044226658e-01
6.776017680298188628e-01
7.271261228282626110e-01
6.446387173038602425e-01
4.652216521180354558e-01
5.295343126866933758e-01
5.068487967987833631e-01
2.230785391947616159e+00
5.033921453099529097e-01
6.349643408097120911e-01
