6.528799251209130849e-01
1.236935832416509617e+00
6.513033549190960780e-01
6.295199691154697019e-01
5.288340870416365913e-01
2.460678363997816032e+00
4.955467954428469102e-01
6.257282139676929589e-01
3.543512027451949820e+00
6.114494440031272848e-01
9.405433408509560778e+00
6.359467563249378230e+00
1.041609857743687417e+00
6.855936602284872228e-01
8.984583962075108232e+00
5.304854644136967057e-01
1.077772854581827033e+00
1.698011769666606696e+01
2.448156434488840016e+00
7.733765609244568351e-01
6.597370460064123643e-01
6.847773114420249163e-01
4.635257799585710825e-01
5.232261440816371456e-01
7.369919468158968590e-01
1.301111652376938999e+01
2.161168719344821909e+01
5.671932790340865616e-01
5.115796954802019236e+00
5.376813448604124135e-01
6.190911374910155196e-01
1.574222882857380057e+01
2.586419901225537998e+00
5.415493837290168422e+00
4.399533096939835630e+00
4.301897970789471337e+00
3.570548918488448464e+00
4.691665937415617216e-01
5.043612219013433595e-01
1.184223045171999367e+01
1.528149060725719899e+01
9.240769411316110959e-01
7.202863305456038701e-01
4.479214581334645118e-01
5.912987199275394623e-01
4.058501653290027100e+00
5.329702520540554600e-01
4.768888723602594526e-01
8.554364503504130468e-01
1.655122745019965436e+01
4.405747283265590286e-01
6.905741047547570011e-01
5.368863297983685889e-01
3.580485532936264370e+00
7.381564990436455531e-01
6.092315014466264111e-01
1.151830737513058089e+00
5.358488052297761817e-01
5.093965463814149608e-01
6.522550178006679689e-01
5.862168393140160250e-01
9.700344953334121278e-01
5.118995083349318076e-01
5.775915517194011306e-01
2.119987553500780386e+00
8.954384287265502174e-01
1.096122429838262580e+00
6.806403781615459891e-01
6.036799901398560708e-01
2.611395436230536049e+00
6.769865208767543718e-01
7.277395172852911820e-01
8.287260157343654399e+00
8.285554657423178648e-01
6.291321484080947268e-01
4.088281232061266479e+00
1.422120637094017370e+00
6.279313170048875792e-01
9.368227279440440869e-01
6.100783641593776618e-01
1.676555713970439143e+01
1.182847071766609304e+01
6.307805223692547480e-01
5.115200066871307127e-01
3.727168354750383106e+00
4.647031212100590225e-01
4.003508653078336366e+00
5.360709530310782123e-01
7.174601571760300667e-01
2.842016551063857310e+00
8.733539197799299325e-01
7.343461627726559637e-01
5.882955834703945674e-01
5.875357933713377001e+00
4.265892958079016140e+00
3.183138158890735259e+00
5.510752313660286283e+00
9.632204107786522806e-01
1.160230848184216956e+00
7.103991952216442973e-01
