6.955477232774445184e-01
5.005953382760043313e-01
4.311513245218587254e-01
5.854924370062055683e-01
1.120858474318798370e+00
4.393097272887677152e-01
4.612399870886962350e-01
6.058880462297892011e-01
5.571923536029308455e-01
6.171966065254893552e-01
1.486611854495138108e+00
8.903193887579198273e-01
5.154859110900367192e-01
4.311524992591884708e-01
4.767773891281167908e-01
4.651526263271558159e-01
6.101355544312642154e-01
4.837845887101794307e-01
4.754983981929354342e-01
4.712544836911161661e-01
4.697921471320841147e-01
8.640622299479862045e-01
8.153603170951334578e-01
5.515133766381818958e-01
5.655984794978148322e-01
4.904411295545955674e-01
4.354846915863316292e-01
5.702947496776307190e-01
6.171606448045324766e-01
5.308747238819658820e-01
4.222127484209779458e-01
4.876396343234649100e-01
3.377316709079610568e+00
5.076563766142360157e-01
4.998403390718242356e-01
5.409927216628475088e-01
4.994046225355280866e-01
4.433887766205036329e-01
5.189463957605235933e-01
5.087280986987099407e-01
5.658342475619528855e-01
5.232562699598591882e-01
4.217126092391347281e-01
5.346918288598414559e-01
4.592583190722872577e-01
5.484161334551148625e-01
4.590269754261139812e-01
4.748181492835720219e-01
7.442764013408927903e-01
5.026119796125265715e-01
5.007410083333168060e-01
1.216754624893869208e+00
5.062931483895338758e-01
5.306601678710578529e-01
4.671004910368092844e-01
8.500716901855571717e-01
5.177977638692786710e-01
4.425642062219706241e-01
4.445536299165407934e-01
5.601053748304051227e-01
6.115528825643570254e-01
4.711999987967945280e-01
3.618950397771977245e-01
5.336060722487325769e-01
4.471790402226785699e-01
4.742729151874985338e-01
5.317264099442954306e-01
5.950450084526883732e-01
4.308812748653895741e-01
5.430853423830012128e-01
4.531100006894080989e-01
5.925364076278255565e-01
4.805005426350034692e-01
6.648935155734541080e-01
5.249937843839648233e-01
5.428485778503339132e-01
5.082868492123507886e-01
5.642533140241180467e-01
4.008307739513783385e-01
5.504018004595415681e-01
5.130038715369639180e-01
4.762276135361573348e-01
5.585269323938220065e-01
4.796548985742369875e-01
5.262717940091462543e-01
5.835301515497589575e-01
5.637876211288276318e-01
4.687648901007570035e-01
9.733198627976845652e-01
5.024546625347506845e-01
5.696150350537121376e-01
5.279575034262095068e-01
4.550698579605801930e-01
1.005491395348230510e+00
6.998461120735121055e-01
5.257509412104713897e-01
7.044341360401847885e-01
5.939326799469915041e-01
4.265163719434528211e-01
5.313839977902006240e-01
