6.931065632376659513e-01
5.429683569719212510e-01
5.150670609328793503e-01
6.090506125267399762e-01
4.567247696224969178e-01
6.529596671048668588e-01
7.192774807401137949e+00
5.227258902259130924e-01
4.807237487979132418e-01
1.608057910783483146e+00
6.133342604804121745e-01
6.710152187283822123e-01
1.147955080630901925e+01
4.921004440667818836e-01
4.414842758025455116e-01
6.709373750947592585e-01
9.567124211059786498e-01
4.612579305675459929e-01
3.791308473068239482e-01
1.694354711636627542e+01
5.831345724215661885e-01
5.253796706889000134e-01
2.270802928557197564e+00
5.089979511494657771e-01
7.306107310478432426e-01
5.620935223693742655e-01
5.456611336252096267e-01
4.653518052378718961e-01
6.509127651519570623e-01
5.299899266683081311e-01
5.466225145343661662e-01
5.418139690786958340e-01
5.340732572465788364e-01
4.862124819164449496e-01
5.149482416844995969e-01
5.044263451980803836e-01
7.485353755890189476e-01
5.362586708192011997e-01
5.023029049282663472e-01
4.839461509710640819e-01
5.762223601223644964e-01
5.974172082508473203e-01
5.238464269948490681e-01
4.283246525888987910e-01
6.262455682959597869e-01
6.514085341652734451e-01
5.191632861079512606e-01
5.290912187473152395e-01
5.371037567409734370e-01
7.294829596595129306e-01
5.099251645948545963e-01
5.295311417018762068e-01
8.617893555413226325e-01
6.826115665572282110e-01
5.550262784283206408e-01
4.426913510933457863e-01
5.128330257725338681e-01
4.879086389405638546e-01
5.089636479744763520e-01
4.206049268376822470e-01
5.221111035122075750e-01
3.713987310895568772e+00
4.341145648638179977e-01
6.100205195295324012e-01
1.352370606053060920e+00
1.802213959730906812e+00
5.072298733137881044e-01
5.192009886453007317e-01
5.498975784490365282e-01
4.947150519181697792e-01
4.470360370041849274e-01
5.000572045446137759e-01
5.068143675104556101e-01
5.944107585869993216e-01
6.377140414030572080e-01
6.524417906405067802e-01
8.544136546002327748e+00
5.392706774577119555e-01
4.901555248171837742e-01
4.885272255471172498e-01
5.472297629404521135e-01
1.076191792649413559e+00
4.854361634341879395e-01
6.979929225204707377e-01
7.901723645029252729e-01
1.676511169848936555e+00
5.307478640562314220e-01
5.052764127089943713e-01
3.986702156039167444e-01
5.134071201075960378e-01
1.119012032109200749e+00
1.160848500161035091e+01
5.241985495943503048e-01
7.640578322825615221e-01
6.363003874455495090e-01
2.447199597267500248e+00
4.703850872475912048e-01
4.818115921602953655e+00
7.829551098017863975e-01
1.930028388217057023e+00
