8.331338903037216470e-01
5.239490514788522901e-01
1.570714881521941164e+00
1.996551195452054506e+00
5.402343459792073865e-01
4.867422283923820148e-01
6.530828598723573686e-01
5.808957482679047990e-01
4.695849198608805786e-01
6.546003150041196372e-01
5.362495246629567225e-01
5.043428967089852444e-01
9.867634389217659896e-01
6.017569474530052309e-01
5.228185201427353324e-01
5.090030027351046815e-01
6.056769949242265527e-01
1.185998236649502680e+01
4.457041220780402768e-01
4.198836801795728380e-01
5.366155786492404767e-01
5.559940030818361079e-01
4.692938111594207595e-01
1.962804349275330429e+00
5.560467720989052509e+00
4.496819490558818799e-01
5.884201676294966710e-01
5.979706916823657181e-01
5.360824225976883461e-01
1.542919766588488173e+00
2.059031827119847335e+00
4.294508608259470228e-01
4.790830955078357323e-01
4.499782786957837177e-01
5.883485377068417010e-01
5.765032450519588236e-01
5.907531539983700286e-01
5.657861159750804392e-01
5.738317273234081473e-01
5.649156142041741324e-01
6.065494405970650593e-01
2.222859105463353302e+00
1.327475866005846328e+00
5.442105594533691582e-01
1.569110527989455939e+00
4.726693769745785034e-01
3.917323762655030794e+00
6.688869405419036740e-01
5.892532071116116654e-01
1.920243660959125798e+00
4.208042978478183649e-01
1.172705385118290522e+01
1.569823380102523425e+00
4.781912042896938053e-01
4.568328504255810274e-01
4.528905486440285011e-01
6.630080835274470008e-01
1.177395515798579773e+01
7.177178897510999578e-01
9.273829874137435869e-01
6.394453920221820908e-01
1.414320652694023073e+00
6.261651543838658851e-01
5.654716270076928231e-01
4.741688955477310619e-01
5.296029223576027567e-01
5.380622119685745108e-01
4.995165410693157004e-01
1.021142348910178743e+00
5.676014777732277805e-01
5.904125249927881791e-01
4.868134084797924865e-01
3.906161007249919326e+00
4.373228038550872054e-01
4.695985112439647335e-01
6.058504298928260035e-01
4.529499287656225115e-01
5.015855135612253823e-01
4.700049659794316992e-01
3.820649979688979236e-01
5.335210926513859198e-01
5.216655950682780318e-01
3.048106530295721317e+00
6.505462161632117324e-01
4.599593381124320035e-01
9.651722839824091738e-01
6.659986400803536988e-01
5.390536422124321270e-01
5.606516883642662652e-01
8.123638131126614814e-01
6.411564043832246540e+00
5.836530186056999581e-01
1.834484986594239420e+00
2.330879723643890511e+00
9.919040727310434180e-01
5.372181480981653712e-01
2.978776243853339167e+00
6.781800409089844273e-01
4.985608743192189718e-01
4.710785546771465437e-01
