6.390053772588523140e-01
1.221101081122538901e+01
4.937519618943953525e-01
5.184766570801315755e-01
7.962101998178503504e-01
4.461549527569568796e-01
5.038970013500140288e-01
5.375078641224978471e-01
1.811635250332681135e+00
5.236623012996231008e-01
5.281919852769159096e-01
1.374173612537121336e+00
6.365816888255654282e-01
5.680949602470619642e-01
5.263463736401500226e-01
4.670380399321166220e-01
5.054135948107595366e-01
5.143857061331164049e-01
5.157720899149121907e-01
5.937920559295647438e-01
4.718783506924030813e-01
3.504918816896263944e+00
6.051221432259898947e-01
5.283760473916518929e-01
6.578940937152092383e-01
5.349072949081115080e-01
4.821733697028651178e-01
5.507761323984241564e-01
4.566120454304649634e-01
5.921089873825986505e-01
5.361331251545864429e-01
7.678661937687990324e+00
4.584334325543764077e-01
4.491037668168567643e-01
5.100771912230253058e-01
5.827214145479304719e-01
1.969638375071871339e+00
5.608088933813771826e-01
5.508661652350409499e-01
5.032676324632762155e-01
5.361523798532441543e-01
5.502350977074530469e-01
5.593951732783717379e-01
9.207776514397681966e-01
5.409952788698421111e-01
6.160803339954423752e-01
1.219754995469180425e+00
4.827263546163294561e-01
5.667025584351464973e-01
4.457052714362464974e-01
5.781450880121837832e-01
5.592149737952312183e-01
4.505562651248102291e-01
4.447304162674731165e-01
5.020539485323022300e-01
7.295886741965547095e-01
5.364829784306265337e-01
5.006790775952851824e-01
5.535368261873340190e-01
6.265625464852754289e-01
1.577349700773428509e+00
5.757903906751994372e-01
5.311141636391765175e-01
6.065264512355726723e+00
4.630583909175176038e-01
6.548596270326310087e-01
3.844630964519063498e-01
7.248401481334715513e+00
4.954252571381236869e-01
1.571092336272817391e+01
5.758965996375055019e-01
6.081313475438939742e-01
5.143452428620495231e-01
4.848150465670307274e-01
4.906177598256489802e-01
4.948063538511007220e-01
5.571063218291818497e-01
5.524843308233411410e-01
5.032283293235688681e-01
5.288002969993548241e-01
5.571008517314192110e-01
5.003116759370737077e-01
5.328475461471084973e-01
1.082951471973966129e+00
5.501489370692356218e-01
5.509306185978217751e-01
4.925057275246137456e-01
7.954889688668754788e-01
5.055570825067978724e-01
8.765645996708938403e-01
6.445797326840006392e+00
4.365227620941140030e-01
5.386005644467870557e-01
5.099700500122659186e-01
6.211043301207748168e-01
4.464675048425532089e-01
1.559353809859129969e+00
3.493648780942824938e+00
4.045575053603731597e-01
6.231295150634789115e-01
