1.698487133907370605e+01
1.656786957832628460e+01
1.675485480398953086e+01
1.688930134087490842e+01
1.698840128370683900e+01
1.671482465382775118e+01
1.697292783220339984e+01
1.666156571270212794e+01
1.710605130609559765e+01
1.696954662108822021e+01
1.726085230634466328e+01
1.694575695920182312e+01
1.666922111373480320e+01
1.719294879551229727e+01
1.689525412922446179e+01
1.684282733508917929e+01
1.688342925233611780e+01
1.643864236934712864e+01
1.664282521024374972e+01
1.683097466609710580e+01
1.737678699443363328e+01
1.693959202240943540e+01
1.665741351005523541e+01
1.703549139333549434e+01
1.661767744497635491e+01
1.683453723909978450e+01
1.685210290868137761e+01
1.695647434980487134e+01
1.668070803040222216e+01
1.709176401882443841e+01
1.694950480413501737e+01
1.665950123200627431e+01
1.721441984467154995e+01
1.673987940438692945e+01
1.704079583549513188e+01
1.685698112677914651e+01
1.687928776441285450e+01
1.708000404105801096e+01
1.699432870207935053e+01
1.700124379378565820e+01
1.672526367354257104e+01
1.727681409525456147e+01
1.698501906024081265e+01
1.677381821648828719e+01
1.703425418961272086e+01
1.670753371886745953e+01
1.695743999501891253e+01
1.687962492493157995e+01
1.751339762291235402e+01
1.691004596277790739e+01
1.689789079030192553e+01
1.653113621627774776e+01
1.651754152044174617e+01
1.708400512620710998e+01
1.694215215943947683e+01
1.710029761413995786e+01
1.682302326932620318e+01
1.683954870430287443e+01
1.755011156780144077e+01
1.680164240273606779e+01
1.733572504483142040e+01
1.654329413401689663e+01
1.680511393034513290e+01
1.699263688642758297e+01
1.726149924658450985e+01
1.680354374162060083e+01
1.687425541679646912e+01
1.695302277228619303e+01
1.755478423464666804e+01
1.681720576403619916e+01
1.693675976947707085e+01
1.691297015364597200e+01
1.716088405167380415e+01
1.652007557732624221e+01
1.715339958717039792e+01
1.688941847173395416e+01
1.685793484887387095e+01
1.659738066335535933e+01
1.673286801916731292e+01
1.693557160274666984e+01
1.687870015629429687e+01
1.661588121280296093e+01
1.694477423248703118e+01
1.707646393859664258e+01
1.673296799549920877e+01
1.697017661189373783e+01
1.708982003995857823e+01
1.685737503408251570e+01
1.706819623310721568e+01
1.707582728098922686e+01
1.674954422181061631e+01
1.658732775363155199e+01
1.740424938480013495e+01
1.675859398733456374e+01
1.647935098224742134e+01
1.687831751877585518e+01
1.709547072885082031e+01
1.709083353958040519e+01
1.685408208339097058e+01
1.719588244141877453e+01
