1.652962339319437390e+01
1.615464039091304116e+01
1.670655138436704235e+01
1.646646612441253765e+01
1.641476263969388327e+01
1.623941615963148877e+01
1.672927651884848999e+01
1.644299929236671076e+01
1.640545969305054541e+01
1.643300261329770606e+01
1.638204633015964973e+01
1.646198698052307918e+01
1.642542614351217622e+01
1.627864951864421883e+01
1.605163346966143934e+01
1.628041134792976408e+01
1.631705872240655708e+01
1.648018283793188488e+01
1.629980076642981146e+01
1.708195773430248465e+01
1.689619545633079767e+01
1.666458593395442733e+01
1.668038892887632940e+01
1.671374445994684876e+01
1.644721327828105117e+01
1.646514906288482649e+01
1.663611437487041300e+01
1.654521645066113322e+01
1.650271730094645406e+01
1.678887077502554348e+01
1.637915362978177214e+01
1.624581596493879232e+01
1.651318621933318909e+01
1.642491563718033376e+01
1.666068878354578331e+01
1.667466980597292903e+01
1.653992126100600402e+01
1.661041758183741024e+01
1.654287339459585837e+01
1.662925706107674273e+01
1.654200794170219879e+01
1.634672671655176757e+01
1.701703145300330533e+01
1.667949355208766704e+01
1.659286832094714370e+01
1.649940024794924298e+01
1.640186032413593153e+01
1.625968965837827440e+01
1.669346674213279158e+01
1.663179126631789373e+01
1.696687601411599999e+01
1.622864304623175258e+01
1.650391517383569351e+01
1.654146639407705877e+01
1.691774500392062919e+01
1.644175748754614830e+01
1.683449327407288010e+01
1.632040351240697262e+01
1.631410498841384182e+01
1.643795273389945422e+01
1.625367037242525825e+01
1.679187670407012334e+01
1.626326125156189661e+01
1.652014278402518599e+01
1.699229135772236887e+01
1.673784862804612317e+01
1.619087289658769890e+01
1.650173099481889594e+01
1.667557335365005500e+01
1.650973563810183364e+01
1.657906358399154456e+01
1.643680811474119707e+01
1.653678338223287625e+01
1.646307153905740250e+01
1.660821732798089911e+01
1.634788349977694821e+01
1.632346985728463551e+01
1.690019156675987233e+01
1.635994452462504256e+01
1.656067865932211802e+01
1.675507938846115508e+01
1.640765881946543558e+01
1.668597873274699239e+01
1.669925449656301453e+01
1.664979923937281825e+01
1.684033692064054577e+01
1.633994656892657460e+01
1.648121332240803838e+01
1.608552041529921084e+01
1.679555374211707530e+01
1.671988375518322911e+01
1.635619587851004653e+01
1.646743662470469971e+01
1.615614134453526773e+01
1.681113138852066058e+01
1.638555267119150471e+01
1.636924255029282094e+01
1.643792750563163096e+01
1.666952892214888493e+01
1.649963410142277453e+01
