1.827404519083277634e+01
1.845835715935332999e+01
1.830772927699218400e+01
1.893211239644780264e+01
1.795199895737491858e+01
1.776224972345850617e+01
1.780920809844927533e+01
1.759519656354896355e+01
1.842479222357993862e+01
1.864207969738226822e+01
1.734521062237390865e+01
1.811223795590557017e+01
1.833216452574173871e+01
1.805047861410944066e+01
1.801132929725374154e+01
1.775244478456533415e+01
1.822426627971232094e+01
1.843516260614975621e+01
1.797856339798406111e+01
1.814105286165704811e+01
1.764731294768379755e+01
1.918562061670118979e+01
1.738423630768535944e+01
1.823080646309114172e+01
1.805308187950540244e+01
1.903124284055325077e+01
1.844449985372884271e+01
1.815391367104968978e+01
1.783639458489523832e+01
1.823576361230546539e+01
1.850810402215893546e+01
1.789978820857279018e+01
1.785051552277186460e+01
1.828382804498759739e+01
1.760108872514299705e+01
1.807164710064461488e+01
1.806939527957275260e+01
1.803290773013787174e+01
1.792858687093415782e+01
1.811854589051892006e+01
1.802132042119284705e+01
1.782397334457281701e+01
1.789830265264897236e+01
1.802117899220148800e+01
1.801573077040595194e+01
1.801574693397805405e+01
1.798994649775627508e+01
1.832546301376939368e+01
1.791014119589319620e+01
1.787666063277597317e+01
1.819830634823062354e+01
1.781675485129015968e+01
1.816922843302180013e+01
1.869075311451578969e+01
1.787759129590141427e+01
1.791703965060227333e+01
1.767314563258839755e+01
1.790819650736617064e+01
1.790295465600280522e+01
1.801177497041501141e+01
1.751024806218419982e+01
1.848674276859961907e+01
1.762643386948150237e+01
1.789444422519068922e+01
1.796999547514642614e+01
1.726098922897552512e+01
1.811795542457995722e+01
1.818800515658629635e+01
1.800954529972143803e+01
1.779082125913922852e+01
1.810640412744307426e+01
1.781542540835694766e+01
1.837834596663292430e+01
1.814127988561146410e+01
1.837724499785739596e+01
1.901954575009908410e+01
1.818662073760262743e+01
1.791740519962971945e+01
1.786505739123744618e+01
1.803112012697803479e+01
1.835163294531801981e+01
1.782920100650157380e+01
1.815148255337336636e+01
1.802260282123242519e+01
1.811353108483530505e+01
1.804526215670725620e+01
1.784587752008788186e+01
1.828522656765462884e+01
1.750279573076060657e+01
1.858671788147395532e+01
1.792436403341437767e+01
1.776375659329154999e+01
1.773398419911262991e+01
1.818005113929266869e+01
1.794190569499058796e+01
1.829280628192995906e+01
1.837691130673194806e+01
1.759244163352271428e+01
1.811930429722382740e+01
1.861694467819421206e+01
