1.479172895199138793e+01
1.463431813101222545e+01
1.454706206000873259e+01
1.468072875550943124e+01
1.436675137288105475e+01
1.478740779759406010e+01
1.465535743204686980e+01
1.492523135763482500e+01
1.462332517919032071e+01
1.453186559879917006e+01
1.427113085181721530e+01
1.491163994959741679e+01
1.438146191910084859e+01
1.473300936583324017e+01
1.464708670029126658e+01
1.488745634678553742e+01
1.457344765113614038e+01
1.489490602683808795e+01
1.499316394633068050e+01
1.443475432909868417e+01
1.451907674491520517e+01
1.452797595149184495e+01
1.465766734235020152e+01
1.470471292627046012e+01
1.466367668389830925e+01
1.445046138175870709e+01
1.473034591101018087e+01
1.485754637050624005e+01
1.456321207657873273e+01
1.475272485516948962e+01
1.427079546556034018e+01
1.447929439386918027e+01
1.451906018156183542e+01
1.459787055266810718e+01
1.444011618306676681e+01
1.453752664636024328e+01
1.486011490289458514e+01
1.465129665813575777e+01
1.475098987460084388e+01
1.448145607431857940e+01
1.427945633360867816e+01
1.452979614246149076e+01
1.436498767892602402e+01
1.459055162155356200e+01
1.484953440048444762e+01
1.460969566431383448e+01
1.482387161299083900e+01
1.485304575052110287e+01
1.424127095208869065e+01
1.494148130314549938e+01
1.462602769950656167e+01
1.460171593166546344e+01
1.439303062399371846e+01
1.479904870373245096e+01
1.499572167754411112e+01
1.440804865417567271e+01
1.447662326138881994e+01
1.448497619814441428e+01
1.442331490971129959e+01
1.443061045255403307e+01
1.469461264197291683e+01
1.433973824312901257e+01
1.464206035748257229e+01
1.434670841696658350e+01
1.467452741763210255e+01
1.474077800503197189e+01
1.469960193186770603e+01
1.453118061826377527e+01
1.464636912008758962e+01
1.451118295431541405e+01
1.464912845047469148e+01
1.445301570533745839e+01
1.456855606628052513e+01
1.444579042196353846e+01
1.493141688271813372e+01
1.453449480619226719e+01
1.436626380196695685e+01
1.459026485580457333e+01
1.477710313217080085e+01
1.475221065621697925e+01
1.470131900209913312e+01
1.489033629232897660e+01
1.494809688261141822e+01
1.419234991832906978e+01
1.459135517915915159e+01
1.456189422225649110e+01
1.508763601157288825e+01
1.468668124292268651e+01
1.424052011212228130e+01
1.457747997735656398e+01
1.474020680060667488e+01
1.450260551438242018e+01
1.455020242377736572e+01
1.480573958399045154e+01
1.486123119743649568e+01
1.434431196399480157e+01
1.465242247272241549e+01
1.453443635375189302e+01
1.440767062574035862e+01
1.444633820517138467e+01
