1.918770893275428691e+01
1.949951996782008479e+01
1.995067017424717548e+01
1.885308760500617709e+01
1.958419207758940317e+01
1.978585456838438361e+01
1.906225485598676883e+01
1.966241739523444565e+01
1.911441323512310930e+01
1.927395176438836089e+01
1.969351033178060106e+01
1.952040673612141575e+01
2.062879744103366875e+01
1.918462336559510817e+01
1.965764363518534807e+01
1.983133030646349937e+01
1.990123508181881462e+01
1.920615667754356437e+01
1.924392886898676736e+01
1.908186433615005129e+01
1.898356937847189485e+01
1.925632370176598229e+01
1.885762469502008543e+01
1.999869566921929831e+01
1.939788715291749810e+01
1.885572290674762641e+01
1.978280731179311758e+01
1.966929292733845713e+01
1.910209944079561595e+01
1.932456561633335212e+01
1.916312132758815068e+01
1.917889739120331782e+01
1.985352207674712588e+01
1.954508470485285443e+01
1.945065817713417999e+01
1.924462945394576963e+01
1.963153453242679447e+01
1.988033158511644771e+01
1.878367219173562930e+01
2.004203277496506175e+01
1.938482470782487255e+01
1.879634316934797766e+01
1.930818163903247253e+01
1.958150679571568986e+01
1.909560568005963788e+01
1.920573964530601785e+01
1.968418312231039380e+01
1.914648706914990584e+01
1.925794280356793209e+01
1.936643602756780069e+01
1.949261260575591592e+01
1.952259609458015888e+01
1.925639905868886359e+01
1.939228795058056676e+01
1.899627781111864167e+01
1.936743981067818154e+01
1.937825848259663886e+01
1.970047528675469906e+01
1.954677626963722048e+01
1.902724976275784741e+01
1.943402212848086208e+01
1.953026618231908174e+01
1.969793067461408143e+01
1.920867330550703400e+01
1.917066767290648244e+01
1.984802364901508298e+01
1.871803252364193781e+01
1.917292121071596256e+01
1.935652766615378795e+01
1.871998713628972411e+01
2.016028859463521883e+01
1.888670545375574505e+01
1.961826949347184623e+01
1.927744687758196207e+01
1.938604670761428395e+01
1.947308837232528944e+01
1.933810188006030373e+01
1.947811226625099934e+01
1.990149488233757680e+01
1.864387351498600509e+01
1.958461470913878344e+01
1.845465569963749175e+01
1.975058187778571295e+01
1.932942947680212598e+01
2.025269026956575757e+01
2.034896469605968505e+01
1.963563641767726509e+01
1.885596369267036465e+01
1.932161344874677411e+01
1.965462759868395537e+01
1.899791574633935909e+01
1.917715478892510816e+01
1.922857439248685907e+01
1.934564054211542583e+01
1.901142259739653539e+01
1.953444936914117847e+01
1.924175496173910815e+01
1.919091303625166489e+01
1.990353884871749557e+01
1.895584601569805727e+01
