1.918098804253047618e+01
1.924488938458636156e+01
1.914072741388923404e+01
1.985388075777899886e+01
1.905057284779502069e+01
1.912036277604520507e+01
1.980964942041796917e+01
1.910478577937235301e+01
1.964305745147686366e+01
1.857423169664284046e+01
1.919898225651056478e+01
1.966625583893685203e+01
1.916669620509399152e+01
1.955529875068499379e+01
1.865610571494961079e+01
1.896761984007527957e+01
1.887836778330063581e+01
2.005755415007417852e+01
1.896083397448338559e+01
1.959891826862786246e+01
2.000030157876856052e+01
1.931239478043890045e+01
1.904190362015883409e+01
1.902646679838364108e+01
1.937516790928318855e+01
1.988008589927518344e+01
1.878954999222381872e+01
1.844552452745838877e+01
1.971175440981764027e+01
1.961646401710121168e+01
1.928546459919495248e+01
1.909822723121722987e+01
1.937806051166455035e+01
1.884755298795782608e+01
1.920673960364548805e+01
1.857972547853017531e+01
1.852534680942508771e+01
1.974478454786707715e+01
1.911460689657176459e+01
1.957231412944677018e+01
1.907351068977563813e+01
1.891588885252967600e+01
1.927991529324132358e+01
1.904187132462150700e+01
1.944913965995097271e+01
1.970279115054612262e+01
1.915956967020252222e+01
1.900832833229614138e+01
1.915898495193910378e+01
1.885499808582230941e+01
1.896828940631543148e+01
1.873484194631085842e+01
1.884849671332031562e+01
1.815220432773805825e+01
1.928625727003810653e+01
1.989485509693549403e+01
1.922094490870550842e+01
1.860221036461247124e+01
1.876844797038759083e+01
1.860542864373517347e+01
1.978183336744911003e+01
1.962579987518561708e+01
1.888026379988299652e+01
1.879518208456286033e+01
1.900154800893368900e+01
1.868716880637379774e+01
1.837326128768730626e+01
1.962364957097498319e+01
1.996882241725440110e+01
1.881789630940163249e+01
1.876784422109969697e+01
1.952169743998274143e+01
1.905104632345577542e+01
1.912906799829938720e+01
1.883854857950208128e+01
1.952252631024316898e+01
1.852379062366761175e+01
1.895461456994279814e+01
1.897774623637937452e+01
1.973062174095004551e+01
1.931136748671895376e+01
1.946436215661005065e+01
1.955057753112656727e+01
1.942415235981906818e+01
1.980901399469382795e+01
1.933973439877535228e+01
1.893666428328456064e+01
1.930056374649859663e+01
1.905188374461129541e+01
1.934776585355410816e+01
1.915528354961310953e+01
1.938674489542372470e+01
1.914928390401613001e+01
1.913679773933183270e+01
1.894944139277854589e+01
1.872837654974606281e+01
1.930943425852009554e+01
1.981541475120287643e+01
1.847061117511113792e+01
1.888197933702166509e+01
