1.921274451828346841e+01
1.857528394110593339e+01
1.829543789075582083e+01
1.861507848268965404e+01
1.882953334552446734e+01
1.908866735813889903e+01
1.842427159364675759e+01
1.897220087687520262e+01
1.934843951264918971e+01
1.804996105122638994e+01
1.909814782994241256e+01
1.921813165386091526e+01
1.896937657196799165e+01
1.876848390538094691e+01
1.874951283552144687e+01
1.854591012882108814e+01
1.877364214734986803e+01
1.884719810702017995e+01
1.841965237108687248e+01
1.918803350370235705e+01
1.920886444648236591e+01
1.886677200299579482e+01
1.825186767468686710e+01
1.845916553559295181e+01
1.885117477273908193e+01
1.908665017191028568e+01
1.853257721614634690e+01
1.825345889621360129e+01
1.873032592979416933e+01
1.834602934348410486e+01
1.878759762703990432e+01
1.926381578000740902e+01
1.873780349367033438e+01
1.801959384157333233e+01
1.887355067993288671e+01
1.895887395666247244e+01
1.888529674810285997e+01
1.891645026855982437e+01
1.914676238212155823e+01
1.850043655570702583e+01
1.918620821737472681e+01
1.829542267876756156e+01
1.955265310966857584e+01
1.918012293445018557e+01
1.872624304380634896e+01
1.909095671879535061e+01
1.931917356781566397e+01
1.860504578059092040e+01
1.829850267593361224e+01
1.846598398609344116e+01
1.882704647083654592e+01
1.839479560015818649e+01
1.831345537827566972e+01
1.842146487527191212e+01
1.858145738962768334e+01
1.849236657645996829e+01
1.901870375079618469e+01
1.882082310159702132e+01
1.831466058370620686e+01
1.886133082293820351e+01
1.903897067685625188e+01
1.858141992439476553e+01
1.868554630805535410e+01
1.870948045340254140e+01
1.836308518396483436e+01
1.879352068688707078e+01
1.787220147067702669e+01
1.826305914562355781e+01
1.890528302479613743e+01
1.870623583623489949e+01
1.846141814743868892e+01
1.869645588019536575e+01
1.814137246695396755e+01
1.903839168760631395e+01
1.846202518857774066e+01
1.842897517492415460e+01
1.877970600891591602e+01
1.819133530590720227e+01
1.894280636052056010e+01
1.858484860999149291e+01
1.858094004565294810e+01
1.870373620715167462e+01
1.851284564071330507e+01
1.972701678820203597e+01
1.833732038333196002e+01
1.921721724501713879e+01
1.878782331284774187e+01
1.862607847123155835e+01
1.865568272021763363e+01
1.926066966833857563e+01
1.898449315383248148e+01
1.875161899358959872e+01
1.840159547143114693e+01
1.866179289521898355e+01
1.923001163259677071e+01
1.850187325397575577e+01
1.781791721707742226e+01
1.773244300312472532e+01
1.841035777577999255e+01
1.836916524076978163e+01
