1.986539049220997910e+01
2.002381266488099598e+01
2.081176417888226382e+01
1.952496866394521291e+01
2.003989568082004880e+01
1.973594970606668753e+01
2.013495140377323978e+01
2.019721816997017427e+01
1.986967837430348638e+01
1.956615676412334537e+01
1.999944060227781151e+01
2.031534715811013925e+01
1.979133418530658162e+01
1.979864620948494647e+01
2.027562679787586220e+01
2.042321367704883173e+01
1.981020576243167497e+01
1.987368176520113394e+01
1.985717159020737910e+01
2.028746677973570911e+01
1.975048369712217067e+01
1.986977237656922668e+01
1.985832810406372673e+01
1.979220760334119689e+01
1.981404810859773491e+01
1.918333865256440163e+01
1.972875884387345380e+01
1.970271984475620997e+01
2.014399270519821172e+01
2.018296807130752413e+01
1.980256514497312281e+01
2.021909349665398281e+01
2.066742433569193338e+01
1.984115398862285673e+01
1.934316990462081876e+01
1.975742830640958658e+01
1.988033991025163871e+01
2.117222102035644937e+01
2.074935741871837891e+01
2.007429625837994891e+01
2.143998529826741262e+01
1.920923177650965386e+01
1.936652119273484374e+01
1.999817459612672721e+01
1.985508440855836909e+01
2.039831632237378045e+01
1.971136695492565849e+01
2.037675522469471545e+01
2.012462086244113735e+01
2.103686578201419266e+01
1.994096951932845485e+01
1.939803990349494711e+01
1.997774910450576158e+01
1.988465629957050851e+01
2.024372061566140601e+01
2.037703507248910029e+01
2.091336247835248585e+01
1.934734470985900501e+01
2.018201402345312445e+01
1.978710481258741893e+01
1.896108438361981285e+01
2.041954359518001283e+01
1.951795450843908597e+01
1.977967938256965752e+01
1.959107883602411349e+01
2.018250913502813404e+01
1.955162649299374067e+01
2.014891701299591631e+01
2.067576154714607739e+01
1.989150779433095906e+01
2.070099773037225788e+01
2.038521060225975035e+01
2.032809844942742572e+01
2.048927688243342260e+01
1.968456912054617902e+01
2.007284575606031751e+01
1.943523604432805740e+01
2.005014432135242330e+01
2.098474524918604800e+01
1.985339293483948353e+01
1.983471405163464141e+01
2.046773248364161901e+01
2.012003484716503721e+01
1.911150701229097137e+01
1.979425767011837323e+01
2.108357910679096392e+01
1.994544039762867271e+01
1.980584968015020664e+01
1.897682197837168161e+01
1.968910946932462736e+01
2.004866125678028155e+01
1.975301278861369170e+01
2.018429434922016341e+01
2.005815268224523606e+01
2.038815551101020773e+01
1.989918658851110322e+01
1.973073412878402166e+01
1.932416805189668096e+01
1.953737299790962822e+01
2.051473475150969961e+01
