1.915311141689345220e+01
1.862872609461280859e+01
1.938961296025718894e+01
1.869783254726560173e+01
1.924341530484825213e+01
1.884156663552750999e+01
1.887558143784459830e+01
1.897566388781451252e+01
1.887177647341425768e+01
1.888900539230310471e+01
1.880525396731671250e+01
1.902915565063665326e+01
1.864728710335684525e+01
1.933765268513677782e+01
1.893646605121458038e+01
1.899033065643200402e+01
1.880703038677990335e+01
1.902310837987946357e+01
1.815049653467487545e+01
1.885028982576781686e+01
1.860111560940407216e+01
1.826969952327270974e+01
1.917506159229017371e+01
1.854518430846478694e+01
1.897799712411192630e+01
1.850674822454939417e+01
1.884346350125373348e+01
1.946410980970632565e+01
1.954153120911922059e+01
1.868474544309121654e+01
1.981860212255348941e+01
1.879999221653838148e+01
1.911526024853843353e+01
1.941364675650947547e+01
1.922430890097151135e+01
1.903928556262509630e+01
1.917480040490769966e+01
1.909733871212039347e+01
1.864766145639318395e+01
1.896069117459504838e+01
1.918893150942912129e+01
1.929241421564989878e+01
1.913797895063263965e+01
1.897778245247699047e+01
1.912190343115407387e+01
1.892165587256018711e+01
1.882154657976920120e+01
1.915228576805197491e+01
1.924697078351875135e+01
1.924240425353137951e+01
1.923741794953047091e+01
1.940896845667547055e+01
1.887232646142193104e+01
1.927601973202666841e+01
1.925177059900162391e+01
1.844868325700488043e+01
1.874288700550206599e+01
1.882437961126615278e+01
1.917719359779145805e+01
1.918013159733618522e+01
1.898897844652888267e+01
1.899585456695828967e+01
1.893444077706258710e+01
1.821022797432507190e+01
1.911304818525557891e+01
1.836498079830169416e+01
1.920891850303588200e+01
1.852663072701105662e+01
1.884641013873487836e+01
1.847467710511408967e+01
1.862828879423204498e+01
1.917076440417820393e+01
1.865755799802307635e+01
1.866977850991997911e+01
1.895322611771997856e+01
1.936129663314974891e+01
1.893446500255486598e+01
1.903215109442642827e+01
1.867638395106876459e+01
1.871738967223757655e+01
1.915116088552183626e+01
1.872431743761951140e+01
1.919361702680346227e+01
1.879752274708026150e+01
1.916764689172755709e+01
1.897754118711232252e+01
1.950419218139281341e+01
1.953536707492715863e+01
1.843520169824040167e+01
1.904592150080071278e+01
1.913373188804765590e+01
1.850161428264300767e+01
1.886378161655439101e+01
1.973815592013700382e+01
1.893040390397572992e+01
1.961854550180512291e+01
1.884237313329845875e+01
1.859199692602854981e+01
1.964239101888379579e+01
1.923502204754279887e+01
