2.301771925639889460e+01
2.150755881763535982e+01
2.416222933227036762e+01
2.255881860857877541e+01
2.258220487483939110e+01
2.282490525926492353e+01
2.136555315734480942e+01
2.233673101917466752e+01
2.221861112345539624e+01
2.382848175701044013e+01
2.247011373896624420e+01
2.288631681145153607e+01
2.338860546121169648e+01
2.285145227379180355e+01
2.351863845783962859e+01
2.259082187541602593e+01
2.258506425377465376e+01
2.305735055986777837e+01
2.254823635529172421e+01
2.314294205416262429e+01
2.189401056864444328e+01
2.234443665978450966e+01
2.233748734388022328e+01
2.280133668518009671e+01
2.240430588414076851e+01
2.299897394497530456e+01
2.216116221855486756e+01
2.200102898972674126e+01
2.339383253242240457e+01
2.381285501350008005e+01
2.247916849773399406e+01
2.198538013384784762e+01
2.287278982518270354e+01
2.305557498288197493e+01
2.277320601228564101e+01
2.291892206631530016e+01
2.148529443011986473e+01
2.504585819346533526e+01
2.297135811043843390e+01
2.326849490968932699e+01
2.212064042953812759e+01
2.176393334681781155e+01
2.245979857802202062e+01
2.361879685977125121e+01
2.457718265646322209e+01
2.310563215961737527e+01
2.322031109838178864e+01
2.371888296412189945e+01
2.124484068073067888e+01
2.296695546859213621e+01
2.241800847688302767e+01
2.296430937160166508e+01
2.366587876590009287e+01
2.207293594533734549e+01
2.269848392395495296e+01
2.199591401620675768e+01
2.270459618088624509e+01
2.250391946919204500e+01
2.355373347898343894e+01
2.164647083162023122e+01
2.327267594957504215e+01
2.191480325561946074e+01
2.423416542842672072e+01
2.247170131290701534e+01
2.294145042221259700e+01
2.216776491895541668e+01
2.211226967477201555e+01
2.268811045833171036e+01
2.347155635217164260e+01
2.349805929549644290e+01
2.183056449310614155e+01
2.288366621497612741e+01
2.241682105046977824e+01
2.391622525901162177e+01
2.215182225859162202e+01
2.260198529466532591e+01
2.340647200184886856e+01
2.180062756207414765e+01
2.285319179848804794e+01
2.268359105367808581e+01
2.264248963046066265e+01
2.223771146597461623e+01
2.359734783571611061e+01
2.307171754166637001e+01
2.197071646116121002e+01
2.214996727546148492e+01
2.242565000230859340e+01
2.374196249714841400e+01
2.311005115127970555e+01
2.265113484259403620e+01
2.253385762870560782e+01
2.238663549572500244e+01
2.290638842659202723e+01
2.342327443388257890e+01
2.292418080558952553e+01
2.454245294155645141e+01
2.183010171058601046e+01
2.244476141908844369e+01
2.400986888510936978e+01
2.346604866863619776e+01
