2.212340481345112764e+01
2.270970808574692512e+01
2.235070282052338442e+01
2.121179916686310563e+01
2.213339146197112939e+01
2.306867431834625393e+01
2.174672410707569981e+01
2.230401707727816785e+01
2.212625987786613280e+01
2.118020546177757879e+01
2.219546659398734434e+01
2.221350060509765356e+01
2.290692389853328592e+01
2.215630063199682809e+01
2.157177335178436550e+01
2.248192554252736741e+01
2.149731323117379489e+01
2.176921765114875384e+01
2.184311327006479786e+01
2.266160017751263922e+01
2.202270180983982328e+01
2.198247020137278085e+01
2.163212900288527152e+01
2.243038839869619849e+01
2.193978081995928875e+01
2.102659297182068343e+01
2.242280727069519486e+01
2.224924380900150211e+01
2.304265652245797114e+01
2.259681652481650715e+01
2.134492416329077713e+01
2.287279519181224074e+01
2.209854081003877369e+01
2.238557901213283685e+01
2.179511762346491821e+01
2.284527437640294067e+01
2.222247393557151085e+01
2.223297842922377043e+01
2.261317325418010071e+01
2.323887117716121864e+01
2.316012237600137169e+01
2.254102068073156317e+01
2.307328533804528803e+01
2.356621740820998312e+01
2.269406969034127286e+01
2.179486629766910966e+01
2.169570479557969023e+01
2.278754958490291926e+01
2.203973159189383679e+01
2.228497631127563849e+01
2.278108175513910894e+01
2.223145380299989426e+01
2.247542879175945174e+01
2.207916349586830052e+01
2.241235210238066600e+01
2.255898334702080277e+01
2.098834262672881934e+01
2.189989133919520370e+01
2.177018330696839499e+01
2.196789047149806606e+01
2.312840436238426278e+01
2.186079229127994950e+01
2.263050909981795655e+01
2.271524259139333779e+01
2.217566987911764542e+01
2.199177930479916654e+01
2.202008312481278907e+01
2.166476819306246426e+01
2.135136158995875988e+01
2.132169235674884433e+01
2.151584615593308314e+01
2.215322109495382819e+01
2.190468352829095977e+01
2.242397916355970722e+01
2.206637723594268152e+01
2.234299789053725860e+01
2.155735461433098621e+01
2.264646364403317591e+01
2.153762271378957038e+01
2.223008772537298228e+01
2.271023542480210011e+01
2.130977493072367679e+01
2.289901735231731905e+01
2.328059538947118057e+01
2.205510070334508654e+01
2.176493274239050990e+01
2.265442772518220593e+01
2.324989197269053420e+01
2.235084731587481244e+01
2.151466525281662001e+01
2.218547549205734271e+01
2.232898580783407638e+01
2.173333298986835160e+01
2.195572624817205565e+01
2.135744742378451377e+01
2.173319770137601381e+01
2.273859265718751033e+01
2.206429259518393593e+01
2.159226488601535010e+01
2.227458455591632713e+01
