2.143803033739740727e+01
2.004339646492809024e+01
2.089198373982346268e+01
2.029773102141295382e+01
2.012240071406843356e+01
2.067390113632453819e+01
2.066884455304406742e+01
2.034778903848206255e+01
2.092063342551799821e+01
1.955833175287801851e+01
2.115164420800716627e+01
1.981025256357433761e+01
2.090666121918606279e+01
2.053487369589205613e+01
2.006706254349074214e+01
2.027530275135941196e+01
2.019787370724589692e+01
2.054347360021658275e+01
2.060715117903530924e+01
1.992902820047780210e+01
2.025523887952050828e+01
1.988272898203498684e+01
2.002834181057202656e+01
2.046240933390931716e+01
1.996615851040172274e+01
2.086514758546627135e+01
2.172465969817578468e+01
2.003331454452737859e+01
2.058592550075969285e+01
2.074983575101640909e+01
2.015034416678411588e+01
2.085638200860647018e+01
1.999613575256554654e+01
1.997492106449742622e+01
2.011433507875062077e+01
2.121957032036235802e+01
2.077844561366239873e+01
2.099748427658288463e+01
1.992037452189489954e+01
2.007274201616524678e+01
2.221023274000074466e+01
2.100689370214672991e+01
2.075284577052795854e+01
2.131297894197211562e+01
2.122255689590592809e+01
2.056075594285106689e+01
2.014829440708822617e+01
2.032734712707927471e+01
2.061416942823787934e+01
2.106118067448515774e+01
2.090531778687180164e+01
2.084217711367877612e+01
2.066952924024956317e+01
1.977610270803778292e+01
2.129014505876989460e+01
2.137971853851579240e+01
2.164138202659660948e+01
2.050396787715841640e+01
1.997010768862499930e+01
1.905756689729677689e+01
2.081494240488302694e+01
2.025943371323443642e+01
2.107293499276915938e+01
2.032309295880344635e+01
2.043776345399603755e+01
2.074593854742331800e+01
2.082664849831666842e+01
2.046066864108767547e+01
2.101831341477992510e+01
2.038630248472982132e+01
2.094053313246227077e+01
2.038241954421145863e+01
2.016127418728953913e+01
1.995347940547369348e+01
2.137105949935014948e+01
2.075619056588173095e+01
1.979798967004127874e+01
2.060930727547587082e+01
2.065977827546187484e+01
2.042393955392698501e+01
2.027899138644293942e+01
2.076139185219543393e+01
2.082332130499494127e+01
2.076433215905459306e+01
2.159101060665338778e+01
1.995323509814555152e+01
2.082239170528308136e+01
2.080470144969800472e+01
2.089266156489268411e+01
2.073219826682761990e+01
2.044276211785626174e+01
2.036901353662040037e+01
2.035928364484918873e+01
2.071752609320969896e+01
2.029322430363673746e+01
1.989646111167458997e+01
2.040447574747632231e+01
2.033615241532577755e+01
2.100666438259675672e+01
2.020178333880378929e+01
