2.110793999861478909e+01
2.092658726883873399e+01
2.048166387684115008e+01
2.001991187270629879e+01
2.170151385645925401e+01
2.031476435166254646e+01
2.025896406611415657e+01
2.020796428555003743e+01
2.171998555108041984e+01
2.178064615809440596e+01
2.096965921612928341e+01
2.077657710776009381e+01
2.159793498064097506e+01
2.088539948194957319e+01
2.108666086214639535e+01
2.139086674311956315e+01
2.058039015062031751e+01
2.078717796066704793e+01
2.102648287983161879e+01
2.100103892431428321e+01
2.072568652372726206e+01
2.140739065354333803e+01
2.063174055513467309e+01
2.063115891297147542e+01
2.124953689361538878e+01
2.171579655991459390e+01
2.194530124708710872e+01
2.095529083884104793e+01
2.141601424629338979e+01
2.117177772982667960e+01
2.112535396532525311e+01
2.056171266312190937e+01
2.155458195665891097e+01
2.133185670334597717e+01
2.110494769661920955e+01
2.204972816012703518e+01
2.102161686118717299e+01
2.160072668971489307e+01
2.155847560701662147e+01
2.098380963711793257e+01
2.089999019342618070e+01
2.118609542941844381e+01
2.191352805687460759e+01
2.088312027401568116e+01
2.159309994932257126e+01
2.110643096655975270e+01
2.156005122488135584e+01
2.167789861422550146e+01
2.100683560393684957e+01
2.069756574084467715e+01
2.107942581256741121e+01
2.166339809023697072e+01
2.082870184937388203e+01
2.161505872107696291e+01
2.147312018501797937e+01
2.213860409451230282e+01
2.128210824118829336e+01
2.088008148118591834e+01
2.031243291948125318e+01
2.120304677485708567e+01
2.088613433168852751e+01
2.153757900200015740e+01
2.129017966066086132e+01
2.095297932636486848e+01
2.109575856564724461e+01
2.100624523796232168e+01
2.170577931281751205e+01
2.083246607217765245e+01
2.023778634505437424e+01
2.103048652070795299e+01
2.071216799282941068e+01
2.049218222812487866e+01
2.059453614267659916e+01
2.070305113801689600e+01
2.074264973542327439e+01
2.090193127823096120e+01
2.262357205163278806e+01
2.074921589055641746e+01
2.146399294786725420e+01
2.077008954836600552e+01
2.155890391940507556e+01
2.120764189615256257e+01
2.073627072620527301e+01
2.106604787856553074e+01
2.093412063850136207e+01
2.082752241329355769e+01
2.159438881816237554e+01
2.104926330848078209e+01
2.061113558182271888e+01
2.140341120151585841e+01
2.064886914545592234e+01
2.135482721662776839e+01
2.047281160572798697e+01
2.191543292304177371e+01
2.085043261361886024e+01
2.147175142115753843e+01
2.123011469797484807e+01
2.138372357912504995e+01
2.087503281156547530e+01
2.127479377762237078e+01
