1.531579076205643908e+01
1.486289544247528660e+01
1.500017167925428119e+01
1.511136374880652156e+01
1.498706649388096857e+01
1.510133492189095428e+01
1.508165184810117587e+01
1.537443036863791512e+01
1.490673169706151135e+01
1.542437937337393450e+01
1.498203254911211602e+01
1.502439243661752499e+01
1.502166750916385851e+01
1.494082088347837178e+01
1.514794021922341116e+01
1.517422927168051316e+01
1.514529960704353329e+01
1.502254581239654208e+01
1.481461150188019715e+01
1.539745571957179315e+01
1.527650284266973202e+01
1.524166488808929998e+01
1.466076112387765029e+01
1.506031874115902625e+01
1.449680113621149147e+01
1.486591440168293232e+01
1.502793283857158535e+01
1.492529890838856055e+01
1.520690984196149387e+01
1.487304875015844807e+01
1.521850155846573571e+01
1.537545247474494481e+01
1.500082365753912406e+01
1.531456386481771936e+01
1.514896983130698693e+01
1.450922444103130005e+01
1.522674435777741309e+01
1.519935676665848945e+01
1.510750007006440576e+01
1.515819748771290776e+01
1.523992906305352868e+01
1.492839453205192335e+01
1.512564107082212317e+01
1.478204019767526489e+01
1.509396168880392075e+01
1.510539519322986379e+01
1.509164753081776311e+01
1.500851121512552844e+01
1.536891053210435487e+01
1.508199846620384932e+01
1.497413047561699706e+01
1.480346604146004630e+01
1.542301164444650041e+01
1.480497769955735166e+01
1.484161970799418917e+01
1.520121867239973845e+01
1.534684692751732626e+01
1.523861106458357284e+01
1.525355268173072432e+01
1.493275488314262134e+01
1.492339639806827378e+01
1.535448451759132382e+01
1.460065897164130888e+01
1.500695179767062371e+01
1.466067001361281186e+01
1.464439037431975521e+01
1.502934665811618764e+01
1.495558358776730046e+01
1.474158982810861040e+01
1.514251135209437926e+01
1.498488278798952322e+01
1.491899776586976856e+01
1.525921831572535226e+01
1.512394824992509967e+01
1.464855712858294723e+01
1.499423092450565598e+01
1.474949522850242900e+01
1.524336893454326969e+01
1.502505771683614633e+01
1.541300021607989734e+01
1.501282843704085224e+01
1.453094992175493161e+01
1.534228874629917172e+01
1.474138171788554175e+01
1.498486322828549078e+01
1.504427754811752749e+01
1.490804159715587041e+01
1.491403353660519748e+01
1.545008234092686195e+01
1.499731365397069993e+01
1.497381798699951183e+01
1.522512346700976060e+01
1.490150317889998099e+01
1.512278456597652543e+01
1.528693899230834852e+01
1.511289469760587068e+01
1.511740117861062060e+01
1.503547708020495222e+01
1.488184994205026612e+01
1.471143266502782154e+01
