2.248940617403037479e+01
2.313909001487665051e+01
2.334488292841149004e+01
2.284166967654262592e+01
2.360320466773403680e+01
2.274891363938442623e+01
2.218440204146720873e+01
2.475728291916341917e+01
2.323318794962768052e+01
2.201605106736417028e+01
2.290591669087447357e+01
2.311748248405567807e+01
2.306594191188577625e+01
2.241681426037603941e+01
2.429853944787009823e+01
2.353544042457712138e+01
2.281223977069387843e+01
2.340334462403482263e+01
2.443485386371723678e+01
2.384314659637889378e+01
2.293096795425865864e+01
2.254574782649659426e+01
2.316985286207534855e+01
2.241419253594094840e+01
2.313813054832336036e+01
2.188925914482318902e+01
2.339722656121209710e+01
2.392941744779650648e+01
2.320732724851028905e+01
2.417360178867043530e+01
2.345834240987352004e+01
2.324896989616587106e+01
2.405085085890514307e+01
2.334103769014048879e+01
2.346239370478012276e+01
2.362919582617529457e+01
2.203842798098776612e+01
2.225579597923434605e+01
2.249455162344418468e+01
2.324143099616366115e+01
2.311921074271166177e+01
2.212751326999490686e+01
2.430577984334641428e+01
2.341124045591010372e+01
2.381255242249599036e+01
2.402252095946458255e+01
2.377695430278243194e+01
2.262343709692493832e+01
2.369489590351833996e+01
2.406834614588630572e+01
2.316362401115287994e+01
2.323088268520317001e+01
2.255011473300272939e+01
2.348070490899101515e+01
2.299246243164954961e+01
2.460228138914795792e+01
2.463803548788786202e+01
2.321909075474971118e+01
2.196401789844079389e+01
2.296569855056776532e+01
2.342955624202416587e+01
2.331031254517905182e+01
2.276272463235925514e+01
2.341472156150210537e+01
2.362122184307266792e+01
2.283782233366026659e+01
2.207168863971996231e+01
2.380344504544729389e+01
2.252025841933722106e+01
2.313884117882334124e+01
2.286437950451232481e+01
2.276901694736474013e+01
2.319182273958777785e+01
2.356417463986241856e+01
2.356303801700720157e+01
2.197077789826273531e+01
2.238799899856853770e+01
2.316380526754345226e+01
2.289117858097155889e+01
2.285884185080231035e+01
2.348531496700545773e+01
2.298076245576659815e+01
2.246151911675487867e+01
2.384903191345623341e+01
2.306939086879060241e+01
2.226473200391875196e+01
2.264804298917285763e+01
2.287148904878979749e+01
2.215686937069964557e+01
2.270220924279471575e+01
2.275310460190950579e+01
2.364591681634694353e+01
2.283965495504719456e+01
2.300994078639714502e+01
2.290547630028676451e+01
2.271426770218101154e+01
2.250099611703167213e+01
2.243102799661969371e+01
2.359381149061327321e+01
2.322187114899233507e+01
