2.791555155492164886e+01
2.511575255016267505e+01
2.663061892214393112e+01
2.512873574735856508e+01
2.612175698562028003e+01
2.871053164933036328e+01
2.576119780243798729e+01
2.759560981650971456e+01
2.737540213913452192e+01
2.713435177856786140e+01
2.540170955309032763e+01
2.707159646750154991e+01
2.572385054144191585e+01
2.743867507033846564e+01
2.645446433865201641e+01
2.618066056075343440e+01
2.573170547523061558e+01
2.609446646872622821e+01
2.541059648839538809e+01
2.676166168974934223e+01
2.633069211269641130e+01
2.661300408278837182e+01
2.604071007336649757e+01
2.729759680574196423e+01
2.540940849284412195e+01
2.670033566769770417e+01
2.548991406972683293e+01
2.852663645660723546e+01
2.627104605247361135e+01
2.832507896538985293e+01
2.711168290841683159e+01
2.569433248077731591e+01
2.656659737092956064e+01
2.517807360725624832e+01
2.751052201574844602e+01
2.580490170404259587e+01
2.760900191128028780e+01
2.639748940717213088e+01
2.654319121272218496e+01
2.624239094693106011e+01
2.797047715102091203e+01
2.637284798865208302e+01
2.751125878148379300e+01
2.541657569075131562e+01
2.562868246493886559e+01
2.728353557239208982e+01
2.635080463887975455e+01
2.635639294362878715e+01
2.618775575980263426e+01
2.660271035845810772e+01
2.726501450314737696e+01
2.647127602751625020e+01
2.800897953359769232e+01
2.508768095183228297e+01
2.580907288503555819e+01
2.690182911797474929e+01
2.744991929619208904e+01
2.571243757929277507e+01
2.596600089722669225e+01
2.756818087188120359e+01
2.600362207679836857e+01
2.691548620485286847e+01
2.616324803850384839e+01
2.586490563565190826e+01
2.687406619140676867e+01
2.692552021163822218e+01
2.684337781401135814e+01
2.634726926630328947e+01
2.726469701202436013e+01
2.581397149428820725e+01
2.720399836744092426e+01
2.806629171679640322e+01
2.673991829755976823e+01
2.766783604484307801e+01
2.799985438247014002e+01
2.573718454080130869e+01
2.694187862146883461e+01
2.610851308847432506e+01
2.593569066592660732e+01
2.528879695684443973e+01
2.616417501095368792e+01
2.743208156608282167e+01
2.654725643990851580e+01
2.743209187299005691e+01
2.549222492163394449e+01
2.605744835034517237e+01
2.589738464340980428e+01
2.832325800534040994e+01
2.732283009122131645e+01
2.562333899400319837e+01
2.721542865642050302e+01
2.733483402680206353e+01
2.541371838625543234e+01
2.539107314488387246e+01
2.642968323200763692e+01
2.687723610486779435e+01
2.842195089569312216e+01
2.638777401725716487e+01
2.756515766126688405e+01
2.708101769501393008e+01
