2.429320975171144070e+01
2.394170174398954387e+01
2.357154703104637505e+01
2.311947184555522838e+01
2.356429245359887048e+01
2.431081730659268914e+01
2.334672261276138627e+01
2.322487788238530726e+01
2.334944191705704242e+01
2.404870826740901890e+01
2.405673532562350303e+01
2.276479093986684887e+01
2.359687414776724879e+01
2.349417553869700725e+01
2.487751780824666525e+01
2.263241184332264666e+01
2.459315465452956673e+01
2.283808391838518759e+01
2.391226914133552839e+01
2.403148387405219566e+01
2.380815138895986394e+01
2.370220065109700869e+01
2.195092863379413828e+01
2.414372704183549700e+01
2.270263442030315915e+01
2.365316720393912675e+01
2.318266952128871949e+01
2.235275604488538548e+01
2.500215485497215795e+01
2.497016645898175113e+01
2.349117749191034221e+01
2.328396825318163010e+01
2.429239988212610157e+01
2.448719916160233723e+01
2.496728907817834298e+01
2.411997116187932022e+01
2.390493762662893218e+01
2.330922708821761447e+01
2.423570277766271985e+01
2.446151076139658542e+01
2.494110090530174162e+01
2.279464416529937409e+01
2.360219984374990787e+01
2.274787508734974395e+01
2.361961877910287555e+01
2.449950248734323566e+01
2.490810350391081229e+01
2.307499963636874085e+01
2.308445058191065158e+01
2.227200730458537947e+01
2.466455168452765889e+01
2.375871990484024820e+01
2.411178726491466051e+01
2.367210354915862780e+01
2.397022867926843759e+01
2.414088040402220514e+01
2.279446892302467731e+01
2.425421366306123971e+01
2.294680896582265106e+01
2.316351540930770625e+01
2.428578664774516938e+01
2.432144842642425075e+01
2.280556005968477606e+01
2.429156950355933020e+01
2.410864577526520591e+01
2.341722144397414240e+01
2.330262742572396917e+01
2.351581214030337819e+01
2.285654473093624617e+01
2.485001830342652340e+01
2.318182243299951040e+01
2.366122109007125829e+01
2.447818084331940369e+01
2.392217471044126498e+01
2.373040689633064204e+01
2.430221372238821687e+01
2.381321873823119972e+01
2.410887397121482323e+01
2.382162944880233724e+01
2.450927011206234951e+01
2.459610605303077335e+01
2.339054819506586114e+01
2.300284774404056165e+01
2.445887330485746602e+01
2.377015200417813290e+01
2.488222830311932654e+01
2.346691284271554068e+01
2.400283922047683660e+01
2.317081416832539986e+01
2.309395720129196761e+01
2.382867281974925788e+01
2.359724351893579097e+01
2.518533098435531770e+01
2.288033053971494724e+01
2.350287007212227053e+01
2.398347761351263330e+01
2.335861737176162123e+01
2.354381736198324049e+01
2.410364675530645329e+01
2.346712810730373278e+01
