2.522903652246482764e+01
2.476640209055874209e+01
2.359753658273887922e+01
2.512016602688609623e+01
2.421902850787715877e+01
2.695111517320342998e+01
2.453515818458439313e+01
2.537358610472409737e+01
2.591818562995086239e+01
2.528964682813320053e+01
2.481027236075678388e+01
2.481174576306284152e+01
2.536959704103833957e+01
2.473418690225609140e+01
2.436531242795873453e+01
2.427931913622834514e+01
2.514715553785217850e+01
2.494585016202587369e+01
2.454860205742085810e+01
2.457029098551526047e+01
2.408616824713411475e+01
2.403724867080087790e+01
2.554277522790996358e+01
2.584028608381392189e+01
2.515594343406752031e+01
2.596578024313734545e+01
2.523952188039265110e+01
2.612918426312264941e+01
2.478871047762385160e+01
2.490697397216989017e+01
2.676299014859669256e+01
2.615198568440129634e+01
2.495824607706513376e+01
2.486711032033436553e+01
2.505416320084915327e+01
2.582896899500391541e+01
2.471094880923143222e+01
2.507230843628238759e+01
2.507681267335464526e+01
2.491332256228659148e+01
2.650858140950717257e+01
2.420718038382877069e+01
2.616067072240303304e+01
2.437582778176501463e+01
2.761101694529684281e+01
2.538770370008939992e+01
2.398234571726011666e+01
2.475317762824415979e+01
2.516622161902274257e+01
2.537217035154539246e+01
2.569553637618486164e+01
2.378399988249243791e+01
2.459542863404347557e+01
2.629353806658945203e+01
2.508201299645932281e+01
2.490179558768582524e+01
2.408411254783005262e+01
2.594469693393317300e+01
2.540244226671060801e+01
2.579388211505270689e+01
2.448252525631020404e+01
2.595654796597771963e+01
2.516167419304262509e+01
2.487571762851634105e+01
2.462251891222573263e+01
2.450660364029798544e+01
2.667785959102572235e+01
2.508780484288582713e+01
2.532861142692473777e+01
2.471179664095195960e+01
2.493102534033279127e+01
2.616750451607839523e+01
2.541351886651627723e+01
2.597223130721365436e+01
2.483600249968728590e+01
2.449341234604477791e+01
2.574979181553445073e+01
2.647152359394602428e+01
2.363703777701682185e+01
2.557552475060282404e+01
2.561845645023397111e+01
2.477901881223425207e+01
2.607014524911997810e+01
2.625148335501532060e+01
2.530582481123945016e+01
2.387032210629457651e+01
2.497561411238341478e+01
2.481651865937817902e+01
2.439918751460976765e+01
2.681279629789647601e+01
2.590996933376803213e+01
2.491213139044962688e+01
2.566483469783563010e+01
2.644256999723243950e+01
2.605214545632893675e+01
2.551298640391489769e+01
2.578875778918320805e+01
2.703839235806299612e+01
2.519751466552265740e+01
2.505260913439473569e+01
