1.503228639416810886e+01
1.495475310326925644e+01
1.513684776307437829e+01
1.530437098555976583e+01
1.512995955206171317e+01
1.516844640008484824e+01
1.516678848588304973e+01
1.513069813288031540e+01
1.529954654617620591e+01
1.496029625521792816e+01
1.521676469043192448e+01
1.500474218376081126e+01
1.497224970238691810e+01
1.508452474575484104e+01
1.534702538416341433e+01
1.513401151229247432e+01
1.513287415917929124e+01
1.522421867330377587e+01
1.561724376587390495e+01
1.507785101418229345e+01
1.536789891672133557e+01
1.497961106021480227e+01
1.526167500417041190e+01
1.505131025435012937e+01
1.536421846059967322e+01
1.532876399998837691e+01
1.533701386329079419e+01
1.567892837162304787e+01
1.493355458726321316e+01
1.532583782517855120e+01
1.529848601915845663e+01
1.520912093552473543e+01
1.515486878644587954e+01
1.546370305746846263e+01
1.509278889614500763e+01
1.530848836488313580e+01
1.511285357295652254e+01
1.522491241221300484e+01
1.490918603848838409e+01
1.479023127779433722e+01
1.512355965191238028e+01
1.510155112524574506e+01
1.469120748040485225e+01
1.494447159862658125e+01
1.525443411224931189e+01
1.562497723730698418e+01
1.506621702275532293e+01
1.508022057628727630e+01
1.515851980302666213e+01
1.500634738439339166e+01
1.533185114067477706e+01
1.522459180605341089e+01
1.549504052476452820e+01
1.535839173664354718e+01
1.529741403383411047e+01
1.527985225526861335e+01
1.525129745889476851e+01
1.521455663477902220e+01
1.518113721856274623e+01
1.503683820594538822e+01
1.460081470216916344e+01
1.564294463187453665e+01
1.521237265641317293e+01
1.539358376299520437e+01
1.515901921318879708e+01
1.492975386863725795e+01
1.517108303532577551e+01
1.535747428917243163e+01
1.539893445402480587e+01
1.511351507303542974e+01
1.578177156702840378e+01
1.518425766297666790e+01
1.518364472438532076e+01
1.489615590246914678e+01
1.526976554921515294e+01
1.498090212904633844e+01
1.567530968808900305e+01
1.508045920692779873e+01
1.517707602165994274e+01
1.527508128129843712e+01
1.497899944786107262e+01
1.533455514627634386e+01
1.528471514705714362e+01
1.540385613985760571e+01
1.507444725821488873e+01
1.511606949424083268e+01
1.527334239707880670e+01
1.516692849921117769e+01
1.504272615015742609e+01
1.499962564354156314e+01
1.545120120781595219e+01
1.501563872116131648e+01
1.542545099107510076e+01
1.497430588244706762e+01
1.545211058589635655e+01
1.488500512795006436e+01
1.523294787345701984e+01
1.565750021421193772e+01
1.556134220610095120e+01
1.558436936045669796e+01
