2.352309802689573814e+01
2.480134590721005239e+01
2.438636887678361376e+01
2.333031467305983853e+01
2.318234903602122188e+01
2.328302143666210355e+01
2.487827859937249286e+01
2.289986355346406199e+01
2.271263847083647391e+01
2.183095459792420812e+01
2.292795782887893807e+01
2.369343205862973534e+01
2.247590407302664062e+01
2.392862805092244827e+01
2.418565445361341659e+01
2.371491779665612754e+01
2.468147867184779543e+01
2.481394187409113883e+01
2.294635998327630233e+01
2.326562242435020877e+01
2.450007373868428573e+01
2.336620552992221889e+01
2.487750076920617914e+01
2.434915859579292530e+01
2.375410805472780496e+01
2.333921777990986968e+01
2.422267957793985005e+01
2.488692491833289466e+01
2.241243755801183823e+01
2.302909346925778067e+01
2.356181997075248091e+01
2.467468427714677759e+01
2.301537932116614371e+01
2.350351999367409661e+01
2.346314874832220454e+01
2.449957321508677666e+01
2.351915489130983516e+01
2.399101798987754108e+01
2.362465356580390718e+01
2.449153924115381997e+01
2.361444442594125803e+01
2.501417543755582784e+01
2.308013914498828356e+01
2.330003134332987003e+01
2.284337518539455303e+01
2.356849029841524512e+01
2.325198313358130520e+01
2.337161415004821308e+01
2.407062960544296715e+01
2.404044999647757663e+01
2.394677780387548793e+01
2.349392290229098279e+01
2.428197873052985045e+01
2.278979108613710380e+01
2.404572533547983682e+01
2.259710185426412821e+01
2.304602020086224812e+01
2.274771640946109841e+01
2.343340935136339809e+01
2.207547566675201978e+01
2.404078946832244057e+01
2.469868817342432621e+01
2.374853171196065915e+01
2.323553447583293519e+01
2.378889979066136462e+01
2.377173875294818473e+01
2.423965269052230909e+01
2.434496212013747396e+01
2.292970239013919098e+01
2.458692407103916366e+01
2.322569545060217777e+01
2.289553548198432509e+01
2.398511559384915870e+01
2.363549652973107129e+01
2.376429140526890649e+01
2.308899098485709445e+01
2.270649689012538630e+01
2.426666775422559752e+01
2.424437145646995972e+01
2.351007192649970179e+01
2.292644734566202658e+01
2.290974065927558456e+01
2.389637070703480148e+01
2.296127123004584547e+01
2.406916776385964951e+01
2.347357781020020795e+01
2.296773040392499965e+01
2.341270025096260810e+01
2.385309402916131916e+01
2.365982850379484148e+01
2.451827542810934446e+01
2.316680414846924307e+01
2.379977520430631088e+01
2.218191542957149665e+01
2.331148547559766371e+01
2.226150767858382906e+01
2.370159400747110467e+01
2.257028882584896579e+01
2.295781816248144125e+01
2.302402893469044898e+01
