2.453178124017864903e+01
2.481877052922470384e+01
2.469923206634102186e+01
2.336844765370972965e+01
2.441145375701580278e+01
2.391851901056239527e+01
2.393276457610096841e+01
2.516000205324419525e+01
2.437124862161666883e+01
2.415951338370951973e+01
2.425081257162223380e+01
2.418562160787084281e+01
2.455174272073510267e+01
2.562519650414852634e+01
2.399566350559028294e+01
2.497782391254387591e+01
2.379167914105170922e+01
2.619378558445423621e+01
2.548308604649164266e+01
2.428248544480807070e+01
2.418320680398422695e+01
2.397546127850901243e+01
2.530130019207015479e+01
2.411054768098925649e+01
2.421117752024031944e+01
2.530074510701453860e+01
2.433707387618800411e+01
2.616537972541821588e+01
2.435566165796730687e+01
2.611860418437486331e+01
2.590841351820584038e+01
2.567430669527697873e+01
2.561164951658606270e+01
2.485230061295449389e+01
2.514952426398572882e+01
2.337072515237829862e+01
2.422832479583591692e+01
2.355417705581875154e+01
2.523653429071060117e+01
2.501256779114564921e+01
2.394772264777595439e+01
2.508118282675255628e+01
2.373791083282718617e+01
2.472107723089752085e+01
2.414165937605898904e+01
2.414034641520358804e+01
2.449948438108823368e+01
2.404513786843304146e+01
2.347659675365988363e+01
2.535108172656986625e+01
2.509816357748074367e+01
2.390034768518331276e+01
2.437374070498303169e+01
2.425659312617707997e+01
2.489522654526551548e+01
2.470886739849380476e+01
2.431010070442379245e+01
2.414269588519190179e+01
2.479694470479976687e+01
2.542939154903971044e+01
2.517615103319194247e+01
2.449789064791262305e+01
2.385565499270241574e+01
2.441870470425872597e+01
2.462329148887273078e+01
2.398100744291602027e+01
2.435672421350792405e+01
2.425082045395045682e+01
2.555894755741207902e+01
2.575596024398562989e+01
2.430431383451267635e+01
2.411508744108511237e+01
2.516622168895150935e+01
2.523235765756445659e+01
2.504852063196910450e+01
2.422693888153759545e+01
2.356570966211154428e+01
2.431797138763030475e+01
2.409480479245992157e+01
2.350570485417390643e+01
2.440970206002748810e+01
2.381727606587833534e+01
2.327423401424463734e+01
2.469501989669388209e+01
2.354578337589154202e+01
2.260039732607291896e+01
2.441010988787822100e+01
2.441098644803746964e+01
2.409834636010751296e+01
2.389688478043759190e+01
2.376225064293454281e+01
2.459977042757986965e+01
2.307912714876087179e+01
2.466152920697541262e+01
2.460923214612161658e+01
2.328814670580559820e+01
2.395328388882133197e+01
2.462449256742524284e+01
2.624498540930801838e+01
2.475355921485426336e+01
