3.028272366037855434e+01
3.194650895830565318e+01
3.141290439628057030e+01
3.222362901220959230e+01
3.021286759926583088e+01
3.054317331893854259e+01
3.333885501165935494e+01
3.299965440755766366e+01
2.986200269652037775e+01
3.026486428040093557e+01
3.127697626466047964e+01
3.123917075907883856e+01
3.030595225608958998e+01
3.027714365141365960e+01
3.233075025384390244e+01
3.041825113259539037e+01
3.254927669020977987e+01
2.990119890439318695e+01
3.143731090044129672e+01
3.032830276637857736e+01
3.414169796493735021e+01
3.134848447131449944e+01
3.186328257937923780e+01
3.153054897621206720e+01
2.990459823121572569e+01
3.292735102158614069e+01
3.460865516559964306e+01
3.070846328122794944e+01
3.081816176827075182e+01
3.024740303915201878e+01
2.998059403448473859e+01
3.053771242823288645e+01
3.148370529887247571e+01
3.102613010863533560e+01
3.083218182325305179e+01
3.019687416409007596e+01
2.956882303100118392e+01
3.091627950637369793e+01
3.130660832228658208e+01
3.037148878976394784e+01
2.848155148339980158e+01
3.243313534661778874e+01
3.133346270002569511e+01
3.007400898348699769e+01
3.402695801527857355e+01
3.199382930188614083e+01
3.204364171245688908e+01
2.960145419100769359e+01
3.000417546418384873e+01
2.974155436859937751e+01
3.113116803939974631e+01
3.010613036553072774e+01
2.950373422601620632e+01
3.032452932727087358e+01
3.106488374186946899e+01
2.984608703377696415e+01
3.004412028063662987e+01
3.163293560594020448e+01
3.079620896111769568e+01
3.216112326106682673e+01
3.128565407414251709e+01
3.260214374190093878e+01
3.142311766756250435e+01
3.201516065995458860e+01
3.273337537403633490e+01
3.109566969783669066e+01
3.036356778329118811e+01
3.075395475215121266e+01
3.142627636034676897e+01
3.194174688243921167e+01
3.070653470706823640e+01
3.015553146906902171e+01
3.006902669144385598e+01
3.334475305362859388e+01
3.343140284074006274e+01
3.112684011879636259e+01
3.095175208058735805e+01
3.300950876556391478e+01
2.892239287500648004e+01
3.062391792501425769e+01
3.068824963959655250e+01
3.041734360310109864e+01
3.019331951441603934e+01
3.182003690589679934e+01
2.916610153557282459e+01
3.163747258178526067e+01
3.018699656200096371e+01
3.010879273243590859e+01
3.230158465225277098e+01
3.035939170814243937e+01
3.320312869355431928e+01
3.173499792176194134e+01
2.894640364598264526e+01
2.993900022355401092e+01
3.165186989776954007e+01
3.165834512615870011e+01
3.046104540287966600e+01
3.099663352028651175e+01
3.051479967338376298e+01
2.952712062890376288e+01
