2.710106984145036790e+01
2.556757912925301923e+01
2.841500754950920538e+01
2.794286642318682112e+01
2.697637832039180594e+01
2.978927075521739098e+01
2.671341210283310730e+01
2.641158216816981152e+01
2.624876823059650022e+01
2.727719334760371339e+01
2.611992995263713269e+01
2.833281354569374244e+01
2.910505829760476715e+01
2.756121759375970015e+01
2.793605423006497901e+01
2.804768024381272085e+01
2.632697185285407571e+01
2.842604585064331602e+01
2.676600873945310610e+01
2.590715555886755794e+01
2.719096615137840445e+01
2.894369548418892890e+01
2.968159481458626203e+01
2.733655692842404150e+01
2.761999523437142301e+01
2.779616631465945176e+01
2.671120767176142508e+01
2.594957966853830200e+01
2.876431409327837585e+01
2.695809862071007856e+01
2.792816306945631410e+01
2.850591274469651282e+01
2.738799039553462578e+01
2.644555090938373709e+01
2.646119195144692426e+01
2.890106359455357321e+01
2.715201989470687138e+01
2.699351859512240637e+01
2.861387760539476943e+01
2.952024168336303944e+01
2.653262287930078145e+01
2.618331580339591724e+01
2.605829890832179174e+01
2.736201678672823689e+01
2.958889708101192895e+01
2.773772883791358979e+01
2.753907206226572768e+01
2.593742711312910743e+01
2.679122131249621219e+01
2.873199330482933789e+01
2.897104529606511747e+01
2.801284035378158777e+01
2.851626503351922892e+01
2.803035510375187656e+01
2.689805088512650499e+01
2.827507725457719090e+01
2.916896739865426369e+01
2.898846467999885945e+01
2.744922672457014201e+01
2.696815682423740412e+01
2.607891219319445142e+01
2.773028698227165734e+01
2.544060514987570087e+01
2.880235245609585348e+01
2.709081485999830718e+01
2.838265041434665292e+01
2.655155477444538903e+01
2.638089006365997591e+01
2.696799734072963872e+01
2.685438900897740311e+01
2.886301582867902837e+01
2.604430261778047750e+01
2.678274522314651662e+01
2.900342444701099964e+01
2.599457466368814806e+01
2.840523037852175392e+01
2.724841381501998328e+01
2.609851869548878511e+01
2.980398048248607523e+01
2.668028169912559022e+01
2.732966412998941763e+01
2.673830970874241686e+01
2.740112778314802355e+01
2.805168518295072388e+01
2.702479936005747518e+01
2.615457017099609160e+01
2.826500688700265940e+01
2.854032348416149745e+01
2.653141182958163213e+01
2.677740950986164137e+01
2.826021394671495557e+01
2.735156538084325106e+01
2.792423989043617283e+01
2.779137911896326685e+01
2.796262330378358030e+01
2.717041111587305124e+01
2.824107687671151368e+01
2.762125602234748101e+01
2.583588871186277558e+01
2.758310928660437966e+01
