2.879980383015160683e+01
2.846223006803831979e+01
3.018037134014436873e+01
3.009533194406614953e+01
3.053238109353033636e+01
3.138521695286965851e+01
3.238656904421936389e+01
3.048641441727238899e+01
2.785366146100338369e+01
3.034824311389948548e+01
3.144616722537976727e+01
3.115705459490875029e+01
3.058504797551610110e+01
3.045002222881710807e+01
3.064200773597857008e+01
2.965511972085769088e+01
3.129378763853062395e+01
3.186428998550301017e+01
2.821267473565804096e+01
3.003239225771551091e+01
3.099262260691304149e+01
3.164095484573956440e+01
2.978452413748255978e+01
3.109775920530685411e+01
3.249809360811792658e+01
3.082736268881561514e+01
2.893706397216061887e+01
2.863416050597112417e+01
3.243573478154428358e+01
3.154749424353800791e+01
3.082084766929593300e+01
3.101091654530111796e+01
3.199454422067871917e+01
3.160992794229003877e+01
3.023440201950796080e+01
3.130718683487549114e+01
2.846800624692553683e+01
3.070810896254651823e+01
2.963423409598101799e+01
3.155444812314465253e+01
2.950674488736803269e+01
3.151289587671359627e+01
3.197972959836641849e+01
3.081048677510673173e+01
2.984119158944799111e+01
3.018833285350947193e+01
2.887680923751563000e+01
2.907158786237088322e+01
2.930143335589741582e+01
3.101730818094431186e+01
2.942169133065321773e+01
2.920160004128273101e+01
2.822044162309093451e+01
3.098452593086757645e+01
3.305702432787778378e+01
3.238689409387301765e+01
3.166594044258359020e+01
2.957759089566379984e+01
2.980051105995257288e+01
3.041884778297458070e+01
2.898389976458249251e+01
3.041165988910542239e+01
2.896085162329207208e+01
2.881465218612457591e+01
3.266454414007698404e+01
2.844370340949697251e+01
2.987334078048410646e+01
3.103045873937312038e+01
3.011326403934020490e+01
2.938052574636619241e+01
3.111881613629966736e+01
2.925254806234384830e+01
3.207791932948060776e+01
2.855040149791220827e+01
2.995526380338819550e+01
3.119257209434069722e+01
3.001515819850886047e+01
2.899045810044091809e+01
3.147315279386817721e+01
2.980372476066017740e+01
3.034184931572439226e+01
3.087597589657306330e+01
2.888590753333684802e+01
3.133787499761922035e+01
2.871326184804636128e+01
3.045070459263464357e+01
2.964312318392105894e+01
2.998821202398908525e+01
3.019224862690867539e+01
2.871533462192870800e+01
2.989034868977897119e+01
3.259428015972642356e+01
3.070508710401863084e+01
3.086185756502617394e+01
3.051770518041891833e+01
2.831553635755519949e+01
2.979077947925189562e+01
3.015399373124973792e+01
2.900737270554931158e+01
2.917462001347441003e+01
