1.520952918975652857e+01
1.547209783599023858e+01
1.544293210468704736e+01
1.526748459939344471e+01
1.546592174130731756e+01
1.526327705218899666e+01
1.520956171717535987e+01
1.498938831431871144e+01
1.495510115826659536e+01
1.519902652517079211e+01
1.551541849037212728e+01
1.518686663765387834e+01
1.561420416626369345e+01
1.565832752132182115e+01
1.517536475092269654e+01
1.505244815442140016e+01
1.527970842903601678e+01
1.539493840117008183e+01
1.539757573829755088e+01
1.563066369088394936e+01
1.580578499990045493e+01
1.550997724996071447e+01
1.508840552409467861e+01
1.529264431681696479e+01
1.508048771005931421e+01
1.512520730371097066e+01
1.536987076803108643e+01
1.565491595147193493e+01
1.582803946094932179e+01
1.579564963088689389e+01
1.546303227766073896e+01
1.531072163991174406e+01
1.536291097054607313e+01
1.547373445642985068e+01
1.544400076748994444e+01
1.499436055737388429e+01
1.545115662460317552e+01
1.548165184807419514e+01
1.549898546505935570e+01
1.572224710649248358e+01
1.543016835397683018e+01
1.532186457409074265e+01
1.513579612155272436e+01
1.533742213022299516e+01
1.535742511783801234e+01
1.538894506368948356e+01
1.548150298452059381e+01
1.517895076574596480e+01
1.559079252412164429e+01
1.532128409526865020e+01
1.537164874478309962e+01
1.524160190083486732e+01
1.532486493664939964e+01
1.534031286998917132e+01
1.548979747227431503e+01
1.536943450225938257e+01
1.516169768563004006e+01
1.575651476557139929e+01
1.551208101033427944e+01
1.543649194353559828e+01
1.537804571378923235e+01
1.550851952150140178e+01
1.540291922609400821e+01
1.525621935503763460e+01
1.571719109913032852e+01
1.558399385346836930e+01
1.566611272858332349e+01
1.530433983129032960e+01
1.526033027483354765e+01
1.565951810676659761e+01
1.542344893522971638e+01
1.540118143723002220e+01
1.523694840682690277e+01
1.533371485092865427e+01
1.531390863832675997e+01
1.533978801164722050e+01
1.581065480790901567e+01
1.503714298500841196e+01
1.529501758184285620e+01
1.561140872536653568e+01
1.545934340356147096e+01
1.529332676295315174e+01
1.535356121255741435e+01
1.542932447886994751e+01
1.558844549397787382e+01
1.538429419173911405e+01
1.496111741571350429e+01
1.507143980011296414e+01
1.514625945898528592e+01
1.575862347591682777e+01
1.506777298781790719e+01
1.552287475702161501e+01
1.537259271877501732e+01
1.544544806179606766e+01
1.540090527716425584e+01
1.522817844806952969e+01
1.540566726961779764e+01
1.525623153966201073e+01
1.553673393843585515e+01
1.526790436937008621e+01
