2.689288178165893584e+01
2.571978682797307059e+01
2.646920637453417768e+01
2.667482456593053541e+01
2.802107372082017633e+01
2.641519079681883397e+01
2.747488063323135066e+01
2.708588870951075478e+01
2.822610407643808372e+01
2.627908134238526472e+01
2.606006182593220899e+01
2.690851682620972340e+01
2.698886289438538455e+01
2.578417913615089674e+01
2.631304861141328644e+01
2.744143760044664049e+01
2.656503907856490443e+01
2.775558252508419699e+01
2.933930330578745327e+01
2.581445276606896755e+01
2.844378475359075509e+01
2.703832133194186582e+01
2.795438330263381488e+01
2.540414845185739878e+01
2.647564332267117138e+01
2.523528063485630568e+01
2.622148349575751070e+01
2.646471318107805715e+01
2.675980388038869151e+01
2.667111141562162047e+01
2.658954701682817046e+01
2.737508682349834288e+01
2.750767221914465566e+01
2.635504375917112796e+01
2.673412334516527977e+01
2.812486487610050645e+01
2.759073181341931402e+01
2.707656889574945680e+01
2.803054457445072245e+01
2.684982443967946608e+01
2.643085352845816516e+01
2.943855332076238085e+01
2.740868933715661271e+01
2.719480278867616008e+01
2.815637217167946460e+01
2.832049082391427675e+01
2.777909684382154509e+01
2.773138131960743280e+01
2.679945388292984987e+01
2.586799436978440525e+01
2.658783176974114681e+01
2.778703976426786681e+01
2.635507417766485716e+01
2.688456071823172522e+01
2.621196952523243340e+01
2.724625788877948196e+01
2.731311058960983473e+01
2.632850638874704075e+01
2.597978812276010885e+01
2.794057052614047976e+01
2.822764646569602220e+01
2.605477621566892310e+01
2.669698128727915076e+01
2.759034693322760390e+01
2.618084596402268716e+01
2.977594787791501929e+01
2.557356716483853276e+01
2.676952457955723830e+01
2.693871184647644412e+01
2.589453111609327607e+01
2.592068989394668321e+01
2.767593008867032367e+01
2.629737735383317343e+01
2.727599285743419699e+01
2.667327010005405086e+01
2.793012509678500521e+01
2.728983531915056204e+01
2.687467787496822424e+01
2.890329912745362506e+01
2.556025438870853250e+01
2.683682006139274989e+01
2.828903222803868189e+01
2.775848288333850888e+01
2.687633691912401446e+01
2.679858117364441128e+01
2.640681062309798577e+01
2.762201204352938788e+01
2.800686193030791316e+01
2.825028085791867483e+01
2.580399965381362293e+01
2.928515368529043883e+01
2.483994905382183660e+01
2.765643979484514148e+01
2.709697116953599405e+01
2.665366101306458546e+01
2.786984456454538517e+01
2.717975493501946005e+01
2.583594716429591642e+01
2.708359652752048419e+01
2.611575349398059487e+01
