3.330410492582371518e+01
3.089162119788414174e+01
3.454726498132728096e+01
3.399634257794522796e+01
2.875224600096480287e+01
3.253561304881539229e+01
3.393325235479456126e+01
3.381713613070935054e+01
3.294695273312809292e+01
3.386238439090476504e+01
3.391178833138204141e+01
3.286666743748786246e+01
3.301624682648204612e+01
3.285390119853658319e+01
3.075153729993834517e+01
3.392097689673108363e+01
3.181920638500054821e+01
3.274504667916303191e+01
3.346554303623298665e+01
3.364079043441137173e+01
3.543565030014084982e+01
3.468649830283168001e+01
3.260047257056131542e+01
3.123359292442132684e+01
3.384893490902850033e+01
3.391125718509926656e+01
3.127674067622742982e+01
3.500512977649277957e+01
3.448314884049749907e+01
3.220510224165475677e+01
3.164371058916097113e+01
3.183734518485304221e+01
3.058414407803815749e+01
3.200314090126708777e+01
3.082164723714042509e+01
3.239984025488389818e+01
3.182052165897597362e+01
3.284992235904945090e+01
3.126156658946443301e+01
3.165365110057189213e+01
2.972498610621563842e+01
3.029167848812819130e+01
3.192910357819506473e+01
3.280493411846536844e+01
3.362690659788962932e+01
3.003491761245882685e+01
3.274647359116272582e+01
3.067421822635702355e+01
3.495299234653428755e+01
2.961714231914600148e+01
3.416925257778194691e+01
3.031018959484015696e+01
3.045527749520358896e+01
3.121197802149958633e+01
2.817682305315639368e+01
3.144972028949122489e+01
3.346661213460762241e+01
3.259473557486693096e+01
3.498619070094577665e+01
3.214405903323356029e+01
3.142231794387592814e+01
3.263347801874940046e+01
3.443998615437936905e+01
3.280278904077926683e+01
3.248794082644708681e+01
3.126666204999980181e+01
3.116402465860431548e+01
3.280763800620555770e+01
3.198995598609885249e+01
3.352286438002091273e+01
3.257969195700762555e+01
3.390138082762378247e+01
3.427849706416103004e+01
3.144061095945910012e+01
3.090813226889893883e+01
3.364861596662550625e+01
2.991054385888253364e+01
3.062557963683377693e+01
3.272223665502052370e+01
3.296736416886640342e+01
3.215275541102612777e+01
3.278616590174001288e+01
3.341355703063119620e+01
3.229933358453743608e+01
3.251503911377483291e+01
3.170582777086144688e+01
3.007318705663632841e+01
3.103758510468184895e+01
3.075225246371316601e+01
3.142244047465159795e+01
3.513659788273568552e+01
2.890491784046989210e+01
3.237372377324869888e+01
3.108564214677673121e+01
3.138181734987471216e+01
3.118625623040976080e+01
3.049761683630021381e+01
3.221395621191521030e+01
2.980680893977839574e+01
3.102171858223657708e+01
