3.554031381553018321e+01
3.139023486418993514e+01
3.544448123512877658e+01
3.583567832832030575e+01
3.369182557862229288e+01
3.459389688272761987e+01
3.316736332291890932e+01
3.287245501202413323e+01
3.775556093032208338e+01
3.496227887951923208e+01
3.769521822769083741e+01
3.075162386398641345e+01
3.727151877648985590e+01
3.270834902365678687e+01
3.470054890297230799e+01
3.466245562627051413e+01
3.405332706901995721e+01
3.297637376543174526e+01
3.553585185388196521e+01
3.596230122731351031e+01
3.686427271045480580e+01
3.779833480139421198e+01
3.247407428505239579e+01
3.571883903930672943e+01
3.376088496287439966e+01
3.271663624396128967e+01
3.433902666890867295e+01
3.248420197109427221e+01
3.574777008802317368e+01
3.243229141359338996e+01
3.963246541946048040e+01
3.638063785189354604e+01
3.631301609249648266e+01
3.514357337529956737e+01
3.295386147793484355e+01
3.467454986057438049e+01
3.785334526175815029e+01
3.553429329709528162e+01
3.434048872545994868e+01
3.502173940374957795e+01
3.288680845205128378e+01
3.329514136844893102e+01
3.712948629040068482e+01
3.303306159017879651e+01
3.536619686823384967e+01
3.449251146319165429e+01
3.419285890392252014e+01
3.216670905966133631e+01
3.296175975551639681e+01
3.456525631459466297e+01
3.300938730478610950e+01
3.596150778159999817e+01
3.311918713428508454e+01
3.378194138806266977e+01
3.398281538029223725e+01
2.810867233977302959e+01
3.425930447968874404e+01
3.446274457524803836e+01
3.543881735269806654e+01
3.434477561678714608e+01
3.192605796358454384e+01
3.608487291003098818e+01
3.236379342765643941e+01
3.416067508361907556e+01
3.396196619291379903e+01
3.630232001821753585e+01
3.570942116222417440e+01
3.568956294875203383e+01
3.334808843045730242e+01
3.471056419861992737e+01
3.705614525523412794e+01
3.588500540937935313e+01
3.586352396498047312e+01
3.453844715862986448e+01
3.771050983112835553e+01
3.451436166270247696e+01
3.420787357503836290e+01
3.564531631332108219e+01
3.311225037865207810e+01
3.404794028587278376e+01
3.586961393552459043e+01
2.513891007184488302e+01
3.112830705588220681e+01
3.718899878841001083e+01
3.237993983178653679e+01
3.545334782469627299e+01
3.119701101693705780e+01
3.231987103962743646e+01
3.306169250507793578e+01
3.785191510537738679e+01
3.433365130128615306e+01
3.668453868206155732e+01
3.061306908762965051e+01
3.399543144880158962e+01
3.539007474994134128e+01
3.420909930634493890e+01
3.511354498839388327e+01
3.642267825165706796e+01
3.271823529289865462e+01
3.448752667468129118e+01
