3.377988375991255054e+01
3.286888803502591117e+01
3.103834984619994941e+01
3.327533869407493938e+01
2.987501068173163432e+01
3.259129158467438003e+01
3.097852958260412137e+01
3.019461409229846183e+01
3.047340610001766237e+01
3.096405925639625067e+01
3.071505172342737922e+01
3.336379545850643780e+01
3.275902366179915504e+01
2.868597040744155535e+01
3.268251178056743100e+01
3.371188320940537864e+01
3.016902573696836143e+01
3.185296555504848826e+01
3.264364609870940370e+01
3.196269667392853009e+01
3.272463127734820176e+01
3.388045405725893744e+01
3.140830487165718310e+01
3.091022616099185782e+01
3.161164739761672848e+01
3.520318986523172811e+01
3.270044196076069198e+01
3.211723298216607247e+01
2.984672840040416020e+01
3.087047806838952013e+01
3.270553875293667545e+01
3.070333872328156843e+01
3.142522977647772109e+01
3.083778656529328543e+01
3.126557882940948119e+01
2.988940139568975596e+01
3.022520640040363915e+01
3.331997302087122392e+01
3.395990830579260944e+01
3.345639059342136079e+01
3.104483099729264595e+01
3.218784140132587623e+01
3.137275261734642839e+01
3.238723969006520065e+01
3.292850680276297481e+01
2.919254200395077348e+01
3.004983600768590435e+01
3.156349457009465809e+01
2.915053464940158534e+01
3.258213092398275990e+01
3.191121698701079268e+01
3.196216589662095231e+01
3.129835846925688259e+01
3.238830286633756117e+01
2.921206230940767057e+01
3.314501419417403127e+01
3.029257869919686641e+01
3.059544273071068332e+01
3.508104671068574021e+01
3.339249625294400659e+01
3.128530349788524134e+01
3.213406423396757816e+01
2.862779905020927984e+01
3.221218277376048178e+01
3.030195071829403020e+01
3.279262848849496237e+01
3.029371862349818301e+01
3.277172637003296529e+01
2.947986956746812837e+01
3.253417614111650380e+01
3.156728841322082957e+01
3.087991169807714087e+01
3.344476071066071654e+01
3.110548280350354133e+01
3.095944727064777169e+01
3.156844762609977550e+01
3.157016990184834171e+01
3.165099176133552206e+01
3.065618534495757430e+01
3.129967554868560597e+01
3.056796678894350805e+01
3.106728851605293329e+01
3.425488103749208335e+01
2.938370678198759478e+01
3.251578561079131902e+01
3.586016954132016110e+01
3.185649873161143830e+01
3.062996261829556488e+01
2.942324648840301293e+01
3.233660423350760738e+01
3.378218839173904797e+01
3.099014070331603676e+01
3.278526277238871245e+01
3.238954925082386183e+01
2.870601411179098505e+01
3.274748526056007591e+01
3.230913475581472483e+01
3.083128235081082735e+01
3.442082186730235804e+01
3.247408936497321008e+01
