3.436468528377582743e+01
3.166424122130187158e+01
3.253599112140075533e+01
3.204733735339037537e+01
3.516812749906389257e+01
3.348225270705724910e+01
3.389848729062855170e+01
2.922699177387287861e+01
3.319639442521096839e+01
3.187935849471805483e+01
3.428306323288774848e+01
3.392538550822205679e+01
3.476885105101714402e+01
3.126894222207718954e+01
3.502606121239772108e+01
3.202866376421722805e+01
3.250393615827186977e+01
3.406364988999135335e+01
3.391361520211479785e+01
3.133066552730849708e+01
3.180201554862775382e+01
3.304327215362088310e+01
3.167265717078530329e+01
3.187211262572150616e+01
3.390825475970691372e+01
3.346410472146579451e+01
3.356539858586450009e+01
3.108511411916907718e+01
3.209739242652241131e+01
3.323868694504501065e+01
3.215683659662992966e+01
3.052358752761212557e+01
3.190460987772815216e+01
3.582779827292139174e+01
3.164397864622146628e+01
3.138438311347249154e+01
3.181945212339056184e+01
3.190947691620965188e+01
3.126209817305812066e+01
3.138715434907599899e+01
3.516885880569489586e+01
3.365992694845048305e+01
3.477142455204423754e+01
3.460638936561099399e+01
3.239254073167501247e+01
3.595744023870577166e+01
2.974209537081468469e+01
3.356892158282518324e+01
3.539557317367651734e+01
3.090917924958016982e+01
3.188661674188714557e+01
3.213084081449651563e+01
3.079485944058867375e+01
3.290195406430880354e+01
3.197972291108040821e+01
3.327311046041727138e+01
3.370052598109338504e+01
3.219989065626894131e+01
3.456282680744597968e+01
2.954541861714031725e+01
3.240495640193219629e+01
3.219061313958394521e+01
3.071410914229046440e+01
3.276469328959001359e+01
3.155518086374509679e+01
3.125838432488612284e+01
3.301191225298503440e+01
3.333116340188470161e+01
3.082442967280033486e+01
3.223626517031988215e+01
3.156167157228286868e+01
3.344083328586162196e+01
3.043532040736322486e+01
3.118152549246819660e+01
3.064226298459471209e+01
3.270444800044561617e+01
3.144218579956287840e+01
3.585602472932639984e+01
3.235166341974916548e+01
3.344098911597125579e+01
3.228686611702146081e+01
3.168400198926716982e+01
3.249727145187572575e+01
3.088679334271959576e+01
2.983371829510607398e+01
3.172500357481235156e+01
3.307497671688884111e+01
3.291123015147010733e+01
3.237253355658943121e+01
3.170359938455510118e+01
3.023701817256209523e+01
3.329386994191583682e+01
3.177967031745453141e+01
3.028793313835319978e+01
3.047355791013427506e+01
3.018066322669062629e+01
3.272991324826285364e+01
3.272500563356301484e+01
3.138767870380421954e+01
3.144005037326401109e+01
