3.331532961736366616e+01
3.161707657954272932e+01
3.384955158027985789e+01
2.995108491011582075e+01
3.298237433331742352e+01
3.139259529586897202e+01
3.113405401363374736e+01
3.130361980764120133e+01
3.011235761674407385e+01
3.060637740581969268e+01
3.178151758246464453e+01
3.156870686991341302e+01
3.211089011911735014e+01
3.315356737535583420e+01
3.224146355740339942e+01
3.329724988711604539e+01
3.052491297432942474e+01
3.171986343613392734e+01
3.334000113498564843e+01
3.117161843120657139e+01
3.318548937452904823e+01
3.333084899628182995e+01
3.433390080411935230e+01
2.984845904895628266e+01
3.330773635047766135e+01
3.244945603747790130e+01
3.197095592623330162e+01
3.170269391100285361e+01
3.230306949722672272e+01
3.317372639477019192e+01
3.361446716164267201e+01
3.243069258654926301e+01
3.366121868508102466e+01
3.271221551904336877e+01
3.267741784144759976e+01
3.276732964817285421e+01
3.661208912243954217e+01
3.408368179993256319e+01
3.256366938528678645e+01
3.145257983154462167e+01
3.521975017109976847e+01
3.451762788863898379e+01
3.131793222782199138e+01
3.573145648815497566e+01
3.342383008601653671e+01
3.304188204726973765e+01
3.468987376233820896e+01
3.100385132804683863e+01
3.449176602775791878e+01
3.350669171890434939e+01
3.495386350291439470e+01
3.358524820114908493e+01
3.428402862725535982e+01
3.127321522484079352e+01
3.512563626152198992e+01
3.228082014308581904e+01
3.208689508648931366e+01
3.225035208256620223e+01
3.441277532557118946e+01
3.066838092866711918e+01
3.631608815102982390e+01
2.965396388052107568e+01
3.292147684050501510e+01
3.348295369479555461e+01
3.382865915346570063e+01
3.305346859399192994e+01
3.335482984561667053e+01
3.401296730410410163e+01
3.340922082701621321e+01
3.109939159234421169e+01
3.192982069885858110e+01
3.050043178196339255e+01
3.087766526426347724e+01
3.157401668251970150e+01
3.605613664363226434e+01
3.453926226190981907e+01
3.562790290502805846e+01
3.403824252949222284e+01
2.989322765238515700e+01
3.486784223901344149e+01
3.001666621157232129e+01
3.237426458047868039e+01
3.563656926931046343e+01
3.191614591127985179e+01
3.402322540633453229e+01
3.285236631082205605e+01
2.914035787308154823e+01
3.397076263278369623e+01
3.267569558851189271e+01
3.414679969262449788e+01
2.902871451029650984e+01
3.126917586915167391e+01
3.299049881912863214e+01
3.164978544260019078e+01
3.491082925154303496e+01
3.183616809924475888e+01
3.238039223954665857e+01
3.248452855290570085e+01
3.356916605286610888e+01
3.176956615600030176e+01
