3.430690639072500403e+01
3.304364858146746542e+01
3.415857682049296784e+01
3.399006901338637476e+01
3.160294818980436204e+01
3.515773172405314995e+01
3.482523843515734541e+01
2.965423013867670932e+01
3.450572889555261469e+01
3.430468452979340555e+01
3.291075110161722961e+01
3.270769657437003985e+01
3.526806811947052722e+01
3.675023549476501472e+01
3.463953426076751185e+01
3.399707311786719544e+01
3.530924559310330579e+01
3.307297036046759331e+01
3.504768016196847924e+01
3.494167678787168541e+01
3.445642900670749498e+01
3.318874316348294684e+01
3.388497651436459535e+01
3.468185160836412706e+01
3.172942609686372961e+01
3.612144191401690563e+01
3.120298526183646004e+01
3.198115443939701308e+01
3.355560808402045581e+01
3.291528542076906660e+01
3.228138534972759288e+01
3.421580490544737785e+01
3.273509615384040217e+01
3.511117602177156982e+01
3.236563379223760961e+01
3.087731403413958375e+01
3.351243791815620199e+01
3.331143643798486664e+01
3.294575559223964234e+01
3.403330883086545100e+01
3.284154811200686908e+01
3.304605712132329387e+01
3.458692631733833878e+01
3.702949147893920667e+01
3.461120588807159493e+01
3.349613920968269554e+01
3.332111263116411237e+01
3.538942204859271357e+01
3.704343192561930920e+01
3.345828301764997548e+01
3.392541349772283610e+01
3.531619791229456240e+01
3.157122781508263643e+01
3.373391701313515512e+01
3.327797830569740967e+01
3.178724549157822210e+01
3.149207473568243643e+01
3.653540608779664467e+01
3.505570712761844021e+01
3.414557934357199542e+01
3.522716957876841803e+01
3.405713485372080385e+01
3.525523490376245661e+01
3.222761359801469183e+01
3.485986157623593584e+01
3.167324413361107815e+01
3.157366528648789128e+01
3.413638062322880273e+01
3.266089981418888755e+01
3.354361567396852450e+01
3.541574842245641719e+01
3.335081873309803768e+01
3.339574459750139823e+01
3.317890166139053321e+01
3.360781896737558583e+01
3.465327633719405043e+01
3.369148098952288706e+01
3.732320051385951842e+01
3.590060603002689277e+01
3.368292913823918866e+01
3.387883625855852188e+01
3.179226329398689188e+01
3.412764450956967721e+01
3.504974326412236252e+01
3.396120992969545682e+01
3.619285891690448409e+01
3.808012966173617286e+01
3.242411039729080358e+01
3.246262103303379121e+01
3.190847401357260082e+01
3.239180078921616257e+01
3.438274259471457128e+01
3.267676157972790207e+01
3.558359197395185447e+01
3.307737260372409338e+01
3.130924888553019159e+01
3.302755962763216502e+01
3.331807714278395594e+01
3.379397371560418861e+01
3.413655880822054201e+01
