3.599422983691094657e+01
3.278386872578446543e+01
3.903865164093105733e+01
3.334103843509623744e+01
3.437805806824125909e+01
3.224023702655605916e+01
3.395833185480178429e+01
3.393275948336692238e+01
3.526867179487514647e+01
3.280172536814513506e+01
3.277627317869298196e+01
3.365169884703401948e+01
3.386451330676917593e+01
3.174019806425912904e+01
3.619956700013537443e+01
3.618333769104950193e+01
3.637913207119913039e+01
3.189710801335039392e+01
3.407372855781259346e+01
3.198247624063288086e+01
3.414855686930356882e+01
3.459795811999669723e+01
3.547125926228631698e+01
3.443388479682637637e+01
3.428271467623404334e+01
3.309197179157796143e+01
3.291862641166205350e+01
3.272208471335709135e+01
3.436548374509818160e+01
3.569753722463111245e+01
3.502946246498650140e+01
3.700696928679376896e+01
3.427784373237225424e+01
3.363014571624757565e+01
3.502965156511075406e+01
3.453641844094848778e+01
3.904865580161504113e+01
3.657932274210494938e+01
3.516776474996218838e+01
3.388027767012939506e+01
3.804111053737616999e+01
3.437978761335410383e+01
3.506485389059964319e+01
3.365480367408593310e+01
3.359964032285884628e+01
3.302762797190223409e+01
3.356647326529268582e+01
3.466168880514171491e+01
3.347159834848839211e+01
3.445578977269507703e+01
3.525502004610898155e+01
3.542940256073511307e+01
3.553477763704076153e+01
3.277082646021101908e+01
3.480678620638390441e+01
3.341940991136986128e+01
3.387598522608089269e+01
3.295682799563812893e+01
3.337310097802320286e+01
3.466505648064413947e+01
3.494377376547996761e+01
3.226803337667696070e+01
3.479407588178072785e+01
3.681754013042390028e+01
3.537927439465362056e+01
3.642939681411050401e+01
3.439312646145137364e+01
3.494360812668870864e+01
3.276992971864881810e+01
3.286493286271867476e+01
3.284516037973052960e+01
3.145735240040047387e+01
3.299165978693967816e+01
3.606891619581013941e+01
3.542184642050404619e+01
3.282775646564936523e+01
3.240301384823234088e+01
3.465825440053400541e+01
3.274801018969213118e+01
3.474889926402530449e+01
3.298065774922495308e+01
3.442773736657824912e+01
3.834753383944328675e+01
3.422030756214784475e+01
3.353513194912233075e+01
3.246188951262498534e+01
3.367232702282608869e+01
3.251849266673223582e+01
3.438153324726133775e+01
3.043607822201319379e+01
3.398210020330572689e+01
3.406427398978020449e+01
3.406607568875547543e+01
3.426319708580481205e+01
3.492963381980089821e+01
3.130192410466727182e+01
3.129212530747661347e+01
3.449877298448027574e+01
3.532389811521396439e+01
3.622891135778888838e+01
