3.000789291833399730e+01
3.319410493122612138e+01
2.567383748086795592e+01
3.496530285558304030e+01
3.697592796920232416e+01
3.783625062732906486e+01
3.318119629118709213e+01
3.686506836500063855e+01
3.703671148088979947e+01
3.606617777112685275e+01
3.942098499341104656e+01
3.460160625264659018e+01
3.828006257192927109e+01
3.525635571690742864e+01
3.905224306095604447e+01
3.498314139273114165e+01
3.458907893265127598e+01
3.454403818633311829e+01
3.769133405087792710e+01
3.497283028827390439e+01
3.746514720210782201e+01
3.478431887952332602e+01
3.898434668861936814e+01
3.525619322619121476e+01
3.534358810680758722e+01
3.361292512739014882e+01
3.666185923630597188e+01
3.909324858229953747e+01
3.249999989018300539e+01
3.743428327208152950e+01
3.623749636201183932e+01
3.566762616328669822e+01
3.799170324632252971e+01
3.714414231522443544e+01
3.618375257385699939e+01
3.492462537245435072e+01
3.463632756824201664e+01
3.439859921418758404e+01
3.523727702970718667e+01
3.748281262650213819e+01
3.628183232147654991e+01
3.699337174118415561e+01
3.587281495464222303e+01
3.583711748237592332e+01
3.603555908048909373e+01
3.598902312710038132e+01
3.608435667627131238e+01
3.673877356720221599e+01
3.574064992778461658e+01
3.428333804535071749e+01
3.651378178523591345e+01
3.331434361365313634e+01
3.799102564808992355e+01
3.620159733742735142e+01
3.916561470715885918e+01
3.324329195036546025e+01
3.471611144879418021e+01
3.661450356086334068e+01
3.479923985020544563e+01
3.457934239553185307e+01
3.519831569685781858e+01
3.620520799737063555e+01
3.486673937499927689e+01
3.434963055940625054e+01
3.903058268277720799e+01
3.703700869034783949e+01
3.649746671137975085e+01
3.631628737250705541e+01
3.351954574733447600e+01
3.423603878923197641e+01
3.729104160386684441e+01
3.259049376411167742e+01
3.632192799389968485e+01
3.252903918706520869e+01
3.788271419776114612e+01
3.614520623304375846e+01
3.590198248379843449e+01
3.554214726216012110e+01
3.544608836193094703e+01
3.703839253672911269e+01
3.454121604710995541e+01
3.841622458499566051e+01
3.592453250420209798e+01
3.673973559981335058e+01
3.235089984049344025e+01
3.538177485085993368e+01
3.317783478421970500e+01
3.518851206899719841e+01
3.502874386238987370e+01
3.528723153859278483e+01
1.449464256385650351e+01
3.585236462814076930e+01
3.700341894389252673e+01
3.332126308273964099e+01
3.324374324956959725e+01
3.353824968644771332e+01
3.572945205351052778e+01
3.348570440275720017e+01
3.435570918093726078e+01
3.511915381890394627e+01
