4.232158056034770510e+01
3.844185530200257261e+01
3.673513644484050644e+01
3.914257116485384103e+01
3.890086276059774661e+01
4.243109702249621762e+01
4.086684302099473598e+01
3.840971889384146465e+01
3.692705345233935788e+01
1.778657012521749436e+01
4.156594097181577041e+01
4.043273499083245781e+01
1.980155011604259130e+01
4.032528336699469662e+01
3.929858276524473837e+01
3.475056163507360907e+01
3.870563793008363973e+01
4.018757484456933327e+01
3.917702990195285651e+01
3.742027826234929933e+01
3.916591523155053522e+01
4.020119819406860273e+01
4.136084097094331469e+01
3.556445542670938664e+01
3.999442868455164302e+01
3.623441893094760502e+01
3.738966599364483301e+01
3.804717712037029287e+01
3.828496505935617478e+01
3.865876694308153105e+01
3.736798535038138880e+01
3.815267605107115401e+01
4.070515253456712657e+01
3.948974674865615953e+01
3.897963778998419571e+01
4.224029221072684948e+01
3.729097446102056068e+01
4.262978813200446382e+01
2.899092318451367944e+01
4.190796055717228796e+01
3.768442943596676287e+01
3.952182110158638295e+01
3.858529524017909296e+01
3.905246153407129839e+01
3.955136701702497959e+01
3.951669405256643586e+01
3.941261036250809013e+01
3.865975532805027370e+01
4.149513201196364776e+01
3.589627305143493174e+01
3.978414831351171443e+01
3.349488413692373712e+01
3.852127394599062171e+01
4.425801758784935203e+01
3.938686889660691293e+01
3.740428278838101050e+01
4.121111752170789089e+01
3.677642668433944806e+01
3.802548686865143424e+01
3.777416873711581502e+01
4.339739063394944907e+01
3.607473611904254085e+01
3.848932747935444354e+01
3.912597386048685166e+01
3.879902406334979048e+01
4.026094409404608854e+01
4.009729856398139702e+01
3.924013858096964924e+01
3.779580005139148824e+01
4.127715262678420771e+01
4.041026917523654305e+01
4.431520399910267116e+01
4.083527792054476890e+01
3.897420392228195851e+01
3.676400374210989952e+01
4.071841547118276594e+01
4.035243308230744219e+01
3.748942964770525776e+01
4.155583332654385487e+01
4.256867354829680039e+01
3.547697452019052378e+01
3.979660699409467384e+01
4.218613839779655450e+01
3.911259209397996273e+01
3.947844613540712544e+01
3.832471647532535997e+01
3.996917491780703102e+01
3.859800265119375950e+01
2.753057873489454010e+01
3.686910693210889889e+01
3.971124935963040770e+01
4.034785778202420659e+01
3.590914423784544596e+01
3.518042490393374777e+01
4.089726561938988425e+01
4.323967895844940301e+01
4.313320665665964526e+01
3.975754739644554547e+01
3.822575188599275720e+01
4.095997950927880282e+01
