3.606691831819146898e+01
3.832323453277586367e+01
2.741238780194834135e+01
3.741095761051807500e+01
3.671406253780768481e+01
3.954451331641227796e+01
4.068472880167035299e+01
3.549975149415674025e+01
3.657235403059013379e+01
3.562749584334447661e+01
2.595582036162386785e+01
3.447334794266352986e+01
3.006219151215463015e+01
4.299887152294609649e+01
3.365530761196201581e+01
3.815496386795204131e+01
3.625755139730707555e+01
3.824125444204170776e+01
3.331491405868118960e+01
3.790428315617865707e+01
4.030321421847995111e+01
3.972630839804624969e+01
3.739633018778117446e+01
3.853791363808626613e+01
3.894464511380088112e+01
4.144647281919424842e+01
3.670521145928225337e+01
3.910714350723457500e+01
3.576267479196609855e+01
3.528987320901601521e+01
3.605628395850379064e+01
3.797756757248860282e+01
3.877796043255752068e+01
3.889822710891402835e+01
3.708607399263402726e+01
3.742370920328671247e+01
3.805090567037826332e+01
3.609896988565335363e+01
3.822686920068995420e+01
3.736658736017466964e+01
3.769927460542292152e+01
3.780027805754257031e+01
3.683737533170673828e+01
3.874215292775937058e+01
3.651079392415208957e+01
3.866142814391093907e+01
4.136711250920578209e+01
4.201348341759837979e+01
3.849563081502021333e+01
3.930428176002793350e+01
4.028045124697885626e+01
3.711448322980689341e+01
4.230970258063084088e+01
3.822132140632268005e+01
4.197606383110542083e+01
3.956843261917178722e+01
3.894788802180156040e+01
3.825266066424702416e+01
3.661766904291489766e+01
3.734773722005445507e+01
3.579761042970071117e+01
3.853644389102328205e+01
3.754647885984444855e+01
3.689572846083757440e+01
4.013001938218972242e+01
4.017107469425652511e+01
3.589601930093235893e+01
3.684186456401027243e+01
3.622583817421741514e+01
3.767496739767457825e+01
3.560550805091029503e+01
3.483812073088741101e+01
3.902493311868661863e+01
3.767004163002063422e+01
3.552857673039881803e+01
3.415072481589655240e+01
4.158903495330600464e+01
3.412406788351837861e+01
4.044513926942564552e+01
3.738100912519300323e+01
3.914196806904870130e+01
4.046444310630499075e+01
4.111880610517452794e+01
3.682219181463349855e+01
3.789259393800228537e+01
3.743574349634857157e+01
3.715914796852428736e+01
3.536145144903606763e+01
3.835134274153027434e+01
4.168701008448702794e+01
3.689019581910927315e+01
3.629768682803599233e+01
3.894678912869674292e+01
3.651752304353483680e+01
3.568956339247553444e+01
4.028385935785276928e+01
3.813950016609780391e+01
3.738510817111731654e+01
3.662099227613617813e+01
3.972121362012399004e+01
