1.575060878248438812e+01
1.587609779286408518e+01
1.587114118633568616e+01
1.593808641184620178e+01
1.596528949908197781e+01
1.536343224682414466e+01
1.589227473573094329e+01
1.564561051276330872e+01
1.585692381036018439e+01
1.567945658863237135e+01
1.589917890455956240e+01
1.552388163627566975e+01
1.569301579441454031e+01
1.602083841002682263e+01
1.542324866932948169e+01
1.581278409984130384e+01
1.536008424864048294e+01
1.589076127697753904e+01
1.537069582443800364e+01
1.574502855699760318e+01
1.553136676117429005e+01
1.590122280067045502e+01
1.576273582439609733e+01
1.624595168701287662e+01
1.563849178084990754e+01
1.580513252895152299e+01
1.581944201787946724e+01
1.593599949260305415e+01
1.553352663653027221e+01
1.535850627938098967e+01
1.549239740176790114e+01
1.545656616885656476e+01
1.557351078673168487e+01
1.562510301340668306e+01
1.568856239579545431e+01
1.597316532348702545e+01
1.585620209753197685e+01
1.573730200414105518e+01
1.569712712204296601e+01
1.592584880633388700e+01
1.581789842636373855e+01
1.529934088361107669e+01
1.548061113925930421e+01
1.544554147958224277e+01
1.574465054505195560e+01
1.518903590437589379e+01
1.580633620297971120e+01
1.565298648283425109e+01
1.576109811259942006e+01
1.620875994282441468e+01
1.556571017367268261e+01
1.570659134511872246e+01
1.543386050669786336e+01
1.582292560264593462e+01
1.534905524345781558e+01
1.564502453015652783e+01
1.540143560334034234e+01
1.549572075926231562e+01
1.554932615841801002e+01
1.581036267492670433e+01
1.554603882578657625e+01
1.605606217097061617e+01
1.589874723942998003e+01
1.578833900733841311e+01
1.557339447005189648e+01
1.566980314899725180e+01
1.599400888083628836e+01
1.581606508649776721e+01
1.522676775286796946e+01
1.544661063096057774e+01
1.576947820964844915e+01
1.561850693396709211e+01
1.570031912390603779e+01
1.577213341633010657e+01
1.548701513600201096e+01
1.579746628472057246e+01
1.568494408988874866e+01
1.576715151251312186e+01
1.559862691115458766e+01
1.582517301007124111e+01
1.510236708607095046e+01
1.551463648540063822e+01
1.586907545946232645e+01
1.617630244199121492e+01
1.572228507774790707e+01
1.626353572874243270e+01
1.604183214853981454e+01
1.576996986116732202e+01
1.586570959305771744e+01
1.558590525668158477e+01
1.583859379602122530e+01
1.597569874360072184e+01
1.572815110865267485e+01
1.579813199509301924e+01
1.542907200421432101e+01
1.552590806794377443e+01
1.615335329759210481e+01
1.588871288729047038e+01
1.569659678975075323e+01
1.577777269047997422e+01
