4.054683391690726069e+01
3.947765958942878939e+01
4.059012888416443587e+01
1.101707183388975686e+01
4.166457593430201456e+01
4.046367364432170177e+01
3.989775306993134762e+01
3.697132762404021378e+01
4.202405226527303483e+01
3.715881594081686501e+01
4.064055229200574360e+01
2.880552546355297849e+01
4.118191656915636401e+01
3.777058782328743547e+01
4.080148380547240805e+01
4.080511340719787938e+01
3.978851996522020329e+01
4.034335566855129684e+01
3.989314641303393216e+01
4.124612511512135882e+01
3.856182740934465869e+01
8.950478900447295771e+00
3.868604625007176878e+01
3.808610205835462637e+01
4.024976150482380888e+01
4.061513393195324539e+01
4.346825833310114717e+01
4.353794307016367071e+01
4.319154366806179723e+01
4.289120417298426702e+01
4.232639675338192831e+01
3.868047546936982428e+01
3.982957223947411762e+01
4.292040813428774015e+01
2.548420201128004337e+01
2.433755938671779617e+01
3.914056351983003879e+01
4.335540427322077051e+01
3.853057552672593289e+01
3.078997460490282378e+01
4.259239691429548458e+01
4.554569085649602300e+01
4.454048289031772612e+01
4.290559082819815728e+01
4.215319608510026939e+01
3.768118456608060995e+01
4.064923268174837290e+01
3.715612926573891883e+01
3.744378149144152701e+01
4.035673673567713138e+01
3.194797672585095683e+01
2.955967974497244555e+01
3.719960599210020291e+01
4.316516470808262085e+01
3.898188798190344073e+01
3.854313606670294234e+01
4.029820170474805252e+01
4.063711154812640558e+01
4.203419380121342641e+01
3.668000064721721287e+01
4.228214016931107722e+01
3.806863844492995952e+01
4.141443584932729749e+01
2.812812993593834676e+01
3.285786856503138864e+01
2.728380963300363149e+01
3.893547438755979329e+01
3.911704886360678302e+01
1.772908088776225455e+01
4.158814485432964148e+01
4.098602320324252446e+01
4.131135597830688511e+01
3.742154560108072303e+01
4.483235002847345640e+01
4.027135388048655784e+01
4.292020193603178768e+01
3.105881020249342583e+01
3.953900243158938110e+01
3.935012806293892851e+01
4.116977321119748012e+01
4.270304623003070077e+01
4.241719172372830826e+01
2.399761393153830724e+01
7.931977735198154633e+00
4.098538215796703099e+01
3.124970607308802784e+01
3.012109782001787295e+01
3.989409095958726681e+01
4.122137248042287894e+01
3.799869251820888394e+01
2.863307567925867048e+01
3.924099120911043315e+01
4.071933548732175723e+01
3.651805469693903206e+01
4.064710074275114948e+01
4.074205588112882026e+01
4.631265614416099652e+01
4.120587496816317241e+01
3.971784762564072935e+01
3.624026798777672553e+01
