3.890703378293095938e+01
3.657612773146113483e+01
3.769707561570771759e+01
3.623258483015126075e+01
3.762249103993472232e+01
3.562113270285095012e+01
3.727461363388874105e+01
3.717007723090949867e+01
3.976926670224846561e+01
3.757754693074542729e+01
3.973784266156742007e+01
3.765859560572097564e+01
3.358309050510093385e+01
3.925190929775641990e+01
3.664443250341441427e+01
3.633404853143227342e+01
3.684358242402250738e+01
3.738389273424861159e+01
3.729516148461996039e+01
3.745209484679683953e+01
3.756114932830576691e+01
3.567157531458975228e+01
3.640345652505751417e+01
3.827278111131143135e+01
3.756058879618881008e+01
3.545076000097494529e+01
3.522091452595288530e+01
3.754568362445849061e+01
3.701938125186752870e+01
3.779443915430456968e+01
3.940507540603157111e+01
3.598000105081054301e+01
3.786821163195637752e+01
3.846052048272188983e+01
4.077645312313914161e+01
3.984296348846288538e+01
4.044743539297948587e+01
3.656905686147502621e+01
3.649794263571031649e+01
3.792563264773365006e+01
3.706245625325242798e+01
3.712869958060719711e+01
3.540199076821577506e+01
3.874757473023704790e+01
3.615193095750139207e+01
3.749709123626442420e+01
3.800902878783502814e+01
3.520868924024291147e+01
4.106507364587984910e+01
3.551410411757860430e+01
3.636389621620060808e+01
3.945687618144270203e+01
3.890306394246486832e+01
2.534396559888266154e+01
3.598367273075025707e+01
3.608895287015926101e+01
3.634541611348692669e+01
3.869841653223785016e+01
3.405316869234594179e+01
3.996781894850811767e+01
3.752433036128998367e+01
3.362744031520364985e+01
3.292798775475748130e+01
4.024360667120360091e+01
3.939185017024056634e+01
3.827302894472718719e+01
3.623402035239386265e+01
3.665259460707971328e+01
3.603254412186009148e+01
3.636551137354563679e+01
3.635293799385481606e+01
3.623002159475958450e+01
3.747974194473880516e+01
3.828589218552937723e+01
3.885467620799796862e+01
4.075341232748691311e+01
3.692398107052117240e+01
3.655547364256207032e+01
3.508138868127443999e+01
3.880575364210841371e+01
3.894172128776967412e+01
4.041970255427839476e+01
3.327805911826793306e+01
3.461766018780412679e+01
3.518018833580626392e+01
3.670064096815548282e+01
3.963463257538861484e+01
3.615981816489581036e+01
3.731649693487030106e+01
3.505471511965812681e+01
3.738425845775392276e+01
3.572082866655925670e+01
3.644902370588440021e+01
3.916960524765780605e+01
4.067340836603614207e+01
4.247160732777184933e+01
1.840656395282278268e+01
4.023288157958691613e+01
3.582821242753204416e+01
3.630819175408810651e+01
