7.091886726722432144e+00
4.411143762697228254e+01
2.358026749850150949e+01
7.540413682427439923e+00
2.731821527248568771e+01
1.662968652417270121e+01
8.078788963801146750e+00
9.768621873362793195e+00
1.569956504506729900e+01
5.014537457535995557e+00
4.136727557013149692e+01
4.007192915075163597e+01
9.382953148009727684e+00
9.892467415414023080e+00
1.612846186498993362e+01
1.685678360636705975e+01
2.637409516517642416e+01
1.226093918095209823e+01
1.465623861102763392e+01
2.895735441655836340e+01
1.663834561771410492e+01
2.556819810615647626e+01
3.038389521217142786e+01
1.065276004966364276e+01
3.036129440412719660e+01
7.658085458648466570e+00
8.561393489200133544e+00
3.522512037539261343e+01
2.465070706416823043e+01
7.315731613621011320e+00
4.148594312489895231e+01
3.765016618327661746e+01
1.136894981900724666e+01
1.820464968153799390e+01
3.502634287187476048e+01
3.344848888406401244e+01
3.169199809974824333e+01
1.214623805261713230e+01
1.688214937128713800e+01
3.808547995466391001e+01
2.494752574460142824e+01
1.015844737767004169e+01
2.841563095490329616e+01
2.322084797158673553e+01
3.238287060337238898e+01
1.421506576816449297e+01
8.025564973041811712e+00
1.529649006848313242e+01
1.878714776250646423e+01
1.322489926663431170e+01
9.483468869849573935e+00
5.454148091223257389e+00
1.663418640228575640e+01
1.226972283132128894e+01
1.491040002112363716e+01
1.042361055408662729e+01
1.680562142470327558e+01
7.073950220944197120e+00
2.986403402923907180e+01
7.100621479701957561e+00
7.035388279826492841e+00
1.309580530711139446e+01
2.153678810888313677e+01
1.153068906606390165e+01
1.907374801983400303e+01
7.902558376654766015e+00
6.069886178820651068e+00
2.833998722064210440e+01
3.754846566459458757e+01
6.866870576678989480e+00
2.623028159518789337e+01
5.961307001237106107e+00
3.764105501640289475e+01
1.206446060903956763e+01
2.372687633458771472e+01
1.174070238989449599e+01
3.931662655130153894e+01
1.166885020296232334e+01
4.357831224212702637e+01
8.192693943891180552e+00
1.173004340247065969e+01
9.975377583881124721e+00
1.151905796911772661e+01
1.314567041350376719e+01
1.029387450093279810e+01
9.860095167831717689e+00
1.824109130640049869e+01
5.535938918196097625e+00
1.383384290685995666e+01
1.351595545861639103e+01
9.474078602965500195e+00
1.782045187299802791e+01
2.202818717053543551e+01
1.083677553047730058e+01
1.716811802840168610e+01
1.203000743861398369e+01
1.809010361489043817e+01
3.009267476321229751e+01
1.330224893936687813e+01
2.558883164139612987e+01
