1.995883316299194377e+01
4.457798774569199196e+01
1.072191216594249852e+01
3.900614193135557173e+01
4.458593898065448258e+01
4.511613142004777188e+01
1.119365940544633453e+01
3.916993386109442810e+01
2.852094004067025779e+01
4.128273282657329446e+01
4.119713604873555113e+01
4.267625523530613663e+01
4.290512912812029356e+01
2.828358725109982430e+01
4.366811303568920266e+01
3.909369107293506573e+01
8.347894548618542743e+00
2.662222314350150754e+01
4.554439898996013625e+01
1.131806162120978598e+01
4.365433829893267870e+01
4.328167309662839557e+01
1.083581965518202139e+01
3.892290227198621722e+01
1.802271944922765812e+01
4.185988386798231886e+01
8.483368380755861082e+00
3.998706652382357163e+01
1.298371200384737811e+01
4.030867257316872099e+01
3.941591720185340364e+01
3.399190493847088845e+01
6.060467148728927000e+00
4.130343724884786383e+01
4.377699469238288543e+01
4.182207751372931881e+01
4.212963962855522482e+01
4.473052969667928380e+01
3.814168653978632761e+01
2.377695835159375903e+01
4.411262433480430900e+01
3.909009789021524739e+01
1.066445999566284364e+01
3.297483404269794960e+01
4.274432508007618736e+01
4.491660806619945845e+01
2.305236965750175315e+01
2.919899598553711328e+01
2.272015811432108379e+01
3.860289698404202596e+01
4.350938891868452174e+01
2.309373447340428243e+01
2.570964081633144716e+01
4.270526729122408227e+01
3.517176630095605816e+01
3.169221374850924988e+01
4.182853489093097465e+01
4.124391427388252396e+01
3.625882427818044107e+01
4.440972411827206656e+01
4.205760564041909078e+01
3.922714256216207218e+01
8.938409176452864813e+00
3.268801311765989226e+01
4.194351296897577441e+01
2.731578902487837368e+01
4.554448103160886063e+01
4.276683795100035468e+01
4.314362938908004708e+01
3.335961641317104664e+01
4.288478365173092044e+01
4.443155703397241751e+01
1.829177902466505756e+01
4.552866336598425079e+01
4.324552744159282014e+01
1.436301968697497600e+01
1.760660647460771955e+01
4.000107336247242529e+01
1.006849726884925111e+01
4.231733830272474250e+01
2.187836149510815176e+01
8.550494008297171433e+00
2.198462199096950442e+01
4.368604992897841299e+01
4.402973250323248777e+01
3.169924540807842916e+01
3.150108874542491932e+01
4.334179501293148462e+01
4.327655788857985897e+01
4.351021450180157046e+01
1.874464042329608304e+01
1.189697282080155283e+01
3.987183922058076035e+01
2.252178907532146823e+01
4.274052968625143478e+01
4.059150400317100349e+01
4.103679013737646386e+01
1.455792100325879446e+01
4.270131946118117838e+01
7.082667506449985773e+00
