4.329433488921107198e+01
2.906673774300372060e+01
1.432592841859385935e+01
2.496394647307146997e+01
1.831730171944195007e+01
4.313273389708202643e+01
3.367714318775483662e+01
1.839165521234563272e+01
4.161137285499373206e+01
2.903755853075515958e+01
3.735489085588545777e+01
4.317643513447568893e+01
4.353146123464341599e+01
4.140856617801736661e+01
4.209610865040394145e+01
4.241169031570367309e+01
1.333825359028347357e+01
2.110821937905972945e+01
4.048129724726027945e+01
3.685440877238441004e+01
3.923204958272219756e+01
4.256610360849428787e+01
3.172816162263891826e+01
4.285039315501585122e+01
2.783108513458811828e+01
3.301525051673156952e+01
4.046664699607103444e+01
3.452811245237062110e+01
2.006024159747762781e+01
4.037219529898086989e+01
3.615800878006800900e+01
4.427127968728371599e+01
3.574736352937775052e+01
1.453697023006032474e+01
4.264554392122763460e+01
2.334934207345581569e+01
4.455274584167953122e+01
4.134189887977732525e+01
4.218835546027805350e+01
1.629592033169136300e+01
2.855876322772308740e+01
2.263826876534509580e+01
1.624644693803580253e+01
4.280149656390581470e+01
4.204879123575140909e+01
1.852162215161572689e+01
3.892138971871513320e+01
1.367616253310464813e+01
3.313769882865972249e+01
4.105255522916446154e+01
4.024813240198701436e+01
3.530546009788765360e+01
4.050105925663568485e+01
1.283924714551146629e+01
4.034963207645515837e+01
2.702949131918676429e+01
4.203209961063100053e+01
2.121774399119712129e+01
4.236375170222702735e+01
1.859958949065754297e+01
4.325674632001888398e+01
4.355585979312121481e+01
4.013513800098862561e+01
2.727620191070274203e+01
2.034369515822336894e+01
4.222852356528136397e+01
4.223706257410317022e+01
4.205332261912295877e+01
3.958651922756695996e+01
3.875023101447811769e+01
3.470808221293244600e+01
2.825889019573801875e+01
3.038706659634756946e+01
4.128338042983060774e+01
1.387512638284009903e+01
4.144757212634284116e+01
2.666722966376782722e+01
4.280380042431556120e+01
4.349982567612870810e+01
3.112039529889486289e+01
4.154646686789165955e+01
4.072295541930870399e+01
1.836347698737575485e+01
1.834859447902938712e+01
2.625478921723976100e+01
2.773240445138192456e+01
4.335286073170758669e+01
4.131105398477193091e+01
1.225996521167854780e+01
4.118079018030461214e+01
1.645350859393855458e+01
3.483998193048749670e+01
4.201378279605209798e+01
4.124624728580484856e+01
3.162014668821860752e+01
2.748837205500115388e+01
4.051144955764599587e+01
4.147141674109490594e+01
3.333535861163353076e+01
4.459569662908524634e+01
