2.447322357473401766e+01
4.030472799349703905e+01
2.751654282093217674e+01
4.269816750036287800e+01
4.208213377931911481e+01
8.727380603753903898e+00
4.004684346989118637e+01
3.815256624784999673e+01
1.094097632979808132e+01
2.119951495946668629e+01
4.088091446419351627e+01
3.229193680092657814e+01
4.161859899677914143e+01
2.129762654333046257e+01
4.160533529311651790e+01
8.910999043265633190e+00
3.119105317421984580e+01
4.036588851279217494e+01
4.426879762204288937e+01
4.067943102904946784e+01
2.592896488499554053e+01
3.878764488785100895e+01
3.355691360116499311e+01
4.030262614000923094e+01
2.499179831567883880e+01
4.198773852099952819e+01
4.082592978168010234e+01
4.154594733183024857e+01
4.305558179126403218e+01
4.069531501817530739e+01
1.404274572283555500e+01
4.140126829243107665e+01
4.199502903099049433e+01
3.920382297842619579e+01
2.736800406571381572e+01
5.365337670275260429e+00
4.221169428585938022e+01
3.876294792526178412e+01
4.139234417597186422e+01
4.294951230924570496e+01
4.171739357897355660e+01
4.071480400643317665e+01
3.913027116410100348e+01
4.160004737867599545e+01
4.111272550267521808e+01
2.262723095219008940e+01
4.127104620260235635e+01
4.068387620901952317e+01
4.255139097840126539e+01
3.861139401898483214e+01
4.294217472607498820e+01
3.903765528277125441e+01
4.222006622632141415e+01
3.201951547623858829e+01
1.773257424383502467e+01
4.296847517633646163e+01
4.218630805896774660e+01
3.877640793908719274e+01
2.073252447106892404e+01
8.652883974457797223e+00
4.246380110763871585e+01
3.221212024454044354e+01
4.151059369873600247e+01
1.401525398532739963e+01
4.230403924221230483e+01
4.009420194960656403e+01
3.955712161190992049e+01
4.062557151159698776e+01
4.034311958168824219e+01
3.570035558520088870e+01
4.209887804419704338e+01
4.494451169311997774e+01
3.916463967115357292e+01
4.118778128971855779e+01
3.820915980751335184e+01
4.035387703808174109e+01
3.955931886316894719e+01
4.241770730396426359e+01
3.841261619396878046e+01
3.980835740740772621e+01
4.048629312529745761e+01
4.281495730886951634e+01
2.326969368393681847e+01
4.217378525030893854e+01
1.120633847129716365e+01
4.278595954612023178e+01
4.118529239774250073e+01
3.980658832884181919e+01
4.319811477461937699e+01
4.372987714272657200e+01
3.033998920326840221e+01
3.999832671312287147e+01
3.342660872274164774e+01
3.998249561806845520e+01
4.368117543683598569e+01
4.125729229587236091e+01
4.224374872584338192e+01
1.527054794218793177e+01
3.927295721144086826e+01
4.404255005410844603e+01
