3.268564847881099666e+01
2.057636490249104710e+01
3.967745693349788638e+01
4.373353713129404241e+01
3.337802295492308957e+01
1.836309850334613358e+01
3.891722873979409059e+01
2.167971407182237442e+01
4.476506361335038520e+01
4.159021498701693531e+01
4.139706736627739048e+01
2.111424785728400622e+01
3.088102176295324242e+01
9.248102841018981835e+00
3.043345055963870038e+01
4.344524545807995253e+01
4.402950775972465181e+01
4.010536571742792233e+01
4.040096102448676874e+01
4.385024015034999678e+01
4.161008369850031130e+01
2.338669735482175938e+01
4.216859747435690053e+01
4.166020401306307974e+01
4.440226051300123800e+01
4.178489223932930230e+01
3.320655360289705538e+00
3.857162847903001079e+01
3.198000825013789949e+01
1.039129146311989338e+01
4.053875121803019965e+01
3.832147702977670178e+01
4.031662213120196725e+01
2.154248413565778009e+01
4.187311823383446807e+01
1.752327670221438893e+01
3.183382434537051608e+01
3.602020045171254026e+01
4.474340058666963671e+01
3.714363322644046406e+01
4.591729758286525964e+01
4.217137746696733558e+01
3.834121410137407082e+01
3.897907845825308470e+01
3.119543050183839838e+01
3.919308844318539542e+01
1.140641775798967039e+01
4.234921029619719945e+01
3.837640454955511160e+01
4.145962446315764538e+01
4.418039605886285415e+01
8.300895280275264909e+00
3.115845600787431380e+01
3.735435783791171360e+01
4.009194342951848711e+01
3.884705341097131281e+01
2.374043205840012405e+01
4.197240595393417806e+01
4.244958456944655012e+01
3.808669718379684355e+01
3.684486835830050921e+01
3.853952071043165972e+01
4.379860246190050077e+01
4.225680261248356828e+01
4.315776877811109813e+01
4.159464204213601590e+01
4.282177303614236763e+01
3.760198887713143279e+01
1.029048956032563389e+01
4.161583018726769012e+01
4.467219968300060629e+01
4.211614973849437149e+01
1.338295997401779580e+01
4.140631339982702741e+01
4.042363042954982433e+01
1.790672021567605299e+01
3.766802010757352548e+01
4.414389613779046329e+01
7.780696523052101021e+00
3.836699789022699747e+01
3.874243551904688587e+01
7.881827653199983352e+00
4.269078833648003268e+01
3.796969611193731708e+01
9.679435255517434555e+00
2.827335453502333351e+01
1.528983533438736941e+01
4.187852359957390291e+01
7.666450283199183424e+00
3.785227424639309390e+01
3.344147639434157782e+01
4.122265515185512186e+01
2.027341981760004330e+01
3.283889730708693122e+01
4.201627663168158477e+01
3.915634882986287124e+01
9.809231848614560434e+00
7.852016347102600768e+00
4.191266499661161049e+01
4.371777876417532838e+01
