2.683628356356385325e+01
4.876881357833209307e+00
6.403430159054601667e+00
2.652048188427511022e+01
8.588095329270602818e+00
1.537636955115416981e+01
3.207116439256466833e+01
1.859714583312314673e+01
3.637737622714595176e+01
1.589876325116085987e+01
1.625118266901370134e+01
2.806491390915624962e+01
5.239615896853407229e+00
7.512322067966323402e+00
3.346447347634163094e+01
1.388393439948871766e+01
1.423564937298744937e+01
1.270625091495248782e+01
7.066367587872648848e+00
1.872989725875943989e+01
2.372444717272736625e+01
1.235139059861677602e+01
2.587139571462175525e+01
1.243007958940554936e+01
3.349281139156516218e+01
1.104317100409591212e+01
9.159990812866814380e+00
2.941752146823753478e+01
4.975171611068802235e+00
1.663828554576855723e+01
3.139242207848765176e+01
4.917475581708954380e+00
1.609253877859272563e+01
4.379133465963105465e+01
4.090487730569064695e+01
9.800770729616484545e+00
1.214636054180634339e+01
2.055881810787678532e+01
1.454267869897580034e+01
9.101362025457827798e+00
7.756311020706403880e+00
1.845982211209783586e+01
4.082109083559471685e+01
2.524968995252110915e+01
1.214793214589218451e+01
4.350414532089324382e+01
1.684542444092314994e+01
1.234078390003744197e+01
1.467893091920059945e+01
1.568411342468234082e+01
2.383583099869578703e+01
3.149590045302483077e+01
4.537877353383668577e+01
1.063178772684270257e+01
4.140701283261685717e+01
3.510013382995654752e+01
2.655952598480277516e+01
2.722116701439730235e+01
1.245421529261484039e+01
6.201657720917232552e+00
1.546733206981197561e+01
2.931370321137776713e+01
7.039893398965670457e+00
1.628723974024847010e+01
3.874582239157594898e+01
1.337634291629887606e+01
1.600863452402051834e+01
1.323908716216231163e+01
1.373203626128044874e+01
1.403558276887206446e+01
1.158020422838158048e+01
4.373877657429515864e+01
6.828556429883054335e+00
3.822440038053616718e+01
3.697485221771871000e+00
4.567750671266301765e+01
1.244088832069402883e+01
1.385233874334538129e+01
4.281421175633690979e+01
1.388128818277404797e+01
1.234503934077597087e+01
4.123509511551409901e+01
1.492065963140809792e+01
1.040573767115421333e+01
8.462412257321817677e+00
3.581668030811230352e+01
9.442180914608407249e+00
1.174073558593094013e+01
2.716479918380661829e+01
9.752996379289273321e+00
1.571082556608475045e+01
3.313893873706673787e+01
3.136930293079056042e+01
8.649853265827054827e+00
1.837561684646310312e+01
2.789941545684096980e+01
4.150633932997078546e+01
4.178312187277659007e+01
1.381438106943956612e+01
5.722387400428220694e+00
