1.598650362223158261e+01
1.592933675603858923e+01
1.606381407812855144e+01
1.611213112864589192e+01
1.595368325443235413e+01
1.604267199466509553e+01
1.580113570452283867e+01
1.611261240168758491e+01
1.593088504333010036e+01
1.538438971309365755e+01
1.641319565554748650e+01
1.591372400078992655e+01
1.619999990392750533e+01
1.602114471765991510e+01
1.620735840508969261e+01
1.586596218385908230e+01
1.609379846758289645e+01
1.598849619249889464e+01
1.632433547236942317e+01
1.605324056940317590e+01
1.609040483606714744e+01
1.624037075067324665e+01
1.589472179449605171e+01
1.581786939052246233e+01
1.605822419342111118e+01
1.608506096199639401e+01
1.576147390180176266e+01
1.593394046210439896e+01
1.620478901653820358e+01
1.614412766695596346e+01
1.622535965597158381e+01
1.607633920984542542e+01
1.594290342204834054e+01
1.600055387241495453e+01
1.620239855709642285e+01
1.613321172063552211e+01
1.638626916715979220e+01
1.623108128212431467e+01
1.586825728118411050e+01
1.565604339950108503e+01
1.616220042387421785e+01
1.598784106265405747e+01
1.624101752207535299e+01
1.556249682020013836e+01
1.579034095415853045e+01
1.577618753925904649e+01
1.580148502936980393e+01
1.606586455946826320e+01
1.641963728638485165e+01
1.640865749183486599e+01
1.584758896647403148e+01
1.589073199544611725e+01
1.586777975608694469e+01
1.578674940588467557e+01
1.570101218215571137e+01
1.592135948325450912e+01
1.630721333689017527e+01
1.609541651501099579e+01
1.644311219946985503e+01
1.610744810653491754e+01
1.596732143672765680e+01
1.567726497753285209e+01
1.606575660070895850e+01
1.584879673867886041e+01
1.590145285502306116e+01
1.586961726694460317e+01
1.602263886368956491e+01
1.586494559790497760e+01
1.613526808606858509e+01
1.566371625466279127e+01
1.571762677472182013e+01
1.612204941018985238e+01
1.601441940003604003e+01
1.603948672551792853e+01
1.589971235898421398e+01
1.586879348796518840e+01
1.595026198724797517e+01
1.600650384836983520e+01
1.599728066527963222e+01
1.561885700654660347e+01
1.633295990372051065e+01
1.575339559195720263e+01
1.622102479023300603e+01
1.581467654773117282e+01
1.560801638605083852e+01
1.616532398343935384e+01
1.577621148360493564e+01
1.600147489116249488e+01
1.617852327336651896e+01
1.582756008584582474e+01
1.595323991354624837e+01
1.561722500476492570e+01
1.597932329784399208e+01
1.561442074850689110e+01
1.600179780931923901e+01
1.541933098349580966e+01
1.622586245329327070e+01
1.573791949966758708e+01
1.585910150973221633e+01
1.587277535835175613e+01
