6.189154949332556832e+00
3.726528643153132148e+00
1.055217502393268703e+01
1.386365289911219101e+01
3.040242242195321243e+00
1.426949959075634045e+00
5.209913824632095292e+00
3.846689490534193734e+00
7.381691902294067908e+00
2.462846047776613201e+00
1.570027712932188813e+01
2.033195880367610453e+00
6.621826520260385429e+00
1.486356102549484604e+01
1.034544595881374462e+01
7.586949021080084954e+00
9.758035981383962110e+00
1.872966437228908987e+01
4.314001923386865833e+00
1.489134458984539222e+01
5.925105046160482836e+00
6.990655395670542838e+00
7.691060796582380732e+00
7.745953968072882390e+00
6.074180366668525011e+00
4.707877667894957874e+00
1.010025268652999841e+01
1.598296714548713204e+01
1.323089508982243601e+01
5.472350376936482519e+00
5.961766845240624058e+00
7.227462763474935770e+00
1.474549687186148006e+01
4.689730925981158371e+00
4.222742049212937943e+00
6.686107519693041290e+00
1.231886439465320393e+01
7.408016650781784840e+00
7.596036788756654445e+00
6.044405350489012285e+00
1.043688129825840072e+01
1.688392705147625961e+01
1.573836883397441611e+01
1.533950102885972022e+01
6.708105270496905526e+00
1.011965803862848645e+01
1.632573171459041017e+00
6.708597604246418378e+00
2.850031477331695928e+00
1.530892331564699838e+01
1.437251891179619179e+01
9.934044639255473541e+00
6.083716652639513889e+00
6.803916504427263590e+00
5.817830120169373842e+00
9.682338151514311875e+00
1.078345538295899075e+01
1.134850522577279897e+01
1.490756364622355612e+00
7.219817728480017571e+00
2.063662851010448662e+00
4.361595771987293091e+00
8.738194481310399553e+00
1.260335086296844942e+01
1.687524084587486684e+01
7.704210949070973591e+00
5.596089492673474552e+00
3.366503517434438653e+00
2.993614936917470359e+01
6.398232036574287740e+00
4.181694613990977416e+00
7.090760345155700861e+00
3.419514098349648812e+00
9.807872900787204529e+00
1.374619601285330361e+01
1.146930562351830396e+01
4.871571677973939529e+00
1.418001445062085031e+00
8.640039901367952968e-01
3.308952432924277876e+00
1.915831150179169740e+01
6.652818424504044259e+00
4.964765746440224170e+00
1.007585801889584687e+01
3.326869644678215110e+00
4.462045171671820576e+00
3.765531110703630002e+00
1.247887494657281593e+01
1.003351022611141197e+01
6.653001759775036383e+00
1.987177321470255009e+01
2.380539465863501736e+00
1.294043737328868637e+01
2.996686117420340878e+01
4.496930471931936069e+00
6.087602651678632348e+00
8.309181577892099213e+00
9.130418813784473286e+00
1.537294096974565250e+01
5.995414901466405766e+00
