2.644083331853268604e+01
1.238153473681614436e+01
7.907231993121351721e+00
2.361157929062174077e+01
7.910420107726485739e+00
5.364474402228340821e+00
1.134546137337988725e+01
8.495017202228781983e+00
1.630254028198607941e+01
2.913908165718580889e+01
1.230766603268287263e+01
1.442636451444212931e+01
2.217223776253468515e+01
9.816684435931286146e+00
8.566908920287415796e+00
2.430011107068476051e+01
4.927309705674314699e+00
2.552135631195865528e+01
1.143609760698739208e+01
1.504993609428146151e+01
1.459915164394812059e+01
2.250214809489248324e+01
1.031649952548642624e+01
1.246315543206842946e+01
1.833923689919823374e+01
3.715253329600680132e+01
4.541219338524882687e+00
4.331651164624435779e+01
1.516036243205111544e+00
7.255052048059781100e+00
1.405925563836165537e+01
9.170849801123859280e+00
2.333253714822202696e+01
3.570169570530904934e+01
4.136220345571324231e+01
1.008725684515077070e+01
2.697809115171858352e+01
4.708701023815542897e+00
6.885969470419230909e+00
7.934063766107927407e+00
1.557288329490496537e+01
2.662413084461361734e+01
1.841470191849676397e+01
1.614127506526472189e+01
5.558831794365874934e+00
1.129338202775623579e+01
2.925147940470673547e+01
1.919813941544325786e+01
1.940014279203831649e+01
5.179146042967123442e+00
3.149444916104733849e+01
9.473472600818711342e+00
1.934220465775279152e+01
2.990812379762709305e+00
1.063638250867874291e+01
6.913472047254618502e+00
1.191490797875764152e+01
1.843033804877758897e+01
5.408488704639927036e+00
8.324486369515943451e+00
4.327994342400079830e+01
1.326939895942540915e+01
3.224249638137852259e+01
1.170416660250283236e+01
9.031992434708051576e+00
1.929037591698546805e+01
7.810088554169348996e+00
9.296171512835471162e+00
2.573854116041323437e+01
2.204341870577268736e+01
9.366270070749589394e+00
5.590945958334561539e+00
6.744543829272669377e+00
7.968717692985318735e+00
9.940978490825257197e+00
2.483235314077455413e+01
5.094529702119689141e+00
7.099565967544218203e+00
1.096110737790843714e+01
4.218936797354246693e+01
6.039107983685886971e+00
7.688909272634372627e+00
6.142280118137390943e+00
2.908986833614324752e+01
2.351831730728190450e+01
7.381387222651282443e+00
5.865467615174661198e+00
1.395294188877917207e+01
4.303229358126731796e+00
4.316342622558569708e+00
5.796488345580733892e+00
6.100084303576156053e+00
5.193588253689000567e+00
2.228750174632104475e+01
6.532279506585201290e+00
1.377956211306427114e+01
1.925722219810214142e+01
1.477205804606947304e+01
7.639941937347866308e+00
8.505244653455864778e+00
