6.149167435783757441e+01
6.216065673811294801e+01
6.283740409931704818e+01
6.352723676787237395e+01
6.415181715833764997e+01
6.483297586654281019e+01
6.545788396235960249e+01
6.602484763001810109e+01
6.654267068894192505e+01
6.704664695465241664e+01
6.705314381287664105e+01
6.721269737470898065e+01
6.743641378128688757e+01
6.728290229176619164e+01
6.634443768939787844e+01
6.556057690946717287e+01
6.398618123111947398e+01
6.237502077341180495e+01
5.970898077138297566e+01
5.498668744320976742e+01
