7.150767313350405630e+01
7.225576885155525986e+01
7.306728109576994257e+01
7.378386651932258644e+01
7.451962521750041901e+01
7.526369829449625115e+01
7.594579824470315543e+01
7.656823664811068397e+01
7.695292317605674270e+01
7.741928739010407412e+01
7.789475243161480478e+01
7.803072879370662918e+01
7.850378578932195239e+01
7.746692131844585560e+01
7.798484722502503530e+01
7.601845275132038182e+01
7.465580244295038881e+01
7.129939998363005316e+01
6.865265641992803580e+01
6.560154183243072623e+01
