3.772928336305284347e+01
3.822786248603473069e+01
3.877296532339832424e+01
3.925621128346285360e+01
3.987129097918025167e+01
4.042955728937154447e+01
4.090237716916486477e+01
4.151470157236965264e+01
4.201733480445881241e+01
4.233496442936666426e+01
4.267896831680320702e+01
4.323062472654194721e+01
4.338602635130565943e+01
4.316347352646335622e+01
4.317333939375817664e+01
4.277376165289088306e+01
4.232723529697591403e+01
4.089395007717565989e+01
4.006856589538202940e+01
3.864656461356577921e+01
