2.660557503036894289e+01
2.697900963040744671e+01
2.743066751655529245e+01
2.770219812084133792e+01
2.808026119531492881e+01
2.834706258458714956e+01
2.875573135486416021e+01
2.918572212312237113e+01
2.954048203335711520e+01
2.985456072890164947e+01
3.014426916470763018e+01
3.037669226094258690e+01
3.067375758220280346e+01
3.078427693044656621e+01
3.083159686696181723e+01
3.098507629226080695e+01
3.100241555881500588e+01
3.090062650458039073e+01
3.060575641863658447e+01
3.018527981440051633e+01
