6.755622575968277488e+01
6.821812723269879086e+01
6.885096491393548490e+01
6.959075832102071502e+01
7.020484937826302030e+01
7.077046661402667382e+01
7.139006940354310871e+01
7.198380001806472706e+01
7.237722112757013804e+01
7.279737545674250043e+01
7.324821123041341764e+01
7.318355619653246436e+01
7.305851304100188770e+01
7.345484909458090783e+01
7.234068988246734477e+01
7.128711117834021138e+01
7.050117015326138414e+01
6.612887636679380421e+01
6.446602421885036449e+01
6.017585976817836979e+01
