1.076621689976426932e+00
1.513739510907425423e+00
1.067426962761126141e+00
2.009411713729909010e+00
1.139924785159156961e+00
2.101379537012760146e+00
1.587480315666037756e+00
3.304691100168536622e+00
3.620853505098130309e+00
6.264907959723140962e+00
6.215355781271139968e+00
6.983633690633981317e+00
8.768585914706187978e+00
1.156695091846242995e+01
1.092923018475099717e+01
1.656646007232333417e+01
1.936242399849929541e+01
2.142636452298555483e+01
2.302607010661075293e+01
2.593002506913457239e+01
