1.072168164783907640e+00
1.271443690307409113e+00
1.548895649084122805e+00
1.531848836133183678e+00
1.174679639966828226e+00
1.650537557473054084e+00
2.558342495557576868e+00
2.641259044269638423e+00
4.534202910014679233e+00
5.725775395250896516e+00
5.587035257944551248e+00
7.341929200040431702e+00
8.104944061372227893e+00
1.170807350339622843e+01
1.165466227229084417e+01
1.484293151551931089e+01
1.754131191492511022e+01
2.154256074308684887e+01
2.367134526280610274e+01
2.642881702330262428e+01
