1.035433337946292331e+00
1.046970995745180710e+00
1.498635852896607057e+00
1.098438851636302616e+00
1.581373727925393879e+00
2.787147554788039994e+00
2.523643994206843821e+00
2.251640082237535534e+00
4.331812922486697914e+00
4.442910181156006999e+00
5.651393364990671131e+00
7.948420835099124560e+00
8.973292823998841428e+00
8.706184292629863819e+00
1.222380941190774806e+01
1.462329962655523730e+01
1.619809342550254527e+01
2.043419791484255299e+01
2.179196631659351624e+01
2.461508245814796325e+01
