4.337325831602473158e+01
4.182651610987061730e+01
4.292558665905323068e+01
4.517718138625008351e+01
4.229167616111863737e+01
4.745080440718951564e+01
4.493364854048085277e+01
4.481936527343788157e+01
4.607081072697386759e+01
4.552100857740209250e+01
5.307342444510989310e+01
5.223513028145089265e+01
5.185248803024710185e+01
5.282912232802438268e+01
5.095548630538699797e+01
5.744427389255914562e+01
5.537272904081128644e+01
5.489977312968614598e+01
5.406553989457659526e+01
5.578406198852824360e+01
6.231981560630713801e+01
6.280887347341737836e+01
6.409728824686108339e+01
6.586394697913063112e+01
6.216590750795003828e+01
6.645553184668814595e+01
6.984057339451895530e+01
3.960433759618053529e+01
7.016592356306874478e+01
4.061669058113871955e+01
6.120530416083128245e+01
5.107170620246431980e+01
3.971114100841516859e+01
5.749464381078261255e+01
6.189621618249612567e+01
1.835341358006445134e+01
4.359413746256561950e+01
3.483258217062228113e+01
4.372641108179180947e+01
5.256704667773873041e+01
5.280857307362514064e+01
3.823228636860576302e+01
2.003955314617958194e+01
1.733948902260961589e+01
5.739600010936363184e+00
3.677663219268290362e+01
3.309777405555037433e+01
1.714581043156560369e+01
2.122826570549039715e+01
1.453604854473942432e+01
3.001026029039968535e+01
7.216188634060642038e+00
4.441555117013923137e+01
2.886618573962016043e+01
1.780789385472033359e+01
7.753704569793419488e+00
3.170864858358494232e+01
4.470966160256406141e+01
1.925290999979739937e+01
2.085866929652182122e+00
2.292068210616102064e+01
2.784261721311900217e+01
2.136974685292783249e+01
1.534154651736135477e+01
4.256448758141015531e+00
9.549161124707072901e+00
5.541395731402915636e+00
2.193481915701488649e+00
2.318336461489550260e+01
2.175058838203017153e+00
2.850078830764076088e+00
2.718764416675235385e+00
2.280058117776165183e+00
3.555250522284063130e+00
9.385461123476614986e+00
7.860313615127141773e+00
1.719331817265031503e+01
4.091068717305575753e+00
2.778849128225615583e+00
1.891151995545940823e+00
2.061675916508129980e+00
2.209846283432169489e+00
1.907775470049668343e+01
2.073931990606334264e+00
3.834777477887319463e+01
2.244299822877170225e+00
2.162104395209239804e+00
2.275792568784104741e+00
1.880734416898811601e+00
2.847753510630726570e+00
1.770043155731787721e+00
2.388627977529396595e+00
2.367278897586872155e+00
2.366819270527637631e+00
2.109616366615480132e+00
2.332214043542821802e+00
1.900197743154501628e+00
2.910844811075290917e+00
2.367421982447634132e+00
3.246240564525076699e+00
2.730847408225905770e+00
1.749533539180690767e+00
2.017844514404750100e+00
2.451382755185512075e+00
2.081714872207698797e+00
2.484275004468384118e+00
2.007187149445994301e+00
1.885639059342747670e+00
2.209988877392404572e+00
2.322731235871001942e+00
2.168544953317725454e+00
1.974483069321442130e+00
1.925757654378458694e+00
2.686149801948487958e+00
1.612970230024743934e+00
2.344822390392265810e+00
2.592499944938888135e+00
2.513711752310457737e+00
2.346026768941541274e+00
2.152326090535737091e+00
2.383429802821831700e+00
2.211869483740259934e+00
2.379108371768580810e+00
2.228461226472066237e+00
2.634497272031250947e+00
2.984125513208685465e+00
2.497183240740749266e+00
2.519161551003131549e+00
2.319847120042597410e+00
1.912616611578701997e+00
2.436682846889324239e+00
2.633555229499598305e+00
2.683908112919808353e+00
2.394649172074826637e+00
2.150701845052283456e+00
2.297830851198626068e+00
2.127946613578306501e+00
2.495751779625222877e+00
2.341993541114713917e+00
2.546722887436801308e+00
2.569892637565437621e+00
2.275108218748557842e+00
2.573616664078436589e+00
2.024862873059179336e+00
2.394023586258894110e+00
2.204341472649909761e+00
2.536279739755523455e+00
2.306980793375602801e+00
1.957747929467192449e+00
2.309659254669228279e+00
1.918381847020585784e+00
2.042258607399287662e+00
2.635635580537987188e+00
2.285608692288984667e+00
2.251524408449126380e+00
1.889929705232893609e+00
2.206219434463585038e+00
2.615298448294872902e+00
2.198378959947809630e+00
2.095361032346678254e+00
1.829050955654169419e+00
2.359682353811511479e+00
2.056135673638531891e+00
2.251680131725102729e+00
2.643371667846742490e+00
1.890762064803314990e+00
2.064997399780108545e+00
2.286514775224067986e+00
2.099980072698048428e+00
1.858672784362683794e+00
2.439518954113662375e+00
1.968634277568098945e+00
2.276362496790544032e+00
2.416426175269029475e+00
2.011273798354790809e+00
2.316317271870141692e+00
2.400140299092305085e+00
2.381527001226253937e+00
2.198832342503862947e+00
2.036673389610734741e+00
2.209561397714320030e+00
2.324830549282034031e+00
2.108600915754768046e+00
2.808327108624584234e+00
2.387150801132383204e+00
1.874200234211718108e+00
2.290375988850793298e+00
2.363247268354672137e+00
2.281005108745637777e+00
1.820944116904694710e+00
2.375418246385628152e+00
2.258528213058775158e+00
2.061705170885758331e+00
1.875525398330632365e+00
2.452285599393048798e+00
1.981972935194436403e+00
2.356698435258262503e+00
1.879400803727994340e+00
2.430370734644685893e+00
2.054997907378673272e+00
