1.746307047464063444e+01
1.802111504810591569e+01
1.848531516599644320e+01
1.784458950297683444e+01
1.859194028380428776e+01
1.775260120328866620e+01
1.833750475952027870e+01
1.876824852600240234e+01
1.831210280907778198e+01
1.923903887443142224e+01
1.891247840695723426e+01
1.846432839487265198e+01
1.946785521939646557e+01
1.889392556483774044e+01
1.965157413175163725e+01
1.929505422264036696e+01
2.037803975361287101e+01
1.965322813343132680e+01
1.928444842408059046e+01
1.931969297278445907e+01
2.005730528922948963e+01
2.024467173520783092e+01
2.001418912543095985e+01
2.052950440085758999e+01
2.062395130811320243e+01
2.091159045232823743e+01
2.002838742219401880e+01
2.094950257980412189e+01
2.107425100323553124e+01
2.093554762108027134e+01
2.091384291014081853e+01
2.144205997009088094e+01
2.114235912184451394e+01
2.214771288056127929e+01
2.070448950572730240e+01
2.251045964397464516e+01
2.403576783971846709e+01
2.167256108741595710e+01
2.228580521160661476e+01
2.203239786920827825e+01
2.388870506603556976e+01
2.220538202190638088e+01
2.190209467969857116e+01
2.238066989371357707e+01
2.251773906728922725e+01
2.426175544044303223e+01
2.352419451377866011e+01
2.464439207477645866e+01
2.253317837169606364e+01
2.403166430426006528e+01
2.331969312579374431e+01
2.417534471038309363e+01
2.442910427958412711e+01
2.602488055751813789e+01
2.395873055615420455e+01
2.616710888745081220e+01
2.392492683508921658e+01
2.494579981635121158e+01
2.414764851229168130e+01
2.513818173480687435e+01
2.539832909566813512e+01
2.530663525474551534e+01
2.628609784133783478e+01
2.579511677872771358e+01
2.616920317891682402e+01
2.797548292778726520e+01
2.632605730912158037e+01
2.592407106186856680e+01
2.606140802192913242e+01
2.775678856222548774e+01
2.751970176355115427e+01
2.731908557621186873e+01
2.807245184464445131e+01
2.809003813114915005e+01
2.851547979347276041e+01
2.947014047247673219e+01
2.785462858889285087e+01
2.842316474823143935e+01
2.907926926412596558e+01
2.766372755758360569e+01
2.926850587516522850e+01
2.930895590004965356e+01
2.999758609406161014e+01
3.025383701470613929e+01
2.856814176235883451e+01
3.110509968557854066e+01
2.939264722971156019e+01
3.088795944294644968e+01
3.113560785517310592e+01
3.032237454338643801e+01
3.041516146425947653e+01
3.103559127542056117e+01
3.123531108796766986e+01
3.125046711152133483e+01
3.139150865079561115e+01
3.087674293421539318e+01
3.171040421115131736e+01
3.399390928519351718e+01
3.244260148242654651e+01
3.325367204011148203e+01
3.449376436462043216e+01
3.628710023153396946e+01
3.674225439629115186e+01
3.571415872190329566e+01
3.616230155750711361e+01
8.991214987053778529e+00
1.189505743441204366e+01
3.806509170804626763e+01
2.454912681542323583e+01
1.455934441915665012e+01
6.288018407873675608e-01
2.382495952017829310e+01
1.368346615085145146e+01
1.300543275886247052e+01
1.373193130226156100e+01
1.726137829534628132e+00
2.296745748410062049e+01
1.400061234701084700e+01
4.972723885838112423e+00
1.368308951109521843e+01
1.465937083942085195e+01
1.639377126376267313e+00
7.090208286005561966e+00
7.393601409414449321e+00
5.978669587616542991e+00
1.299868275711594556e+01
5.494313181040019423e+00
1.126986296925179687e+01
4.862455107441231661e+00
1.237640807955927613e+01
2.260130001619137730e+01
2.108178867360389575e+01
7.727375166543102303e+00
1.287197293537511555e+01
4.733975392909465008e+00
7.889560977673613085e-01
7.392616623013710253e+00
1.705932299493537085e+00
3.039581542698463146e+00
2.248836970142872005e+01
1.080627211801725096e+01
4.739753181283253847e-01
1.455956274779056336e+01
1.384663516000492933e+01
1.010219109062808540e+00
8.137755241570391318e-01
1.118826461437532505e+00
2.376366739356512525e+01
6.573853669829149204e+00
8.064448897890614809e-01
6.686127001276840343e-01
8.483269411743664667e-01
8.632884002640787147e-01
7.669819092321161769e-01
3.813441628639376302e-01
5.980949329616863652e-01
6.935157823819527723e-01
5.130887643413675203e-01
8.493748231830109408e-01
5.361169413659298000e-01
7.072870613504229631e-01
3.378384088724929457e-01
5.458165249535994468e-01
8.055153936997169195e-01
4.764027649425435662e+00
6.728915056772821757e-01
4.477570499578804042e-01
5.965477025291775481e-01
9.042134875575967845e-01
4.556977577893541187e-01
5.508355097682130497e-01
4.580633913373145516e-01
9.381328671619409976e-01
2.569512539090895165e-01
7.248254939769012140e-01
8.072724222661932236e-01
8.167490682430539328e-01
9.018904841353346802e-01
6.838632016912544742e-01
5.237809972213819387e-01
5.712716050734515383e-01
7.502131283288943076e-01
5.873332680708028830e-01
1.020826747303519966e+00
6.851418734192302740e-01
5.561387393642545085e-01
7.418236832347756549e-01
7.868942167181460778e-01
4.894213512000336608e-01
7.270761545983320806e-01
5.076315352560805128e-01
7.278253594983280506e-01
4.367611381989539021e-01
6.913464887509391810e-01
6.391306982340325682e-01
6.320086992634729173e-01
6.870164501570247273e-01
7.662430700787510318e-01
1.078356972678498726e+00
6.110918023900177021e-01
