2.273405353223562386e+01
2.203540551226436151e+01
2.345103955009491870e+01
2.329569536832991261e+01
2.384558265948506417e+01
2.450782589070428230e+01
2.383914534715028211e+01
2.429391772564946805e+01
2.342750500245088929e+01
2.378263806940567804e+01
2.491952932668397835e+01
2.359467595783875282e+01
2.563015578898879454e+01
2.516365862606038917e+01
2.539994536017020010e+01
2.589679710835163817e+01
2.589930428644475668e+01
2.583145700926660382e+01
2.509610293778300516e+01
2.544055521592546398e+01
2.741528646051619234e+01
2.687853294041061147e+01
2.763930068866354262e+01
2.729473819203067819e+01
2.787324709630436104e+01
2.859164653865076389e+01
2.698734862666713852e+01
2.879463389978633003e+01
2.786642305661208141e+01
2.872111396726905852e+01
2.841521040663188202e+01
3.004947284172931532e+01
2.895065404897597716e+01
2.946208208330192591e+01
2.979189653198276844e+01
3.127878096498241689e+01
3.118859971154044430e+01
3.126415788068026202e+01
3.057802608529618738e+01
3.128586576332540758e+01
3.177867620422546580e+01
3.342771602742124770e+01
3.087498265909079720e+01
3.106393205419869474e+01
3.137093155953379409e+01
3.303130322352167525e+01
3.340301421869578746e+01
3.183998782514739645e+01
3.463778920041060161e+01
3.412335047328804905e+01
3.788067535454027990e+01
3.349682553049466804e+01
3.440845763775550381e+01
3.615931415362453549e+01
3.627260592813365037e+01
3.746697586108925293e+01
3.692253022534737283e+01
3.592201102433767801e+01
3.729109986251035735e+01
3.704817478872281100e+01
3.856612831151506526e+01
3.993212633876709816e+01
3.564471897257610777e+01
3.713486237076040908e+01
3.978480755573473004e+01
4.094209391141239252e+01
4.192595369057898580e+01
4.156778228782395956e+01
3.886211175832017517e+01
4.079117090360510645e+01
4.202012757073723748e+01
4.426082062043717258e+01
4.397842796751363181e+01
4.259163365196794615e+01
4.375086933882693785e+01
3.436571930673857622e+01
4.243513753443809122e+01
4.253005650453297193e+01
4.518272231514574599e+01
4.555384528694614232e+01
4.433996292779805515e+01
4.493816626593199004e+01
4.734008229885552055e+01
4.507258373439820787e+01
4.472613659187219071e+01
4.771132442854636935e+01
2.684793107503242382e+01
4.568037116276931897e+01
4.792855377432950092e+01
1.115858342280696469e+01
3.932263470997590105e+01
4.721642220350041441e+01
2.412184220678128099e+01
4.359909231142098207e+01
3.626952124679738887e+01
2.207738611986371069e+01
1.854679850452618339e+01
2.161325442307786915e+01
1.451111478121357479e+01
1.162950417301602002e+01
2.911827845925811786e+00
2.165655269475316658e+01
1.879473038573554433e+01
8.367712098241263385e-01
1.111123259087244897e+01
7.790059636605042748e+00
9.702326152696354455e+00
1.074618744877057885e+01
2.776750717398900559e+00
1.284409758534373402e+01
1.097061125816102845e+01
1.448401186280474873e+00
9.385532025952609825e-01
2.592076656554090697e+00
1.845002318282677134e+00
3.140584662166670427e+00
3.365472119513009730e+00
5.879852820250812684e-01
1.369424782064194712e+00
8.552259626818288218e-01
1.123890264193261990e+00
6.832890961682821285e+00
1.056815850848656035e+00
7.352728741141942859e-01
8.902604409906412775e-01
1.182146420029346778e+00
7.811223599235712634e-01
7.875886660841470155e-01
9.181555138796617666e-01
1.248967272205870671e+00
1.124109450468331328e+00
1.090909035601846933e+00
7.541806663158608925e-01
8.397135515468763245e-01
1.113019453143574644e+00
1.094321283851142468e+00
1.020318610772280365e+00
9.999272911709011780e-01
8.975994963394914317e-01
9.043401644901873926e-01
6.466616543720272725e-01
1.198886232966944743e+00
9.194213874209048454e-01
9.116388785859773636e-01
1.028247200670440842e+00
7.630595369739415768e-01
9.911414450366805573e-01
8.647351573839316963e-01
1.357316511751294419e+00
1.103379845120288971e+00
5.783346008800311910e-01
7.183008993839286038e-01
8.307703413120296476e-01
1.021917563807448026e+00
8.165026590073547474e-01
1.238774949836692008e+00
1.116636343230822392e+00
1.043277241181786552e+00
1.372229298410377218e+00
1.047048115859883444e+00
1.192900562324107572e+00
9.551415798599977025e-01
1.061313897094426917e+00
9.828012608717850984e-01
1.091415897602505902e+00
9.007049977821405262e-01
1.109840945953471714e+00
9.660294482571851749e-01
8.542324613897233077e-01
9.581345557767165788e-01
9.541670806093877077e-01
1.222343353854750347e+00
1.119126150200672409e+00
1.043694013540790611e+00
1.310346994167170376e+00
7.612257545055101104e-01
7.192425081621969252e-01
9.771959815174821040e-01
7.014977287386946481e-01
7.571324925911065984e-01
1.054585783657180142e+00
1.029586871457512265e+00
1.187520953917989397e+00
8.448934624773487556e-01
9.940790754067631019e-01
1.107196428148210954e+00
8.825024684494444660e-01
8.672815468097219149e-01
7.804312052233400854e-01
1.105444498022602806e+00
1.451214963791788826e+00
7.944816716984484106e-01
1.262803526216007555e+00
1.059270901418822408e+00
1.229762512193362189e+00
1.203596849517828637e+00
1.073005332701810977e+00
1.022541862791318978e+00
1.041305832808016252e+00
8.628370014362326534e-01
