5.000000000000000278e-02
5.263157894736842507e-02
5.526315789473684736e-02
5.789473684210526272e-02
6.052631578947368501e-02
6.315789473684210731e-02
6.578947368421053654e-02
6.842105263157895190e-02
7.105263157894736725e-02
7.368421052631579649e-02
7.631578947368421184e-02
7.894736842105262720e-02
8.157894736842105643e-02
8.421052631578948566e-02
8.684210526315788714e-02
8.947368421052631637e-02
9.210526315789474561e-02
9.473684210526316096e-02
9.736842105263157632e-02
1.000000000000000056e-01
1.100000000000000006e-01
1.173684210526315802e-01
1.247368421052631599e-01
1.321052631578947256e-01
1.394736842105263053e-01
1.468421052631578849e-01
1.542105263157894646e-01
1.615789473684210442e-01
1.689473684210526239e-01
1.763157894736842035e-01
1.836842105263157832e-01
1.910526315789473628e-01
1.984210526315789425e-01
2.057894736842105221e-01
2.131578947368421018e-01
2.205263157894736814e-01
2.278947368421052611e-01
2.352631578947368407e-01
2.426315789473684204e-01
2.500000000000000000e-01
