9.871407695149434502e-01
9.469230954967744474e-01
9.559093876400956979e-01
9.855339140560547273e-01
1.007480343974233250e+00
1.031382311121651574e+00
1.028066559967756088e+00
1.000456902196077635e+00
1.041845778954064494e+00
1.022967093490637636e+00
1.072058245879179417e+00
1.073667006331136431e+00
1.072863624572635954e+00
1.059141967442497112e+00
1.093597786528528015e+00
1.134973655315090424e+00
1.136042846482018476e+00
1.101456643062741714e+00
1.128955411819376531e+00
1.129664632372068267e+00
1.194333368274492990e+00
1.201247485657336300e+00
1.183988905947417347e+00
1.157439483309667949e+00
1.186249498924158985e+00
1.214326857306215368e+00
1.217650744887111891e+00
1.250358180874871161e+00
1.252304136866837947e+00
1.259725074745832396e+00
1.319454676323190911e+00
1.278506550829497046e+00
1.240687456001741351e+00
1.322005171659684564e+00
1.265641904789990502e+00
1.307446313026949358e+00
1.374674327530941875e+00
1.339980759693416568e+00
1.327210972311063442e+00
1.364747139798606623e+00
1.401178602717652932e+00
1.420537022483283618e+00
1.384052658342011854e+00
1.412512186317448792e+00
1.363713183993246147e+00
1.409546819643964444e+00
1.464147362784359530e+00
1.457439329757751700e+00
1.451107216582906201e+00
1.424373829492155075e+00
1.507446554610492706e+00
1.516593105181082146e+00
1.540804121587502573e+00
1.528606419465852628e+00
1.534265638486857819e+00
1.497504428275134192e+00
1.589589887454260886e+00
1.546048931328495746e+00
1.546680791731163351e+00
1.590042290787525792e+00
1.616347820665239077e+00
1.575340303807239328e+00
1.561443876447927037e+00
1.619334226126879495e+00
1.572857675549049539e+00
1.623456848337180736e+00
1.669442872551312851e+00
1.623176277687950808e+00
1.637419980633009864e+00
1.651304623395829507e+00
1.700871583880185334e+00
1.666658586204022852e+00
1.719321771446655323e+00
1.689501052205363951e+00
1.668082763761997267e+00
1.729496996669544373e+00
1.874469447623752005e+00
1.760598509585513671e+00
1.700590964806004468e+00
1.737004193819006614e+00
1.778151601986854180e+00
1.764085703020275231e+00
1.832429911215727403e+00
1.934149794984095116e+00
1.792119265822227137e+00
1.880394951217697619e+00
1.936171335494245582e+00
1.882648743002359959e+00
1.860788943200919698e+00
1.852413636429217192e+00
1.961281524496208073e+00
1.911832977555968593e+00
1.860150153811122253e+00
1.934198356735014501e+00
1.909121999211996323e+00
1.919480269746547396e+00
1.998786747496163807e+00
2.004933994533723673e+00
1.992073654185991805e+00
1.894249335117971889e+00
2.140444985766561281e+00
2.096248590658456035e+00
2.224339442667471634e+00
2.173540158920891585e+00
2.145443606263485847e+00
2.294903952985916984e+00
2.240605400866390706e+00
2.252390859468524464e+00
2.277375921647853296e+00
2.334989021670203169e+00
2.386537197476287009e+00
2.427782163236234858e+00
2.460823149817252808e+00
2.524095009954805402e+00
2.386319811384172151e+00
2.622192149823469265e+00
2.603943999519689800e+00
2.712070626296498421e+00
2.543576351657494516e+00
2.555209144543312050e+00
2.766048648370019070e+00
2.761090830973711885e+00
2.827161792118623396e+00
2.740842989049989686e+00
2.724686922176571713e+00
2.832745587795101549e+00
2.962228863928659806e+00
2.830409895376967189e+00
2.883924784291062693e+00
2.957760422713529014e+00
3.070679971292703314e+00
2.981996268352307133e+00
2.955397787775452922e+00
2.963459978441327358e+00
3.012591924268976040e+00
3.220775289272593600e+00
3.118834489014168820e+00
3.078629920388572305e+00
3.165323280686279883e+00
3.152873186162450381e+00
3.294837004293205585e+00
3.360803200971707927e+00
3.335166421595352038e+00
3.205212525521382361e+00
3.351298440126071920e+00
3.295478929527034140e+00
3.429227267316644401e+00
3.607726128497807938e+00
3.447777229399460186e+00
3.504119430160962612e+00
3.573672483609569461e+00
3.656472236134850284e+00
3.525740476982621274e+00
3.563840553899361829e+00
3.623524642182507804e+00
3.777029841357864459e+00
3.697503088683135264e+00
3.726822182298299868e+00
3.878271762121220156e+00
3.673036051813948877e+00
3.921499743589610620e+00
3.886376858750465235e+00
3.889248593647546937e+00
3.727297154630430764e+00
3.880871246126009311e+00
4.072398341259950705e+00
4.041386066373284791e+00
4.144905847666829679e+00
4.057361356144842723e+00
4.195587051559449776e+00
4.340214120918266971e+00
4.167328545606858725e+00
4.351949837033382451e+00
4.288785558930801045e+00
4.240212368300092294e+00
4.309958058491653254e+00
4.212632705861079963e+00
4.387391119324557387e+00
4.322233375716602488e+00
4.263715225025515920e+00
4.421296496099254014e+00
4.571804826088096796e+00
4.548581444188174672e+00
4.560758041182912059e+00
4.496400500448424431e+00
4.505948136134871440e+00
4.591299946029212542e+00
4.590541401696299317e+00
4.647519701963274130e+00
4.453244990774436474e+00
4.685596854419309842e+00
4.775358943010348689e+00
4.679734412198060411e+00
4.723288752357206910e+00
4.751624417017015212e+00
4.831132521460606455e+00
4.793133126185134429e+00
5.048425905410185877e+00
4.917541179120074268e+00
5.099551813516113086e+00
