6.791286235121837267e-01
6.925136259468611666e-01
6.586267657552512533e-01
6.658608834762975714e-01
6.746617564393098121e-01
6.741291107041575970e-01
7.063712257352263713e-01
7.604840024865525683e-01
6.666555570883313520e-01
6.913583882097034117e-01
7.617349027801009198e-01
7.843546809684843746e-01
7.609745852416429646e-01
7.413992126660563509e-01
7.709863142850654771e-01
7.448936833050711082e-01
7.949724635418840002e-01
7.634994303169373442e-01
7.652939663170715834e-01
7.460037079350977374e-01
8.020808545033236703e-01
8.057271624997652815e-01
8.709010387945179676e-01
8.252860391267915485e-01
8.168936550918471928e-01
8.827453042610813316e-01
8.474364421785136603e-01
8.807090064831850640e-01
8.510893704933720771e-01
8.518149714692940799e-01
9.077657700262377061e-01
9.029477864651309638e-01
8.581568451198386960e-01
9.166815923957406520e-01
8.542624010417264602e-01
9.861190118526959036e-01
8.833890169521991798e-01
9.009423384932523371e-01
9.168610788285551649e-01
9.262597700074978180e-01
9.092641978438302797e-01
9.595663278457194911e-01
1.012450608552755815e+00
1.016826029452278846e+00
9.432701083236867401e-01
9.559028060669559901e-01
9.468705188381768556e-01
1.023400277683446546e+00
9.539464793848303481e-01
1.018109752469045670e+00
1.078417712600945322e+00
1.021293574693092232e+00
9.663320068822647269e-01
1.003216198141910320e+00
1.028560960312028261e+00
1.035685604143788963e+00
1.144701272280739701e+00
1.075943834736706517e+00
1.044887011065442683e+00
1.068837231668037235e+00
1.120473785824845692e+00
1.153178181393359480e+00
1.041524155111207328e+00
1.060712521199722369e+00
1.115696610520045207e+00
1.144255929350149970e+00
1.112122021552508722e+00
1.152793823858010658e+00
1.124493367654228804e+00
1.232196539699517368e+00
1.125967894504459332e+00
1.209472871660813409e+00
1.202348735526890700e+00
1.169618420435425410e+00
1.139568405388708516e+00
1.158161793013848140e+00
1.254317371604509956e+00
1.237203886753168947e+00
1.170984870196792649e+00
1.238352405700454462e+00
1.245076961852741748e+00
1.279140622590406950e+00
1.257612554244760039e+00
1.249211154272262592e+00
1.215279898213052157e+00
1.213935386683895334e+00
1.270823914919497533e+00
1.265358497630549417e+00
1.281483616835008110e+00
1.351258676593695585e+00
1.353432135762577371e+00
1.403481849187712793e+00
1.231408866076261210e+00
1.387282934437295445e+00
1.320907653978352414e+00
1.395332251515102095e+00
1.376579976574612063e+00
1.300096401835278526e+00
1.279337318912800114e+00
1.379614598028830574e+00
1.400996472319214314e+00
1.442673570831278784e+00
1.532033611022925568e+00
1.449368842864179996e+00
1.437958851372529434e+00
1.566983050459375804e+00
1.618606521467926163e+00
1.598224006577434686e+00
1.570573480748060691e+00
1.629488333243805931e+00
1.630095838799847430e+00
1.650960837226653988e+00
1.736424475287556612e+00
1.653704537448038581e+00
1.787777431100080694e+00
1.729772957706364744e+00
1.878469051812324153e+00
1.919404577990177163e+00
1.864316552079517075e+00
1.786642333715498854e+00
1.932797252491623263e+00
1.935059239827350508e+00
1.911002566849135720e+00
1.936852544839276824e+00
2.073052202028834223e+00
2.044368268875406791e+00
1.931900607510390389e+00
2.096174197750086954e+00
1.976030612342425608e+00
1.986910091043573745e+00
1.974017331721160229e+00
2.059174570624700884e+00
2.126168403107886462e+00
2.042631166662962627e+00
2.087760477601469322e+00
2.090602266722677793e+00
2.170346701829604985e+00
2.154928216374464078e+00
2.071936567023959341e+00
2.155883773195589992e+00
2.249297842502367750e+00
2.315378419254033648e+00
2.310404746198126968e+00
2.191010738815526881e+00
2.186714599482400434e+00
2.363109406832541115e+00
2.298060950114301004e+00
2.437304822155342166e+00
2.435008380601167755e+00
2.485536063918392102e+00
2.360033925014377143e+00
2.452574349688857236e+00
2.484908906786526206e+00
2.504303500670231664e+00
2.492241319248362785e+00
2.679500242420866041e+00
2.498808394998751847e+00
2.726634658855584536e+00
2.482340652582426088e+00
2.668001392052405052e+00
2.719897831719825021e+00
2.683670715359549153e+00
2.729693324468126736e+00
2.582299331190964775e+00
2.965112841608886551e+00
2.711540051144685659e+00
2.743982001754563971e+00
2.678898021205321722e+00
2.655365418628268692e+00
2.843132999656889037e+00
3.005803314888439992e+00
2.836739104102794506e+00
2.822050894365754292e+00
2.950270503545437961e+00
2.922497528405901601e+00
2.917384113962156800e+00
2.998336711349857797e+00
2.971675861441624988e+00
2.855593817620187380e+00
3.040293629490885774e+00
3.101945678965004394e+00
3.238080896176514401e+00
3.284372368800654751e+00
3.032681461482388929e+00
3.107286829746093382e+00
3.132010746230409204e+00
3.134455962224245162e+00
3.024322029945600399e+00
3.304823828293395938e+00
3.167694306524771353e+00
3.551491412726976105e+00
3.171152342499404586e+00
2.988380791278252513e+00
3.247597124666555590e+00
3.207267800458403428e+00
3.233126907202438449e+00
3.280096383120538306e+00
3.363997791487154831e+00
3.489583053177913285e+00
3.212887199872149324e+00
