3.949263501773391805e-01
3.388430279072951468e-01
3.978282429523247177e-01
3.972752107642184005e-01
3.792129772016284428e-01
3.826370256339112763e-01
4.056279619220342636e-01
3.813400680418245758e-01
4.025614354868053413e-01
3.705401481820371212e-01
3.675767049143237042e-01
3.774980874538053088e-01
4.489110095297889624e-01
4.112073046083126737e-01
4.065815004710827130e-01
4.169865414977095286e-01
4.549096128346643009e-01
4.196605925237749668e-01
4.373060156802462406e-01
3.869078088364972245e-01
3.790013247787035189e-01
4.304464182878185441e-01
4.643506392204405642e-01
4.499152291502697687e-01
4.548339311231300308e-01
4.522583997099686726e-01
5.284085629590522526e-01
4.828527858343212853e-01
4.972697716341085705e-01
4.928412387976697784e-01
4.953830814021940587e-01
4.356687628758650344e-01
5.102179291349627777e-01
4.819704487269630966e-01
4.718175527266353364e-01
5.759576190486084268e-01
5.261846416893456446e-01
4.953262542338126018e-01
4.982697977452922866e-01
4.970592308287546390e-01
5.056162444375713605e-01
5.330941441708131334e-01
4.955116822952500000e-01
5.836013568559073050e-01
5.670784962136437013e-01
5.560081476400365874e-01
5.088424972777757516e-01
5.934032279060550419e-01
4.694733145810762176e-01
5.105444372773917383e-01
5.436850419110282884e-01
5.359932624249716948e-01
5.833398963629551348e-01
5.719129208871672754e-01
5.802158649406792268e-01
5.778996962860459830e-01
5.300456929896463221e-01
5.566289592449834567e-01
6.083810149094560638e-01
5.958233908783605592e-01
5.703713453941279266e-01
5.839208410806202565e-01
5.957333783177842790e-01
5.516033746380658576e-01
6.033855464260564627e-01
6.377968983937239988e-01
5.886754941098323313e-01
5.949489782075489952e-01
6.880009594596421252e-01
6.066008416186231544e-01
7.339394240729485430e-01
6.891478918798238373e-01
6.551985134531288502e-01
5.424749484214308470e-01
6.512531942655257478e-01
6.638210981452363768e-01
6.384963685491897856e-01
7.261423991314583937e-01
6.369542370504943651e-01
6.389015222568034114e-01
7.190518353162945742e-01
6.659743321629398860e-01
7.411435424544435824e-01
6.236337162781954158e-01
6.233139928359511250e-01
6.641606482782443921e-01
8.036193835879336111e-01
6.928039953522400207e-01
7.333737522506241779e-01
7.201135425114746358e-01
7.269333911605616594e-01
6.694967616530507204e-01
6.771951447730708562e-01
7.261807023602948608e-01
6.848562649603521235e-01
7.302602277993242019e-01
6.840586009927058786e-01
6.882312995015609225e-01
7.490015562330509802e-01
7.794147584515668248e-01
8.863127126037839698e-01
8.350279792475321372e-01
7.784543598068335291e-01
7.518706879195635739e-01
8.506171213373666662e-01
8.525820993403634418e-01
9.188375875235136325e-01
7.966498176590941505e-01
9.337798403640895639e-01
8.569166594007566751e-01
1.086181623564439036e+00
9.080930579392579860e-01
8.554529954638160349e-01
8.421026530052999615e-01
8.639808811080386119e-01
9.652994797679327332e-01
1.024657161773819158e+00
9.813108089276950663e-01
9.763020461976380515e-01
9.857522734118522312e-01
9.726700996297942270e-01
9.457385843427923433e-01
1.013497479371118448e+00
9.231999665691391632e-01
1.032925070553914138e+00
1.075881865340368337e+00
1.025850598443872830e+00
1.240529945905433751e+00
9.606585366295730122e-01
1.075431627810213175e+00
1.192271193712805433e+00
1.244752491551320173e+00
1.215726730507120434e+00
1.246859287471993261e+00
1.080267724980308541e+00
1.077529280191206862e+00
1.304214996785264535e+00
1.191952646221457579e+00
1.223794842431561447e+00
1.334215588448711909e+00
1.350981222120825720e+00
1.094630726627429329e+00
1.209077874704731714e+00
1.277540896488719158e+00
1.211444600481187184e+00
1.241166537754542443e+00
1.300204570541293236e+00
1.297957350996168824e+00
1.192927716818444006e+00
1.232539039126826941e+00
1.421585923907680904e+00
1.434612636574344569e+00
1.299679082055091861e+00
1.385809255439278020e+00
1.503308577846999672e+00
1.468576996415778213e+00
1.356493280751848607e+00
1.434106903641651387e+00
1.379663070377927570e+00
1.436943907057511849e+00
1.441266132683360457e+00
1.355730951898208803e+00
1.530993832523339870e+00
1.446658993603123777e+00
1.507115850659747291e+00
1.354593020114744695e+00
1.626144089282693272e+00
1.459969952410562044e+00
1.532883259684549193e+00
1.486040606404332332e+00
1.471914772624595136e+00
1.534393526296101928e+00
1.634509245612691508e+00
1.666548269840362861e+00
1.789986979920827004e+00
1.735632261447499269e+00
1.574396232265612650e+00
1.802774016497636245e+00
1.635837130982573884e+00
1.543266096775607998e+00
1.552359146806187917e+00
1.606038383104810396e+00
1.731742307474635645e+00
1.610955081537189582e+00
1.787762316726280387e+00
1.798033723418987595e+00
1.964680949950285749e+00
1.668381803389375806e+00
1.623238652388857783e+00
1.602564624222433398e+00
1.874801687497116731e+00
1.704053720657310311e+00
1.688287052846287217e+00
1.779612190429615159e+00
1.644887785421457638e+00
1.751076222352723866e+00
1.784521502146331429e+00
1.959544366830121120e+00
1.897607663747829632e+00
1.819153226260832534e+00
