1.318088836080253756e+01
1.313814674574929064e+01
1.174042126698698496e+01
1.047270903153403943e+01
1.013745944596679571e+01
8.990100315357302918e+00
7.671242380392078175e+00
6.524060700748282926e+00
5.988063498282533814e+00
4.809141066221528149e+00
4.081716724446846634e+00
3.387539488450900471e+00
2.118047380818353087e+00
1.645885662668632010e+00
1.450917219361542498e+00
9.814031346966285430e-01
8.157833283237236888e-01
8.142141663945278163e-01
5.267748623641744787e-01
6.201358582241163209e-01
