3.073781328629029375e+01
3.201852357469380195e+01
3.333861014362266673e+01
3.335390987839137011e+01
3.440029643834810713e+01
3.335655489550153163e+01
2.962690050114919060e+01
2.552437076339692013e+01
1.779245432535729066e+01
1.443598033658500945e+01
1.103007516190144699e+01
1.084246859717105949e+01
1.007521956321971324e+01
7.705092490515633941e+00
7.146251157199235315e+00
5.384505365921222975e+00
6.584208478849340906e+00
6.945450567603428382e+00
4.913034471908280132e+00
4.878140308272090664e+00
