4.335505310674987101e+01
4.614741158500289941e+01
4.879037822385244283e+01
5.248993016558139146e+01
5.611184401338258709e+01
5.982303721961648080e+01
6.398902459097649853e+01
6.364704080110362838e+01
5.916369724765931437e+01
4.630746207607005971e+01
3.579755775338747270e+01
3.331222364424915128e+01
3.020841260934289352e+01
2.667372963611585845e+01
2.289888950329385864e+01
2.035279582428811196e+01
1.917741382629003510e+01
1.372876506733494750e+01
1.270230990918984659e+01
1.000038689257568159e+01
