2.449908702380774272e+01
2.467929232415515273e+01
2.533803100838932210e+01
2.435444153731360117e+01
2.354491902759758304e+01
2.040493303560531047e+01
1.680177706054923448e+01
1.356284664274940788e+01
1.122594769020689043e+01
9.168034786926861912e+00
6.784886314815577357e+00
5.704783120827693566e+00
4.824979583243635517e+00
3.686426577627487600e+00
3.830787187344205424e+00
3.209154203113435688e+00
3.078813376409445191e+00
3.385066703925084575e+00
2.542695969175552406e+00
2.387639427409402604e+00
