2.804794997793846534e+01
2.888901999207588744e+01
2.903580758385839644e+01
2.941917330673398823e+01
2.890629785092582082e+01
2.758206530196439843e+01
2.435000718422590182e+01
2.110891011309676202e+01
1.777372030524033875e+01
1.200991879542397278e+01
9.184150270005352112e+00
8.103769365713679562e+00
6.709948625977323111e+00
6.919038981287271461e+00
6.383717602235658539e+00
5.261277903695313007e+00
4.866346792739267180e+00
4.118456467301688129e+00
3.833722355479170396e+00
3.030996522054094644e+00
