1.103436229490635023e+00
1.321133777402315523e+00
1.575982362898358247e+00
1.537546258383636344e+00
1.740029662359124263e+00
2.611586123909789947e+00
3.084628932399989143e+00
8.005180846900900704e+00
1.057897980287995843e+01
1.159397859766668937e+01
1.185906098311964207e+01
1.243521010634162138e+01
1.253475092187466089e+01
1.220965815746424354e+01
1.385301329684418548e+01
1.378385701515943040e+01
1.330322974174912254e+01
1.155648053172733647e+01
1.337025998648076275e+01
1.088109912365748677e+01
