1.274481549343054132e+00
1.167476625456495221e+00
3.930907126046877309e+00
4.283960880315824227e+00
5.877206513887947459e+00
7.823670825352124325e+00
1.003451900072090552e+01
1.122458902415351645e+01
1.076685404224675757e+01
8.272574715576546112e+00
7.079369640466186553e+00
5.926692911346861159e+00
4.929057213350948707e+00
5.755920191484873882e+00
5.518683099002577919e+00
4.649437419362856261e+00
5.155177668883871078e+00
4.487207629517856233e+00
4.437212796410265447e+00
3.752085922646869687e+00
