1.500000000000000000e+00
1.552631578947368363e+00
1.605263157894736725e+00
1.657894736842105310e+00
1.710526315789473673e+00
1.763157894736842035e+00
1.815789473684210620e+00
1.868421052631578982e+00
1.921052631578947345e+00
1.973684210526315708e+00
2.026315789473684070e+00
2.078947368421052655e+00
2.131578947368421240e+00
2.184210526315789380e+00
2.236842105263157965e+00
2.289473684210526550e+00
2.342105263157894690e+00
2.394736842105262831e+00
2.447368421052631415e+00
2.500000000000000000e+00
