1.519889756572847261e+01
1.501647133473367823e+01
1.477050381999688256e+01
1.472838102706346675e+01
1.487128848750317189e+01
1.448516247718060512e+01
1.518831450288781504e+01
1.491304388582822327e+01
1.484006353576373449e+01
1.488787877037865748e+01
1.472625452671576518e+01
1.470194998516030438e+01
1.491795266373205386e+01
1.485591759299742165e+01
1.466027637170158648e+01
1.479423131547653902e+01
1.489307106888276699e+01
1.447958591556066210e+01
1.469899142071366249e+01
1.462099277211655668e+01
1.487564668313884120e+01
1.480280085914265520e+01
1.451909208247288241e+01
1.460943031878953668e+01
1.489678551077504665e+01
1.483229145326117582e+01
1.506972974313932845e+01
1.474441003123108374e+01
1.490209350444266256e+01
1.452308323300836435e+01
1.462794779060923922e+01
1.453360979701065858e+01
1.480624516179234718e+01
1.489939478521136174e+01
1.499974237828547352e+01
1.517258985447582020e+01
1.458207851887525308e+01
1.470351984918993615e+01
1.437583403023662676e+01
1.493153725498127571e+01
1.494948372792797109e+01
1.507171516779007625e+01
1.452416580523489031e+01
1.502143352227861328e+01
1.461971779484194123e+01
1.499990648680238969e+01
1.468104041278419736e+01
1.468529103512296174e+01
1.522457831453323607e+01
1.487647844342017400e+01
1.451542693220824098e+01
1.473353636346513795e+01
1.470192273831194818e+01
1.488852066307163646e+01
1.481236700520493876e+01
1.483287752442926255e+01
1.469283213619509176e+01
1.495851630207998184e+01
1.483283233135426116e+01
1.473219200422904507e+01
1.508547915786893334e+01
1.478555005903616681e+01
1.473011452013103373e+01
1.496284954506512932e+01
1.448360506737482645e+01
1.474574047592318671e+01
1.480879026128801712e+01
1.490970315565362192e+01
1.491357765251620471e+01
1.472129228336850204e+01
1.465831957608300584e+01
1.468725414940120011e+01
1.454592023362889464e+01
1.499737800376905383e+01
1.474133318673519533e+01
1.488895593032985509e+01
1.492176291054319037e+01
1.456648983104414441e+01
1.466105318264630064e+01
1.476207018561748541e+01
1.517660415572831489e+01
1.520148526971242475e+01
1.478353231084692432e+01
1.506831399014050099e+01
1.475153984206460756e+01
1.503109068519765934e+01
1.505836130068995082e+01
1.492242256111436660e+01
1.481948115600508942e+01
1.508810432774656540e+01
1.501202457499386078e+01
1.475201359727962469e+01
1.493938555398877099e+01
1.483274634035833017e+01
1.491742863531261243e+01
1.473755556634347208e+01
1.464418319877621677e+01
1.457040121228388507e+01
1.481264373592187944e+01
1.442390238928029156e+01
