1.443422808410179847e+01
1.408275811501750496e+01
1.428370179840307053e+01
1.432231412736372889e+01
1.415266698743501372e+01
1.420456900597835137e+01
1.421965184942556348e+01
1.419130293720078129e+01
1.415541750479405003e+01
1.432041291012089701e+01
1.398783700185815881e+01
1.440607672095785219e+01
1.471884269336776185e+01
1.422473049838070303e+01
1.434954494380428081e+01
1.430823177110172040e+01
1.410347824729345056e+01
1.397073765233262321e+01
1.427997266348828198e+01
1.459813408167800652e+01
1.404929401713911830e+01
1.435274737072316853e+01
1.413902121283707736e+01
1.410612564347473885e+01
1.400115803422394478e+01
1.431536471684951017e+01
1.421955027321289400e+01
1.454257179500661401e+01
1.393828110612454196e+01
1.409575314118162837e+01
1.440111809499080486e+01
1.446536282025881803e+01
1.420130903114910836e+01
1.445395174559725859e+01
1.409324290716065953e+01
1.429404147699610483e+01
1.431889826246423958e+01
1.430772334594083972e+01
1.434265207433712952e+01
1.431980385416820489e+01
1.431039351348804267e+01
1.422163881244186712e+01
1.433853782676069422e+01
1.436793370800360137e+01
1.418477282247116200e+01
1.425639955569667983e+01
1.411402371776575748e+01
1.428958093657423589e+01
1.375485183171107550e+01
1.432485837201383561e+01
1.432288393858250863e+01
1.454158491686088084e+01
1.422160568965859184e+01
1.435097573796938519e+01
1.399943983335382924e+01
1.413501262858203411e+01
1.436898522787806520e+01
1.386381373713611609e+01
1.426474284724958608e+01
1.422993986839821901e+01
1.429035120792911862e+01
1.419656121600257315e+01
1.433095577846683710e+01
1.431788264857728166e+01
1.458940054005534570e+01
1.431495292812182996e+01
1.415857923781389083e+01
1.444501077390693666e+01
1.429186992455459659e+01
1.448646270247383683e+01
1.419098571845690238e+01
1.436550161072017140e+01
1.430158694431055544e+01
1.416820558709864031e+01
1.446894786623523288e+01
1.414651627391629241e+01
1.417464221964098847e+01
1.410745980778021469e+01
1.435533887704186284e+01
1.410575470646377561e+01
1.391189769345364979e+01
1.422227206266891208e+01
1.428794406431648056e+01
1.444554622717493153e+01
1.427200435468897943e+01
1.441722759002681364e+01
1.425131962059728963e+01
1.445871593312741155e+01
1.442675290312393876e+01
1.428354713032492818e+01
1.414515619107926270e+01
1.436038306917527052e+01
1.406126052235712720e+01
1.397807574577509548e+01
1.437633816918026852e+01
1.452734904781833869e+01
1.418670723363928943e+01
1.438442969046666597e+01
1.447391413561537377e+01
1.401842248182036599e+01
