1.460944386583094534e+01
1.455811255812411531e+01
1.474392541116422173e+01
1.497253208575092920e+01
1.452006675676032366e+01
1.436270242608898329e+01
1.434247178693768099e+01
1.480013165639513062e+01
1.449605092429687048e+01
1.459238390578385847e+01
1.453662499892400461e+01
1.439001644168642891e+01
1.450523263272480001e+01
1.435198492681622895e+01
1.492083249868942652e+01
1.433206732554114282e+01
1.472586620702744220e+01
1.461561818305963811e+01
1.431926594110412232e+01
1.447521915365909528e+01
1.472435784591734098e+01
1.504112529618991445e+01
1.428636964652391583e+01
1.452097190086351475e+01
1.452309588943551155e+01
1.462138214071294406e+01
1.440160741174700121e+01
1.442896331713692781e+01
1.446764249530618685e+01
1.452616443279151248e+01
1.460711282502398234e+01
1.475175123651328590e+01
1.432209199652008991e+01
1.449614677364507109e+01
1.473955526690199314e+01
1.432820446400507564e+01
1.442174913603962061e+01
1.436949832519487380e+01
1.471906411493558586e+01
1.443721395843566846e+01
1.442911523175938626e+01
1.441649629842329183e+01
1.427597084453323717e+01
1.424439118102235291e+01
1.491908078749330002e+01
1.402500625179287219e+01
1.442649796375714288e+01
1.442868227918314616e+01
1.431001933004504068e+01
1.465096802023913369e+01
1.491467039301498332e+01
1.444420629978969473e+01
1.477450839302712104e+01
1.453841378511424942e+01
1.451871708354253165e+01
1.448363078330828912e+01
1.452856940627695437e+01
1.455898862073320998e+01
1.441591856363824675e+01
1.447766646495326270e+01
1.451308267007412134e+01
1.462772745856309875e+01
1.469611814965497132e+01
1.449732112593873623e+01
1.459529143608544821e+01
1.440771148152698089e+01
1.439143666598260296e+01
1.451816109659885612e+01
1.472581808755132293e+01
1.429102529596300997e+01
1.430428886780853581e+01
1.431575943626306291e+01
1.461580303191138164e+01
1.451664852220367763e+01
1.448971449139944312e+01
1.440205913512584956e+01
1.439438773679576222e+01
1.434425769458442090e+01
1.442446829528382324e+01
1.432020355223394503e+01
1.505188071280315043e+01
1.454918084041706194e+01
1.426163542336878187e+01
1.443106863889209457e+01
1.449468992675618928e+01
1.488382957611239021e+01
1.437200076912640334e+01
1.448405645451511070e+01
1.449536015267582023e+01
1.437815339907319867e+01
1.458669250154838615e+01
1.481529864606234526e+01
1.469393684298014158e+01
1.466501332370709854e+01
1.430408487367997417e+01
1.441939106500534074e+01
1.442057555032647365e+01
1.451489734077649096e+01
1.483665815966524448e+01
1.464596264512248069e+01
