1.531376993255403107e+01
1.542987176237979519e+01
1.550706853119400286e+01
1.582416592927588006e+01
1.537428205442459195e+01
1.511667163603939024e+01
1.535315695876746389e+01
1.579464088937819888e+01
1.536210480068246831e+01
1.524348619224190493e+01
1.542705155365396408e+01
1.563847432943498283e+01
1.557008719540735520e+01
1.529546559016968743e+01
1.492965312552719759e+01
1.533223767653910130e+01
1.553666933645096648e+01
1.530852933450761633e+01
1.529087542808688482e+01
1.561649325311253733e+01
1.529591907215560731e+01
1.544156954498730272e+01
1.524468856291930940e+01
1.526498999422164182e+01
1.599480515149453730e+01
1.532507763777141463e+01
1.562844457202055182e+01
1.517694418009447332e+01
1.530716980023420959e+01
1.540294973076573548e+01
1.520712638755384916e+01
1.533655966770752777e+01
1.525246627551825007e+01
1.555172358409708977e+01
1.544911059968248068e+01
1.593349364942418944e+01
1.548928509830722078e+01
1.536265395612807794e+01
1.569034374483149286e+01
1.563598976639709370e+01
1.551377199198125822e+01
1.559665023731480282e+01
1.546853872017360843e+01
1.535223809243268001e+01
1.569054863242224407e+01
1.547215817825072648e+01
1.553977781839681604e+01
1.540212187947797418e+01
1.549573827557221684e+01
1.559863396019289539e+01
1.588453154021042302e+01
1.563481129442403805e+01
1.559491447513999596e+01
1.610991399202790575e+01
1.536083028601995792e+01
1.573369180155651570e+01
1.585734212022134315e+01
1.542026031011399390e+01
1.531690476115219823e+01
1.572940828528784252e+01
1.574565474419300060e+01
1.530003257694170138e+01
1.545733500509106051e+01
1.531603537411869986e+01
1.550728118379267073e+01
1.553333823951581572e+01
1.553338132046294895e+01
1.579510180382283124e+01
1.549801458080806249e+01
1.544203984059210910e+01
1.547078682490169399e+01
1.505791678642129483e+01
1.539835432631342549e+01
1.562143456470304592e+01
1.540652923156249443e+01
1.554131346276705905e+01
1.563537726815231821e+01
1.535694289828918180e+01
1.521658620755123614e+01
1.558180969582232045e+01
1.529012197729782052e+01
1.587803484684572908e+01
1.584252127577174818e+01
1.553644773386319855e+01
1.521891060565053166e+01
1.551138062425470920e+01
1.577087760758187684e+01
1.538472585583518892e+01
1.565172378771648454e+01
1.544938853652313426e+01
1.557915010684944335e+01
1.539766447817403794e+01
1.539563304237801233e+01
1.546479023414016751e+01
1.548260477064872198e+01
1.520997260924316308e+01
1.523918931811487987e+01
1.555677456897754851e+01
1.544243611287089202e+01
1.582861941313773357e+01
