1.524390279660713965e+01
1.545918098168747079e+01
1.500239154158449928e+01
1.488978364822501099e+01
1.532582007640413657e+01
1.517198567758113548e+01
1.506893168777854797e+01
1.516346415282641402e+01
1.511906192622699940e+01
1.484713742060495711e+01
1.510543353214234230e+01
1.507781108891609989e+01
1.529420521708756198e+01
1.514688662192896729e+01
1.527837776833467842e+01
1.527096170467011760e+01
1.514526768872403473e+01
1.495571931609829619e+01
1.529044008005909738e+01
1.530194877856803259e+01
1.559407897358449624e+01
1.515396002102186657e+01
1.512602464734624519e+01
1.541554909975671883e+01
1.524542854473255105e+01
1.511692846093766818e+01
1.540611694372644536e+01
1.566317136596708437e+01
1.519062789466625496e+01
1.495709561847313651e+01
1.517933407020639258e+01
1.492356301067857771e+01
1.521040927234161977e+01
1.526968399454951530e+01
1.529879940655201409e+01
1.513397013891100151e+01
1.528625165416822362e+01
1.510679881446687034e+01
1.505337530679054403e+01
1.487144467477991583e+01
1.453872369536359166e+01
1.517183095467837006e+01
1.515643581926196148e+01
1.505063939700399445e+01
1.540858891450483270e+01
1.531167814270105154e+01
1.505546233111760124e+01
1.535724117390466503e+01
1.502883374733305644e+01
1.518097341776963738e+01
1.524361739482698042e+01
1.529677388071148769e+01
1.514995481687694578e+01
1.549308381908438115e+01
1.530127438287828845e+01
1.516914581922756611e+01
1.488566540520967152e+01
1.512097072956908583e+01
1.509041036864481278e+01
1.513256588400783187e+01
1.522640912070004582e+01
1.532963119837010701e+01
1.543898838397421613e+01
1.500422530947175126e+01
1.516027393218061015e+01
1.521906428641511688e+01
1.523342803617032359e+01
1.530155454789248104e+01
1.549346921675246413e+01
1.534850343760506597e+01
1.537510985171816813e+01
1.500522583611325445e+01
1.553307758298937813e+01
1.516297581631003233e+01
1.499760434821887500e+01
1.514002819765104135e+01
1.511707586533186110e+01
1.523864570843427479e+01
1.516235506968506108e+01
1.501648602453455084e+01
1.465336919346082212e+01
1.512330090397722238e+01
1.499986422661841345e+01
1.554032928914382694e+01
1.502297807524360351e+01
1.521885819605437185e+01
1.530933031852438120e+01
1.516375560789672150e+01
1.536934045836735052e+01
1.518479582724105548e+01
1.531668202653387034e+01
1.530231058963226864e+01
1.540106400316776991e+01
1.516274201476314865e+01
1.539706766819671557e+01
1.525475187412584077e+01
1.496847440507397842e+01
1.533950487222933745e+01
1.516872366834551933e+01
1.493727752369264117e+01
