2.485916981709057083e+01
2.573645958006514078e+01
2.563882972435220253e+01
2.557851216496089108e+01
2.477925174901330863e+01
2.437276260263500660e+01
2.361835517803050166e+01
2.588516287265096949e+01
2.603565587245284618e+01
2.754327545939126765e+01
2.610962768546956880e+01
2.461679239460464430e+01
2.503554117535993484e+01
2.364541905041567560e+01
2.658132521241081747e+01
2.592252244021521435e+01
2.474592447665995465e+01
2.696761080835548086e+01
2.720320859853769591e+01
2.726516443035595927e+01
2.556502414356819131e+01
2.513317403134315597e+01
2.483412469152492719e+01
2.530879207238121964e+01
2.472642577729800095e+01
2.411593214997908419e+01
2.652942267047042080e+01
2.570500335807360059e+01
2.536037650756237483e+01
2.532684356486221944e+01
2.401693200522862881e+01
2.514225011375627972e+01
2.606701809436152573e+01
2.426300426468689153e+01
2.379787904240944840e+01
2.618183657021297606e+01
2.465258183301968486e+01
2.500521405937504227e+01
2.525799730584006042e+01
2.426845466913201221e+01
2.601586200529832738e+01
2.619718902150858497e+01
2.522735057229280642e+01
2.557549010119876343e+01
2.416940799440981991e+01
2.478057337892447265e+01
2.525327304526494387e+01
2.511631342494537833e+01
2.545509512615224779e+01
2.403258673471837170e+01
2.528901349747477312e+01
2.417876880007829143e+01
2.572673247238395788e+01
2.509108957639261206e+01
2.638410486407463296e+01
2.415817694861872411e+01
2.662330228235442320e+01
2.536053524660037439e+01
2.518737737279334965e+01
2.403136245665346493e+01
2.430802109432914548e+01
2.421949127889266862e+01
2.527117097652835653e+01
2.411559838895673735e+01
2.410502652652724365e+01
2.455543887914415535e+01
2.496114579590042837e+01
2.543025772045906052e+01
2.585871359949092962e+01
2.387218339738323181e+01
2.663390415361862296e+01
2.510069245756210421e+01
2.507831816215336218e+01
2.597182100421603224e+01
2.487607810427740773e+01
2.428560410237870570e+01
2.417691656497826713e+01
2.530793684749210826e+01
2.494982134093783444e+01
2.468007385789875130e+01
2.567938049493822206e+01
2.518333214835861611e+01
2.546151269815241491e+01
2.534625382000476534e+01
2.435556996946559849e+01
2.500437864838502122e+01
2.659601867746287951e+01
2.452537793997504423e+01
2.604793227089179908e+01
2.679464549528118056e+01
2.423945151333299108e+01
2.431544043564555224e+01
2.452298185297949118e+01
2.591576167314600454e+01
2.551116293386654732e+01
2.432682971037797870e+01
2.427236838177445222e+01
2.616710271492638640e+01
2.742676350589549017e+01
2.493513609308909551e+01
