2.832602745942379130e+01
2.648468518052466436e+01
2.655085002070152811e+01
2.682906920900545700e+01
2.831605933240935613e+01
2.691646850101948729e+01
2.654128099473065561e+01
2.750917297762548586e+01
2.916336491957631338e+01
2.606968928922386297e+01
2.598572220948404876e+01
2.874026558136297638e+01
2.862538032991677994e+01
2.697796399294338343e+01
2.605014416143874101e+01
2.755205612223453215e+01
2.715785344113843891e+01
2.764100379619333481e+01
2.927410058577038399e+01
2.630047204376908709e+01
2.585697853412662539e+01
2.647109045379198733e+01
2.713118854998087670e+01
2.776919354591537115e+01
2.804872268434818139e+01
2.651266947771589955e+01
2.728917137576381080e+01
2.742221879289581210e+01
2.648179519661114512e+01
2.935252776006351283e+01
2.479569010743544411e+01
2.738555650052411394e+01
3.008790385995497374e+01
2.852514240251841571e+01
2.723817236887384396e+01
2.836825430501342638e+01
2.508228263969691696e+01
2.689836832584108350e+01
2.808294979345674136e+01
2.831309880959059910e+01
2.635091268080527627e+01
2.826865199097726489e+01
2.716949433032461059e+01
2.831585078525342425e+01
2.623078772294170946e+01
2.669006601194610084e+01
2.704255358328971326e+01
2.671715876474589280e+01
2.723007672003756952e+01
2.806415325405014372e+01
2.991384599449517268e+01
2.816324537869315137e+01
2.839854689714010760e+01
2.695733532303472302e+01
2.777464011149088918e+01
2.692041473947475438e+01
2.691076529234682368e+01
2.812210116562923545e+01
2.727516127462182638e+01
2.749755318246716840e+01
2.757616753385535091e+01
2.677552828412149566e+01
2.703895381853734747e+01
2.565235117389738662e+01
2.776682568080149593e+01
2.806856345514632878e+01
2.580837081099342711e+01
2.747896992332143995e+01
2.582112766079156074e+01
2.460521611313518520e+01
2.771659952842442465e+01
2.740360582242292864e+01
2.880167673058122091e+01
2.816814303000395370e+01
2.605738480437389626e+01
2.767810478094576965e+01
2.766564702778735452e+01
2.604990939533465166e+01
2.638585867490934334e+01
2.569111262633980175e+01
2.736403623989962952e+01
2.786989972068197119e+01
2.715724105838355484e+01
2.487919487498156101e+01
2.522564932319072994e+01
2.833650274099382926e+01
2.589685036341466073e+01
2.846024090953521934e+01
2.825464628811747403e+01
2.771760024647806375e+01
2.726380902907282078e+01
2.814743610906351989e+01
2.842153980532393831e+01
2.669680583541953567e+01
2.717011292397370426e+01
2.772781310250471520e+01
2.887852803396551238e+01
2.714688112971268197e+01
2.589015483989883037e+01
2.588423651280114868e+01
