2.131765882830373471e+01
2.321124539818823251e+01
2.366111608650783182e+01
2.191580648733527426e+01
2.243955829192260509e+01
2.149251613963262741e+01
2.244365803422201111e+01
2.167046300457665353e+01
2.173030025727610237e+01
2.215556399699919510e+01
2.231725006071984652e+01
2.142067269912568506e+01
2.191155919560274867e+01
2.153358978134242818e+01
2.261095050695833208e+01
2.224751462612377750e+01
2.209512450806475314e+01
2.233555907141180441e+01
2.186353075079112074e+01
2.234499318545983115e+01
2.294424447136248801e+01
2.236287641353136024e+01
2.066848087601146844e+01
2.172834666293446659e+01
2.154407818636116900e+01
2.205196762278090006e+01
2.190430804415944976e+01
2.215014386932287138e+01
2.155927181317022345e+01
2.185870471294703421e+01
2.197699984649634430e+01
2.205329624683093925e+01
2.252699869569568847e+01
2.218323662008849340e+01
2.280754501395291811e+01
2.139327791338741847e+01
2.289667462685485688e+01
2.267160297908566946e+01
2.352370989511726407e+01
2.190411692954708656e+01
2.268555671302533838e+01
2.189986404439851242e+01
2.289472783531725852e+01
2.316580687891264390e+01
2.226518804115076478e+01
2.188400656979098713e+01
2.119163028287261596e+01
2.247277958640956896e+01
2.183287970627517183e+01
2.216608028791094753e+01
2.164233888143093054e+01
2.179348954595045029e+01
2.162544723018515214e+01
2.118984141100154517e+01
2.196182633439702414e+01
2.207194456065322186e+01
2.202821497770270653e+01
2.208310826155793194e+01
2.252616282981076523e+01
2.188389203489779433e+01
2.223124926636690191e+01
2.155632467254551798e+01
2.117123675696746687e+01
2.262624836467558609e+01
2.098730157548183328e+01
2.195846680891060032e+01
2.244612063477303820e+01
2.135935723758636229e+01
2.298843564968379027e+01
2.212536428161230617e+01
2.156183655549185829e+01
2.245123970438710259e+01
2.186613227777963786e+01
2.283581083117546129e+01
2.184420117915381709e+01
2.198787279760314561e+01
2.070109403484627819e+01
2.200066412805689708e+01
2.168343883872426758e+01
2.209297184777351575e+01
2.204905962603143976e+01
2.158892204580652319e+01
2.171358143855286826e+01
2.060699267892143638e+01
2.331692872999670740e+01
2.274186762836482956e+01
2.125218616488098888e+01
2.221260771056050132e+01
2.227549383247869841e+01
2.204188546865048437e+01
2.198701766616621356e+01
2.183710966057375913e+01
2.137332008246793791e+01
2.106231630965600488e+01
2.246310783669361300e+01
2.181710855775619962e+01
2.139628049213748184e+01
2.272713948114166627e+01
2.222468853629523622e+01
2.230268164407540610e+01
