3.077910065049003308e+01
2.948738194940110091e+01
2.984066720103837866e+01
2.913376177320840910e+01
3.080160195634366715e+01
2.885813694958368458e+01
2.837796645849266497e+01
2.982389444960834268e+01
3.014656896086428972e+01
2.963852657324162720e+01
2.937548825146808085e+01
2.970589963318456839e+01
3.068569749118781331e+01
2.895142197562921993e+01
3.215765500787280473e+01
3.184849919789913386e+01
2.978876363247163539e+01
3.080052628186361474e+01
3.065081112124684637e+01
2.796073489645017318e+01
2.905731675819056647e+01
3.146725729420898787e+01
2.910492297725660649e+01
3.091977467102012156e+01
2.936532875121529074e+01
3.063631788968914194e+01
3.007513206390213512e+01
2.772452342619381582e+01
2.910116743406411288e+01
3.040509770905566356e+01
2.810097148660382871e+01
3.208154888378064840e+01
3.219758909634710875e+01
2.959667533046065557e+01
2.847185064753608685e+01
3.034570810298914978e+01
3.191590589646655474e+01
3.108348222168640262e+01
2.918456227811394754e+01
2.871400749633162519e+01
2.996640425906058880e+01
3.051871404279693678e+01
3.226720139438870660e+01
3.075692635301614430e+01
2.979819111248545127e+01
2.874448927536534626e+01
2.938196607784461989e+01
2.832548556770229808e+01
2.899262710240659757e+01
2.908572868275675560e+01
2.899555174051339179e+01
3.076653808012052238e+01
2.991753912938609972e+01
3.162601698789800508e+01
3.022762832837332070e+01
2.863824489251206273e+01
2.929224660001775149e+01
3.159217473586733860e+01
2.965541821325530947e+01
2.922767832454744408e+01
2.964040363250926191e+01
3.043002331213960687e+01
3.121934260613944545e+01
3.067976461615200634e+01
2.962549540679408366e+01
3.060369980366692388e+01
2.949318858354556028e+01
3.027301078324782679e+01
3.012514805409371021e+01
2.831477872904347137e+01
2.660550960233419104e+01
2.990372900812684520e+01
2.908126090086244631e+01
3.254944330269920272e+01
3.196924503652019922e+01
3.149510465954208271e+01
3.196566152616491152e+01
3.026256039423356725e+01
2.802110419243449257e+01
3.135136876842197751e+01
2.982630837153428516e+01
3.188346151142994955e+01
2.984493499113815318e+01
3.110162189732526272e+01
2.866988420233464296e+01
3.130700663180236631e+01
3.076663637405385998e+01
2.978497871003864006e+01
3.027020840133847557e+01
3.364972696289856913e+01
3.101638659297994138e+01
3.156031605842678545e+01
2.798131992843980953e+01
3.071948102896454458e+01
2.732858977349314955e+01
3.062044190623403139e+01
3.138665347676728601e+01
2.938243194993722085e+01
2.981098629512036524e+01
3.227905086525773726e+01
