3.291936824943949347e+01
3.198275621400719260e+01
3.346684180486651883e+01
3.239256593728319444e+01
3.419085192787036931e+01
3.149316424006252291e+01
3.417812918150028878e+01
3.270988983307319842e+01
3.144780305797474540e+01
3.323156295081308542e+01
2.983807271536275252e+01
3.232957752731680046e+01
3.634701638084128206e+01
3.544420098484626891e+01
3.221577839315123271e+01
3.143779570430208992e+01
3.084788421212886078e+01
3.121060249785609031e+01
3.271799299825745067e+01
3.342237789002109594e+01
3.420140223374946942e+01
3.425969172329754286e+01
3.321173454065442598e+01
3.409597670933978719e+01
3.636944375532904417e+01
3.559346410894367807e+01
3.310241089603063358e+01
3.218074348284656594e+01
3.316929104064296752e+01
3.053798313905228312e+01
3.201417186748187760e+01
3.414307874039825919e+01
3.307817531628054297e+01
3.483661647024981534e+01
3.386204977841368446e+01
3.176279178554448990e+01
3.112183299638333267e+01
3.523223770622237083e+01
3.452715589710660282e+01
3.187490516050090861e+01
3.334053012512546132e+01
3.192475506886588477e+01
3.430918964180854402e+01
3.350913111040098613e+01
3.179662473500900077e+01
3.165792369932799488e+01
3.270167855128364209e+01
3.394106689380246422e+01
3.276135848350711655e+01
3.168932627316896600e+01
3.368185547760883480e+01
3.568548110949570429e+01
3.394517189624102826e+01
3.332291663376273760e+01
3.360671848421248598e+01
3.566766395660800271e+01
3.326325783077009390e+01
3.098877432368459495e+01
3.118214181461289058e+01
3.364989743308518655e+01
3.294881801671567700e+01
3.421434279535917966e+01
3.133338265782471410e+01
3.124500035659654529e+01
3.681562552942944677e+01
3.451027008659401929e+01
3.330598702143829115e+01
3.608338263320153771e+01
3.231520647191501183e+01
3.603559164806332404e+01
3.324159779887965271e+01
3.124990712955401051e+01
3.230583062250329363e+01
3.171096627598508277e+01
3.324514313814127320e+01
3.334944073613986859e+01
3.572727097589609713e+01
3.302259864519400168e+01
3.659623725691512419e+01
3.338148885643613539e+01
3.495429351637957893e+01
3.196116638379035990e+01
3.271081210951079044e+01
3.420370028511189275e+01
3.476745790975413541e+01
3.284387580751364766e+01
3.265405574952010426e+01
3.385597580855992561e+01
3.433028066564828862e+01
3.323250675963364387e+01
3.222986577986661416e+01
3.206072917077585771e+01
3.329466774790572714e+01
3.340527820854193664e+01
3.378042455886415496e+01
3.149058512916883146e+01
3.157970881259826967e+01
3.541112092162879321e+01
3.492619926362731064e+01
3.212364482601333293e+01
