1.812929016651667169e+01
1.857096624760157866e+01
1.821259200284136881e+01
1.821537825960033885e+01
1.790495174478140683e+01
1.808184485737435310e+01
1.875448229864928607e+01
1.810456480803620494e+01
1.828103981962937752e+01
1.812354810630043644e+01
1.829680233408087275e+01
1.810726534892673456e+01
1.862234400847572857e+01
1.783800958217264210e+01
1.845275811916914321e+01
1.853205206235010394e+01
1.825094750614576355e+01
1.860542283774335459e+01
1.862362877024676067e+01
1.806454080345474011e+01
1.853313751721061919e+01
1.862691946472709148e+01
1.809571269234213986e+01
1.777984508656397367e+01
1.764008153477075425e+01
1.764848619916661576e+01
1.910884784054871943e+01
1.790729588032909092e+01
1.841646328208098282e+01
1.810385787205744990e+01
1.872031706337090995e+01
1.871959085492695962e+01
1.821231510666864040e+01
1.823300160285815252e+01
1.877690171841983613e+01
1.835726609026651701e+01
1.812529747976339323e+01
1.859211002486667752e+01
1.808546878047336648e+01
1.825327512589309720e+01
1.863759136454191889e+01
1.842021454337578845e+01
1.813353323352314561e+01
1.879546833193625943e+01
1.841941845881821749e+01
1.831919435858953804e+01
1.778421911159529856e+01
1.844620699713122391e+01
1.800459893030086533e+01
1.827213161706621847e+01
1.842525616452563142e+01
1.798004110085669893e+01
1.846010007605528713e+01
1.866956540643790774e+01
1.826208433537642861e+01
1.847262383472946112e+01
1.870902715233086511e+01
1.903554272314442031e+01
1.772261216094381098e+01
1.856346074710415905e+01
1.935456874794945747e+01
1.796850651509317842e+01
1.864745686300864236e+01
1.808349103697721816e+01
1.802889921823824793e+01
1.831050718919766496e+01
1.848149986586309623e+01
1.800768581791808742e+01
1.856348479938410634e+01
1.912093782204772197e+01
1.828392511454912395e+01
1.838903138845487106e+01
1.890812883536180067e+01
1.856236766886068779e+01
1.835240595685117171e+01
1.824147787998061077e+01
1.898111553754424108e+01
1.829597906890348824e+01
1.868036723660241094e+01
1.877482941188199206e+01
1.725819285813639326e+01
1.792402468633733648e+01
1.897883667155469922e+01
1.827538985922783610e+01
1.825328864603466528e+01
1.858763113496763353e+01
1.859086224515273855e+01
1.840090417262813460e+01
1.814028097201676815e+01
1.813614616312950645e+01
1.864400215035948349e+01
1.835307078406703596e+01
1.840802395426491245e+01
1.835107170155106715e+01
1.874593453317020675e+01
1.841678708898170314e+01
1.837978897163839420e+01
1.827662977229782371e+01
1.726404835478214750e+01
1.807655775118033858e+01
