1.888833611833684145e+01
2.007096585862963778e+01
2.029726759564787031e+01
1.926042302936279427e+01
1.940886338699513303e+01
2.036069804006488937e+01
1.959490997562362224e+01
1.989075694326118438e+01
1.970055291524840868e+01
1.983919196438282384e+01
2.005197037610829369e+01
1.983185619036498437e+01
2.040313231485124490e+01
1.979077949011697513e+01
1.993188790890378570e+01
2.013924256889145781e+01
2.006548345778210418e+01
2.017527769162070683e+01
2.014019512652656019e+01
2.046896320326647256e+01
2.031151663113415395e+01
2.058547804316474128e+01
1.907696005344120849e+01
1.997841878570855556e+01
1.923366023488705068e+01
1.928565164279158850e+01
1.941864568048824680e+01
1.988224166557273875e+01
2.030788695502648977e+01
1.928876828665355347e+01
2.003127338371258048e+01
2.047022041771915113e+01
2.049783122474670449e+01
2.013973944891563406e+01
1.998834571000023530e+01
1.964912456363887117e+01
1.949763361737772982e+01
2.040705378067713838e+01
1.924635920194609184e+01
1.948580953194102250e+01
2.097431291691627919e+01
1.945047191639095274e+01
1.937214017738032723e+01
2.016905999577726050e+01
1.989549716179779892e+01
2.034781911937862731e+01
2.008970674800134049e+01
2.058882161905704322e+01
1.953610680211309258e+01
1.993654547975763336e+01
2.011056473775931863e+01
2.036140966779069217e+01
2.020395787841239255e+01
1.950582219949425777e+01
2.043837905490333284e+01
1.993219385813857514e+01
1.971201715776832941e+01
1.919120258591203054e+01
2.037428553606129711e+01
2.043649774330731006e+01
2.016875833422729158e+01
1.880896833972014903e+01
2.011325590841459032e+01
1.955552623503916010e+01
1.947017950731352798e+01
2.021312303496681650e+01
1.918803473951503946e+01
2.004329415907533374e+01
1.964894549094489662e+01
1.966534580137885513e+01
2.031599560481831546e+01
1.977110163850803204e+01
1.933222123194160957e+01
1.931942346543179312e+01
2.030805483079627294e+01
2.025811019861760798e+01
1.907457709002071766e+01
1.996993539166075848e+01
1.993633115912887632e+01
1.919409859347250702e+01
1.991101924164478021e+01
1.976336279799495443e+01
1.967077152804706230e+01
1.929048845179296023e+01
2.008802472773542647e+01
1.964758687708813767e+01
1.950840989422094296e+01
1.969736425191194584e+01
2.005925229349973904e+01
2.091822586859125366e+01
2.011316732035626842e+01
1.918153893820092293e+01
1.947928965248735977e+01
2.096926584044756581e+01
1.966994395345815150e+01
2.021814307092819618e+01
1.989751321708433807e+01
2.025354330859258667e+01
1.946131923515973838e+01
1.988179721438331882e+01
