1.998273386322379253e+01
2.022549552210647761e+01
2.056036137857207535e+01
2.155750938560677454e+01
2.095719511144175229e+01
2.098308689733805821e+01
2.137949195072691566e+01
2.086985742828965940e+01
2.173312146289964630e+01
2.012347660017185191e+01
2.045327611345225094e+01
2.107523665226073817e+01
2.153521367300479028e+01
2.094892444862619385e+01
2.063456693610462267e+01
2.067628881816647279e+01
2.036984324859255224e+01
2.034660044539027979e+01
2.055279690494277034e+01
2.079454505572405054e+01
2.037499281406569196e+01
2.053297360098791557e+01
2.151065979148727081e+01
2.126039751173403403e+01
2.184010422219730785e+01
2.088824218464649363e+01
2.145776203064933085e+01
2.084485830103677628e+01
2.045559010125603550e+01
2.107065859514851169e+01
1.958803259711394418e+01
2.128886653843312260e+01
2.138523675416321623e+01
2.002813512897764525e+01
2.018487961078352200e+01
2.050857875861785473e+01
2.058969780635181834e+01
2.051513058623837082e+01
2.100709925098206554e+01
2.086863405152672968e+01
2.125899976690520887e+01
2.084951624157864813e+01
2.105733477169276213e+01
2.188456077381970388e+01
2.047423320894648313e+01
2.002849862377905765e+01
2.167170282544142168e+01
2.097778716954063327e+01
2.057987265130916654e+01
2.088040229544451165e+01
2.072801111742526103e+01
2.163776070029409837e+01
2.144376120013451015e+01
2.060175554036835166e+01
2.050215261027080871e+01
2.029851744957252535e+01
2.134070534435791799e+01
2.158485850748804680e+01
2.061123615523268526e+01
2.226442530772589734e+01
2.085524457105947960e+01
2.116030590244785259e+01
2.125791823911221456e+01
2.142425908628780817e+01
2.086768164563017436e+01
2.047152103292138747e+01
2.048371787861179527e+01
2.134631234319302351e+01
2.202534165499454488e+01
2.064592520100400463e+01
2.073325488627500590e+01
2.110071652340251802e+01
2.143986695335743420e+01
2.042613685475479812e+01
2.049623075556049656e+01
2.082098259584763866e+01
2.074387987141762935e+01
2.156843156128745775e+01
2.095566684087907916e+01
2.102006511224994156e+01
2.105047993864263134e+01
2.169118947857914392e+01
2.022921173388097671e+01
2.063225779248826797e+01
2.098558338342520813e+01
2.122509567238551753e+01
2.065575741965455236e+01
1.949954064534489007e+01
2.130100102189229005e+01
2.108839883928792247e+01
2.045531257242582868e+01
2.121635026851804540e+01
2.056728595191557574e+01
2.106564950092541011e+01
2.144797753857633538e+01
2.033778276499997872e+01
2.045996334414004281e+01
2.086197935292190664e+01
2.025637963714259371e+01
2.133203036732543367e+01
