3.887955012808930633e+01
3.798259769924059981e+01
4.047402558935647932e+01
4.181141408516342750e+01
4.179709646141407120e+01
4.065172385549728062e+01
3.029972595148854708e+01
4.262076030133373905e+01
4.054595914262095846e+01
3.837293714657065635e+01
4.195285088302033927e+01
1.307268976045694231e+01
3.781300048204324327e+01
3.329831223732412582e+01
4.425690272974479456e+01
4.035170422197438000e+01
2.552624750802733189e+01
4.134773969877274169e+01
3.908570117311792558e+01
3.964962539660049856e+01
4.064691985267533880e+01
3.438520870375067062e+01
3.915863716172098918e+01
2.791638090529022875e+01
4.223428486996490250e+01
1.741532789903547851e+01
3.934200624546248548e+01
3.438054450240867510e+01
2.904465422555034593e+01
3.720364115215043910e+01
3.629381799245870610e+01
4.014596340878857461e+01
4.093405150794545477e+01
1.659202966497997878e+01
3.958401300759683750e+01
3.767420217005288663e+01
4.124918139828373853e+01
3.792663839425632233e+01
4.231767652892487774e+01
4.055136559729768209e+01
1.075350616266810633e+01
4.370272199488253051e+01
3.978014452466014461e+01
4.073672722818372449e+01
3.803863620357964237e+01
4.483408920118137075e+01
4.216939027208999846e+01
4.481218625635330710e+01
3.735686198150985149e+01
1.901907791895719413e+01
3.959800073721422820e+01
3.867991632344899955e+01
4.215272036100842001e+01
4.063130934109160819e+01
4.411463070608630233e+01
4.270669325961154783e+01
3.906568636806736805e+01
3.966695243051094621e+01
4.034954788347755539e+01
4.236368539735889982e+01
3.875816007363446403e+01
3.189873869133733209e+01
3.923294359383629626e+01
4.176971415716445790e+01
4.305356019164821646e+01
4.047839278735296631e+01
3.950514030550261424e+01
4.154196312216763687e+01
4.159841055916545116e+01
3.837513430979528550e+01
4.040605310861010935e+01
3.180428802731971771e+01
4.214446053562156891e+01
3.711848099888393904e+01
4.185851076305667107e+01
1.327246320488417908e+01
4.472464105802287548e+01
4.370210200124523681e+01
4.037198997958086721e+01
3.024157178183099504e+01
4.115129031143575133e+01
4.010750238178705018e+01
3.839389864570433986e+01
2.661673858108476765e+01
4.178210885204856595e+01
3.830827918987213110e+01
3.738005097829964285e+01
3.804772522805134116e+01
4.129319613513525411e+01
3.755512312978917322e+01
3.962899779865164618e+01
3.859505356603379767e+01
4.137041016679336281e+01
4.106203702416394918e+01
4.312821076192852843e+01
2.857214344176954768e+01
4.273047221018781983e+01
4.120548487580808938e+01
3.941320791346649344e+01
4.130952464545362091e+01
