3.943058533167431534e+01
3.843072403356032396e+01
3.613567545909840817e+01
3.573845764410427961e+01
3.435145467725477886e+01
3.885470693891751637e+01
3.704284298683521826e+01
3.747525285986576904e+01
3.855850592901003893e+01
3.585601670657101891e+01
3.727954976776056384e+01
3.907296277079809244e+01
3.821982373601216665e+01
3.548407110218494864e+01
3.898607864258573841e+01
3.667541802082773472e+01
3.753255712228598640e+01
3.630395744606491348e+01
3.560060368053986224e+01
3.884768126109339903e+01
3.778249576085205064e+01
3.891566506557726512e+01
3.751738445970740798e+01
3.635057765958700315e+01
3.608997015027285471e+01
3.671941052019130325e+01
3.652230353258685369e+01
3.700198784868535995e+01
3.450644393719243652e+01
3.940769879100260198e+01
3.605000324405872192e+01
3.691235681028371118e+01
3.855199184078892927e+01
3.604085486228598256e+01
3.786311583711348305e+01
3.652814708694779711e+01
3.672634752316997719e+01
3.474955351872944220e+01
3.471274842128392635e+01
3.838618948436336353e+01
4.034814368674101814e+01
3.684527795976106290e+01
3.527905426208117490e+01
3.591261267064792406e+01
3.870516730193178745e+01
4.021270241002112300e+01
3.759375656610735916e+01
3.490989400177651447e+01
3.630467741644014268e+01
3.908028281064628118e+01
3.720625160753839822e+01
3.533345043506924554e+01
3.363050663069876123e+01
3.637663809734421960e+01
3.649976889593984453e+01
4.002243491336308523e+01
3.890761700647933452e+01
3.521759588516587058e+01
3.689679756702410174e+01
3.869743009732344063e+01
2.993665128563825206e+01
3.960305858858941264e+01
4.003921354127304255e+01
3.712152952105911652e+01
3.666992580495173826e+01
4.033376778781389049e+01
4.004588393137080260e+01
3.772801623677180061e+01
3.713950786980771568e+01
3.926303241050674586e+01
3.624727434790319336e+01
3.860484397937481305e+01
3.736233386859093031e+01
3.896755647911201947e+01
3.835196085212946571e+01
3.799861198070427548e+01
3.635902271513636208e+01
3.618139928287292406e+01
3.445676421909178089e+01
3.371024764765732584e+01
3.757607141902010284e+01
3.705305904376933057e+01
3.596089408451333469e+01
3.460886279660018516e+01
2.299238492771186060e+01
3.747993378677671927e+01
3.796175351557823774e+01
3.679691854847016685e+01
3.458593407301484746e+01
3.773721082031565288e+01
3.558642095685011242e+01
3.744354450063644890e+01
3.412385509674108164e+01
3.833973569765961997e+01
3.768454526631123258e+01
3.797727855827539400e+01
3.675742169857158359e+01
3.739236508567091732e+01
3.672501570729412634e+01
3.589084923078969069e+01
