4.565146136219073170e-01
7.599115852609208410e-01
4.448573349803351284e+00
5.760297590631239251e-01
5.564429352334471224e-01
6.474657990809671304e-01
1.777762657924320866e+00
9.382822485702596582e-01
6.041397653498793430e-01
3.188735538545156345e+00
1.031166110291795057e+00
1.329105548794016212e+00
1.247699182087937286e+00
1.195548212705095370e+00
9.702371046296401902e-01
5.375355545728534024e-01
9.045681043936690813e+00
6.065512168296275375e-01
1.353410663976831296e+00
2.914061577318696639e+00
5.498103268700949009e+00
1.814436634242978519e+00
2.804343863524715541e+00
1.456432528288829964e+01
2.030068866255982929e+00
6.931504443363164514e-01
6.653569806970601741e-01
6.306048674920998742e-01
1.825422629772489813e+00
1.162914479521057531e+00
3.687740462215674864e+00
7.657162422237161481e-01
6.114939886508650169e-01
6.910483725619849249e-01
5.396652787943673202e-01
1.100235523049431396e+00
1.050467832787434386e+00
5.386896826174177866e-01
5.941251804675646842e-01
1.461651963091222139e+00
1.275755015102558065e+00
5.007431786301165255e-01
5.758600103838462658e-01
1.517345759343402323e+00
1.313049732652421531e+00
6.452601539511754192e-01
6.230704154399270278e-01
5.002955441295500183e-01
9.476732030080697866e-01
6.347075949616212132e-01
1.111874362195230059e+00
5.403331735132922420e-01
8.890993377321527724e-01
4.664924454654014063e+00
5.964063914094683838e-01
5.129138889947644220e-01
7.958726673213343261e-01
7.780813187131343511e+00
7.385534600973360231e-01
5.740245037167379660e-01
1.544423959183261363e+00
4.326872155234977591e-01
8.031464536246273322e-01
7.218982225733775460e-01
1.020713002382507728e+00
8.312362371528162486e-01
1.559155354618428246e+00
5.936153432019501075e+00
8.549098781813604386e-01
7.523733618895028563e+00
9.873478560317588304e+00
6.514358911163360411e-01
7.125073591172710330e-01
6.139440211453686125e-01
6.212568702178647984e-01
9.411860292652335147e+00
1.101482056509479834e+00
7.023316517623557909e-01
4.645886209891090801e-01
5.152780437803062830e-01
4.892803999929801861e+00
5.847427133212094175e-01
8.481729443313954508e-01
1.962247050230987666e+00
5.736644601465801241e-01
5.988167581849918042e-01
2.145212446113674787e+00
1.378223459883654689e+00
1.366443499089950553e+00
7.260034464531828213e-01
6.072390473408499911e-01
5.546468613648707358e-01
7.019787057810137343e-01
6.871494440410353954e-01
4.769330590496242417e-01
1.826391271284434348e+00
3.837001842127797602e+00
5.094207222500357624e-01
7.601596066441040911e-01
5.900593207571480647e-01
