1.274955658339892040e+01
1.257667378058441265e+01
1.264633037314867359e+01
1.300736452047584457e+01
1.271536525954409846e+01
1.250026670565049969e+01
1.244735955178093789e+01
1.293414700930036787e+01
1.293579212532605816e+01
1.237837189349333222e+01
1.255266795001688784e+01
1.236621323861504074e+01
1.237241564536413563e+01
1.314565749112547799e+01
1.250038960416872058e+01
1.253115406909027030e+01
1.262613852009097570e+01
1.257697905704742958e+01
1.245700355258126990e+01
1.245561048606932175e+01
1.253308422420258950e+01
1.248860679018172348e+01
1.244404184852814588e+01
1.288468195009550499e+01
1.242811200748731437e+01
1.250074998776749879e+01
1.289029541402807233e+01
1.255690716417537089e+01
1.264854061804928698e+01
1.268907330504916686e+01
1.279997260629098044e+01
1.252934913590237009e+01
1.252722753765896258e+01
1.243892035522562267e+01
1.238692090072281893e+01
1.282599746563741760e+01
1.277275062368018155e+01
1.266826287257483585e+01
1.247506029387080773e+01
1.280239760503178204e+01
1.240060471348156845e+01
1.265164742597905345e+01
1.242106109308806516e+01
1.264303992123837261e+01
1.273101314423190011e+01
1.231955300695752875e+01
1.293609474102161272e+01
1.252364597194003970e+01
1.250471402240141217e+01
1.234541966743376129e+01
1.248115295158073046e+01
1.246318630552557494e+01
1.231800969805659918e+01
1.247640934510535438e+01
1.238472687376697046e+01
1.271191023546444931e+01
1.279254205700127045e+01
1.272487398868755903e+01
1.250421317584286918e+01
1.256726917166524515e+01
1.241333237129123823e+01
1.255454524159138430e+01
1.229498659655393311e+01
1.280320083561201905e+01
1.240193794811089312e+01
1.264905167309820477e+01
1.268873214853777398e+01
1.301551441688193655e+01
1.272318352982594192e+01
1.239380901605228225e+01
1.268460400766988627e+01
1.250809509859275614e+01
1.245039689015143480e+01
1.242703879718813198e+01
1.259404053058437789e+01
1.265680785539237085e+01
1.253974199523861088e+01
1.293278305535543993e+01
1.245564295643212915e+01
1.254521723755352802e+01
1.268668181894272706e+01
1.249768769753686648e+01
1.284727578570950435e+01
1.248727024998850865e+01
1.255876311114637645e+01
1.238187824907690526e+01
1.245706216729735516e+01
1.265605486689349668e+01
1.241238686094086674e+01
1.292005560074461279e+01
1.269466599085416902e+01
1.298643695456027913e+01
1.242834788199991536e+01
1.252676216930057329e+01
1.250982946259197526e+01
1.256578290446297608e+01
1.272227943698965191e+01
1.280621289009330965e+01
1.277675438451769452e+01
1.253540909248438773e+01
