3.164748473107156812e+01
1.128299596367955182e+01
1.488149418658569978e+01
1.417580039147273219e+01
1.411161616285188458e+01
3.697224961475530147e+00
1.233393121057281760e+01
8.752332032327458933e+00
5.701678238726236359e+00
7.434049770638634591e+00
9.904567613871591902e+00
1.009386315596725048e+01
3.075000868453236613e+00
2.620727472923578993e+00
7.311547577535168152e+00
1.520408607751603114e+01
6.090963369115184101e+00
2.186101756917316674e+00
5.638547265262228159e+00
1.100394900217977678e+01
9.469142213405614683e+00
5.349039085189395415e+00
1.060511851551941120e+01
6.892796039914035333e+00
6.355311954527459450e-01
5.560860826278392288e+00
9.081325162431875597e+00
1.551575088599994423e+01
9.139753811711122111e+00
1.623859810192831787e+01
1.434087710462324239e+01
6.353496490459558110e+00
2.076007891641921788e+01
3.499810099916758510e+00
9.047184730928872654e+00
8.572265903265005704e+00
3.630126228932598309e+01
6.767396620738713509e+00
1.020474265025752736e+01
7.978525377322546852e+00
5.388476558913095182e+00
3.877983997935170901e+00
8.652122077065788730e+00
1.678844960686825516e+01
1.754464678464720251e+01
9.808651853526312081e+00
3.013659188396854649e+00
2.600374393821424324e+00
7.254126162622096530e+00
2.538442039361780811e+00
1.082501131234503156e+01
1.311622230046762461e+01
9.080656108088252410e+00
1.002605298179337545e+01
6.757324252968432532e+00
2.831773232468214552e+00
3.448720559781635053e+00
3.887923288872241478e+00
2.419811476234420056e+01
1.378709570530273965e+01
9.708323060764605827e+00
2.455881387553521833e+01
9.187006291488911458e+00
9.759974901669947300e+00
5.903382263952018150e+00
5.271714581713744074e+00
5.046762271991123150e+00
1.279321491484603079e+01
1.135723801197508642e+01
1.077597104626847369e+01
1.293235220034548227e+01
6.258527310301764679e+00
1.783249471222265514e+00
2.833813758901850388e+00
2.132288417397326441e+00
8.334574976555746417e+00
3.774188432405859217e+00
4.926752117021135469e+00
1.758091184520777617e+01
8.752492637328819214e+00
1.421181250843076427e+01
2.243761139043486708e+01
4.212860951522364061e+00
9.615885933394569207e+00
4.636399106526716274e+00
1.462601516334347451e+01
5.592282906681608878e+00
9.371149256988172027e+00
1.142949192926013424e+01
8.930486731233623132e+00
5.671984411015596805e+00
5.220531824475088456e+00
1.083030841155174251e+01
9.949278484715518900e+00
6.403970135260220964e+00
2.523995481719175427e+00
1.163317618574381918e+01
1.231833204164449036e+01
1.932803974027380534e+01
7.649456963888922267e+00
