5.215628281140308742e-01
2.437291959883565617e+00
4.726208548560938416e-01
5.453857871126792656e-01
5.067959870994898086e-01
5.203495385651620841e-01
5.429904350327030560e-01
5.633476000091984792e-01
4.842334953950299115e-01
5.080942046314188554e-01
1.541031143999401332e+00
4.818250284307881159e-01
4.979038411286590970e-01
5.340547330991693986e-01
4.740260378415946385e-01
5.304493376407074523e-01
1.365866586411115469e+00
5.489092233762626893e-01
6.482625608863102906e-01
5.698355347469283849e-01
9.220728623307298255e-01
5.302204978540275837e-01
6.634542758520550754e-01
1.019924188906470697e+01
5.337268060667889280e+00
5.296864724972870642e-01
4.791402903643152134e-01
5.259597504807339563e-01
6.063624048755922757e+00
5.422068601394378629e-01
8.069091743446891174e-01
5.146229048405193129e-01
5.639000686679229712e-01
4.977275956148139446e-01
7.054368962119507147e-01
5.331820523384229737e-01
5.079413994265452592e-01
1.075456124043372164e+01
5.012918449611897254e-01
5.529295824524578684e+00
1.650672805683472433e+01
2.214141508346437970e+00
5.065104021284049240e-01
1.977565935118947849e+01
5.817021353498808001e-01
5.027837108699249047e-01
4.412154628159812852e-01
5.219184560894595259e-01
6.637933343631339689e+00
5.619921867315885722e-01
4.840811309144506525e-01
6.694062474104909288e-01
5.361883122588035899e-01
6.499286178929775115e-01
2.772558134418569686e+00
1.464285995414374097e+00
5.989143097360158929e-01
7.475615055611556370e-01
1.132337788426196479e+00
4.618281787014456574e-01
6.239679527179238239e-01
4.988526447646239870e-01
4.877883039668834186e+00
5.565193542072867094e-01
5.741765587296462359e-01
8.472288955698517032e-01
5.094263206055014148e-01
5.742165119525769468e-01
8.715419012863039327e-01
7.963751042108521139e-01
5.408457928194245756e-01
6.303966284253871288e-01
4.343841285748953895e-01
5.679854997504755199e-01
5.168157085120059779e-01
1.878603034472290156e+00
1.422450668641270566e+00
5.057995271857148589e-01
5.300527711868230352e-01
1.775757106165056110e+00
1.116604142491584462e+00
8.050878789543719494e-01
7.812940366715717566e+00
5.501054760241419483e-01
4.636902028728441261e-01
6.559574353582691142e-01
5.101401226284428825e-01
3.906596862084521504e+00
6.971494533076002531e-01
4.852363707937091264e-01
4.967989453631180274e-01
8.174666516153176188e-01
5.647219904599324325e-01
5.185113622779837783e-01
8.966713799800676288e-01
5.274758542446691401e-01
5.315205804849115756e-01
5.312999264232659558e-01
4.752609089907875450e-01
9.732905157742428592e-01
