4.735240920471388004e-01
4.934763366965786435e-01
4.622439826506867799e-01
4.250895175980273777e-01
4.360784802910419033e-01
4.940248642566695825e-01
4.955880451610877868e-01
4.753792225128424254e-01
4.450813926317604974e-01
5.165046407498176118e-01
5.140336667365063006e-01
4.784556313436338915e-01
4.975953059035339021e-01
4.647534125323887211e-01
5.066956327907516933e-01
5.429884265236877283e-01
4.954091855668485422e-01
5.509082406483923888e-01
5.088828122706550161e-01
4.403063722414238268e-01
5.236954944729039774e-01
4.977839304654594899e-01
5.392319243619863034e-01
5.577096319035821370e-01
5.106911109149907535e-01
4.851196504813075072e-01
5.014743341349235939e-01
5.347753365093582678e-01
5.405174656658097154e-01
5.387094213893405259e-01
4.492734503683189495e-01
5.663454892499453219e-01
5.225598098900229305e-01
4.995146429725983439e-01
4.766442719947679429e-01
5.359876198715539664e-01
4.646266468236360803e-01
4.412722784662034270e-01
5.249555218802837153e-01
5.583842619568903931e-01
4.194125526913030089e-01
5.403991996597016234e-01
4.466291821278116081e-01
4.311179687806848682e-01
4.195809108062052983e-01
4.671321400829117620e-01
4.756561259721809320e-01
4.896683966824342815e-01
4.818155685864765614e-01
5.723853256017312763e-01
5.195751439404150407e-01
5.830338661857029647e-01
4.309350321288905050e-01
5.600312075186737459e-01
5.674064886668517271e-01
4.736039175878336560e-01
4.893789240916863736e-01
5.606009600635314394e-01
5.582090815564497710e-01
5.096308215509115502e-01
4.538954888744639593e-01
4.416778502750701163e-01
4.857818061537915177e-01
4.668303147332348302e-01
5.089346479794298883e-01
5.817254754612269929e-01
5.447538513778610314e-01
4.872446699046155683e-01
1.309080981555617473e+00
4.553406638891286384e-01
4.467118280968022104e-01
5.667487410382479052e-01
4.998341640295725363e-01
5.308300744149003769e-01
4.764315569626423330e-01
4.661314725744745702e-01
5.247432858684771828e-01
5.845615332096490979e-01
7.297554203802162354e-01
4.942953066892404879e-01
4.916606722994122936e-01
5.129624837427079198e-01
4.442170955774124019e-01
4.856104308928630986e-01
4.757733252281878822e-01
4.695758303253320665e-01
4.623136786381378815e-01
4.918599838385861456e-01
5.695438575618251287e-01
4.550553374371191784e-01
4.855419392816828217e-01
4.587434128058206495e-01
5.556941485937736402e-01
4.877060752109360631e-01
5.624857529905614717e-01
4.780089207702444831e-01
5.064963318266586523e-01
5.215685328708152824e-01
5.945766133193226555e-01
4.825444680276809728e-01
