4.898027413403743813e-01
5.334870415553735201e-01
5.080959035763857878e-01
4.797969022240187176e-01
4.268922449334279223e-01
4.665992637473087012e-01
4.904712975969106603e-01
5.238084729361955905e-01
5.122725674706150034e-01
5.169374004352720320e-01
5.148272296639995194e-01
4.497580706593202748e-01
1.453978097167700989e+00
4.670641350360965616e-01
4.818031096247546441e-01
4.626422869150460526e-01
4.683184755070669003e-01
4.546536525752757352e-01
4.696087006825426236e-01
5.182391769861041109e-01
5.086627585355161241e-01
5.245519440086735541e-01
5.364845187108219227e-01
5.389137844666521682e-01
5.098042162517311127e-01
5.851685034228266691e-01
5.366173276873202891e-01
4.541701385775184785e-01
5.201206092153629612e-01
5.098562690451552415e-01
5.297838009078934540e-01
5.104491642580580857e-01
5.425919326306409829e-01
5.167500782668785764e-01
4.981137305461880715e-01
5.009271281898197703e-01
5.089412362032803561e-01
4.877268052663243370e-01
5.003442690010013738e-01
5.775914987612462692e-01
4.703001068995786293e-01
4.042729783960817280e-01
5.272630635487058903e-01
5.146177817854102887e-01
4.851815910344497440e-01
5.558603263942598627e-01
5.114781525653497862e-01
4.902681651842479282e-01
4.762630095232315841e-01
5.315646747093304425e-01
4.534723636220958087e-01
5.378911844020455302e-01
5.588152360025142595e-01
5.462449111711310534e-01
5.498029983389780551e-01
5.351972439710085405e-01
5.007941260728845378e-01
4.781978675159518355e-01
4.887145888102082947e-01
5.080903379483898696e-01
5.436817455335363203e-01
5.667317737999071348e-01
4.603363400377873949e-01
4.606387365002237444e-01
5.117558936068548059e-01
5.122157840771514037e-01
4.573578024142215259e-01
4.937765356718147869e-01
4.165673639852340848e-01
4.809513990560543850e-01
5.029194059291777208e-01
5.366125891544489823e-01
4.593495349712211073e-01
5.632973241966277023e-01
4.786572073019775830e-01
5.676513323645975273e-01
4.752809471597128632e-01
4.945331973669611081e-01
6.236343358934719472e-01
4.625582760299179474e-01
4.582666898633003805e-01
5.598281006692575890e-01
5.578502544223112869e-01
4.970207264752853349e-01
4.806840525458987989e-01
4.887932935234955978e-01
5.615138139406598006e-01
4.626745050697559924e-01
5.736463995386198444e-01
4.500616086302605678e-01
5.486402132209786675e-01
4.414225065064614761e-01
4.280650424019205036e-01
4.939737836032380702e-01
5.715048392183155190e-01
6.187951155036398587e-01
5.390348797370395628e-01
4.813401434287361558e-01
4.840307674360850299e-01
5.247180803995404874e-01
