5.128040719196501618e-01
5.521550543525789445e-01
5.434091850972316839e-01
4.925360679038264244e-01
4.787160811660650106e-01
4.054430418508380152e-01
4.858416387139539716e-01
4.491234929056370229e-01
4.588777549120551802e-01
5.476814188262983940e-01
5.113988262794436634e-01
5.307310815521236735e-01
5.176793564552586435e-01
6.000081966950824297e-01
6.088437644446914598e-01
7.122333868311874205e-01
5.482739460675585264e-01
4.786097854052717704e-01
5.207543029654998490e-01
4.712836541725528017e-01
4.972011229979381164e-01
5.012589738614170454e-01
4.969149710718240853e-01
4.907163239439260582e-01
2.166196588574604398e+00
5.327902823681829325e-01
5.680482634373716921e-01
4.751427560774701409e-01
4.957893443614638240e-01
5.057358143551454743e-01
4.706137475766291600e-01
5.591990794901263717e-01
5.593441265098061388e-01
5.093329757666545943e-01
5.821736198200532231e-01
4.637655453216026902e-01
5.791328066672958297e-01
5.105986797238913910e-01
4.963146819933649811e-01
4.540870522288498745e-01
5.618671680196674068e-01
4.575831141131149749e-01
5.834930451377843275e-01
5.222413931289543454e-01
1.222548408687756938e+00
5.325095658607912341e-01
4.608552135100206781e-01
4.935909890861783778e-01
1.949256908011732348e+00
4.566755386396634808e-01
5.068235427285486816e-01
5.263896137916451723e-01
5.071184059688970125e-01
5.952995945472266959e-01
4.561060742086510689e-01
5.281563158675599556e-01
5.579081767314416629e-01
4.913057318339023039e-01
5.706680925329172815e-01
5.085826135274874593e-01
4.570485023848926964e-01
5.025645300766403700e-01
5.565617121878293494e-01
4.660220649805734139e-01
5.509922442529493480e-01
4.445832996156529604e-01
4.200473913258395697e-01
4.519163246110884380e-01
1.180956104628255732e+00
5.521027426010768346e-01
5.421149865408152468e-01
5.021471202071179363e-01
5.293750016573297579e-01
5.216384624656587032e-01
5.012854325847361237e-01
7.033171406533459402e-01
4.699345933064625336e-01
4.700524907904383154e-01
4.905925230376645407e-01
5.434542722683127769e-01
4.225750119544652850e-01
4.720129920997578332e-01
5.062836180784292539e-01
4.883721203729307070e-01
4.800347703921842291e-01
4.672435030218822227e-01
5.248230710994328252e-01
4.393533120081126730e-01
4.805124990766938553e-01
4.787105824049369684e-01
5.412968582732987644e-01
5.320244465713143134e-01
5.392008138540187456e-01
4.965453176467695129e-01
5.998394249072364071e-01
5.250146716301229421e-01
5.370588902816424426e-01
4.655599473486953244e-01
5.520338870672135689e-01
4.996417594499107939e-01
