5.063859226331008934e-01
5.847622974822915820e-01
4.424753611819171595e-01
4.477272072250175761e-01
5.355289047695445115e-01
4.906781507800291875e-01
4.374925977589855797e-01
4.653464633265969597e-01
4.917533235751478382e-01
4.525723703068277315e-01
5.278132921137665967e-01
4.951592777616645735e-01
5.093721193926077362e-01
5.300930308156888149e-01
5.225490254157940662e-01
5.058469620142919121e-01
5.503762322210632441e-01
5.688993949642252579e-01
4.704790538802434696e-01
4.686019335819666121e-01
4.759848253987275513e-01
4.392083296970026862e-01
4.636965401823074373e-01
5.117907484516618366e-01
4.468013211624858316e-01
5.147071474211103448e-01
5.380551180296283542e-01
4.617240867371415480e-01
4.791648828077371691e-01
4.974127159121134456e-01
5.229774329904909314e-01
4.484083057165840214e-01
4.528927103262294085e-01
4.544676597396814510e-01
5.077710899579996884e-01
4.858432481731674302e-01
4.551363408708296032e-01
5.063445681537186438e-01
5.453633175837918623e-01
4.433266047269560639e-01
5.020261452654424250e-01
5.550433758514746740e-01
5.486293934819478357e-01
5.312874591202252361e-01
5.205954322398587131e-01
4.256742147121400088e-01
4.767891077736363670e-01
5.393843369287421030e-01
4.796050029360294231e-01
4.880691172273631806e-01
5.628203695958007291e-01
4.652981103530087204e-01
5.138570610524513249e-01
4.890284795847630317e-01
4.850090155848850726e-01
5.131668397475237509e-01
5.288761535309791650e-01
5.767627136814427180e-01
5.277703382571266033e-01
4.451610350410315498e-01
4.833229269408689799e-01
4.978495385560604558e-01
5.114220378605591755e-01
5.453563500652636176e-01
5.205643655424988525e-01
4.881224433324584666e-01
4.812261038169239891e-01
5.250711753189811759e-01
4.813013335046375518e-01
4.544238857900305129e-01
4.841010619242056556e-01
4.630121193732846807e-01
4.625684510540175598e-01
4.847984994732576491e-01
5.282371044691429596e-01
5.062199254214085897e-01
4.975022589577471344e-01
4.713698251986754295e-01
5.734610544792433373e-01
5.280575574135086825e-01
5.527084968805764387e-01
4.818910981036197416e-01
5.142851691882639464e-01
5.002340647482721447e-01
4.795831325876002138e-01
5.359048333870002345e-01
5.030995601860813737e-01
4.887065847456902312e-01
4.936962118962565649e-01
5.758332735908429090e-01
5.348677445015718179e-01
5.262427654223160722e-01
5.813819605402084090e-01
5.331175886351724458e-01
4.570985127805772819e-01
4.773799888761118271e-01
4.388120306527273362e-01
4.572468908184640912e-01
5.439301144158057433e-01
4.529574625897955786e-01
