1.266167857093797799e+01
1.259668238101418147e+01
1.254125688355352786e+01
1.304511011319758396e+01
1.270769280523114553e+01
1.297217719658300794e+01
1.297601383353651983e+01
1.290000519902287301e+01
1.289881850016363884e+01
1.277914379360597152e+01
1.275775752600820745e+01
1.293619323113180286e+01
1.269939017605694254e+01
1.259946825528096426e+01
1.275514338334624398e+01
1.278610117227901277e+01
1.274599668676234288e+01
1.326013356317898051e+01
1.277461669016263812e+01
1.316089490874901102e+01
1.309583945975499120e+01
1.286531657254242589e+01
1.277024230566865803e+01
1.286935056265383714e+01
1.300601092034312423e+01
1.254771623940409242e+01
1.282182429301568405e+01
1.293271012422322208e+01
1.264007666283666254e+01
1.315869969989015331e+01
1.301202190747101994e+01
1.312323479640242496e+01
1.278048805365731333e+01
1.252860601301979493e+01
1.291015774299228624e+01
1.282137252508154823e+01
1.293674235709826092e+01
1.304443495725907276e+01
1.257453606113058164e+01
1.274545188527718942e+01
1.291156343548346719e+01
1.289520809993809713e+01
1.302349335132090324e+01
1.320616614987060622e+01
1.265887097074659273e+01
1.273418579051556954e+01
1.290428548251188268e+01
1.288366682024049403e+01
1.251560612004388240e+01
1.293956354866553049e+01
1.247162605511710964e+01
1.290228136027940486e+01
1.274476275242304091e+01
1.317653691846203756e+01
1.273453626203806976e+01
1.268718852667822716e+01
1.249139332864866958e+01
1.288547362269538077e+01
1.247233012003662367e+01
1.256940166526809222e+01
1.260292101170819379e+01
1.278118090182955946e+01
1.333564867356593275e+01
1.259861993962343085e+01
1.259941722524760621e+01
1.273583329169117206e+01
1.298897073942210945e+01
1.312854419954521745e+01
1.275244772621050160e+01
1.271505785962833812e+01
1.276513068214092250e+01
1.309447477133924842e+01
1.287567986821398591e+01
1.291768740004248706e+01
1.294271565006719449e+01
1.256263358982058342e+01
1.271254626635192331e+01
1.300813114138679794e+01
1.294340360855713179e+01
1.275367428396121916e+01
1.257061887703704528e+01
1.312736340785872180e+01
1.277125521182207990e+01
1.262357879688153162e+01
1.326271575369538525e+01
1.288864209445587683e+01
1.281902542890446384e+01
1.266818618314677103e+01
1.262044486866097337e+01
1.285439075549527566e+01
1.288875866333106934e+01
1.279880857478525336e+01
1.292562070549950981e+01
1.292768848652809943e+01
1.298111550556994054e+01
1.300686434704132388e+01
1.266756047231678295e+01
1.284774513629308501e+01
1.263461443418171193e+01
1.292337520653265415e+01
