4.545546933935278866e-01
5.047963612635458786e-01
5.565933619804057653e-01
4.755876934143587476e-01
5.331544858767588435e-01
4.795390653744207032e-01
4.836010702969891217e-01
4.980926940016341398e-01
6.191570306833215076e-01
4.289853714206926516e-01
5.056293351118776869e-01
5.110355434934557017e-01
4.717787371797471652e-01
5.342518696609481754e-01
5.254695432746472328e-01
4.923036294165805682e-01
4.771064684763956509e-01
4.683269524584992016e-01
4.550053092176773450e-01
4.703909844525424599e-01
5.326080333486370444e-01
5.085266431562400768e-01
4.730302358251650685e-01
4.597499763357346114e-01
5.439369269766927140e-01
5.206135880695180740e-01
4.190117437259495703e-01
4.782680684734265664e-01
4.953515292098858436e-01
5.249151794878272881e-01
4.488273869083857504e-01
4.908932011736192869e-01
5.391521536021238736e-01
4.896834730932622115e-01
4.551422898144864004e-01
4.411815986233643683e-01
5.152197330549270760e-01
4.691387235079501616e-01
5.213592153995997291e-01
5.452383403872003154e-01
4.459377189164055455e-01
5.100605804914465358e-01
5.332590333396438620e-01
4.439266232318067051e-01
5.101376495580515202e-01
4.711782306227472183e-01
4.441926580191321583e-01
5.166480516725340255e-01
4.646388587849395457e-01
4.425368666463900813e-01
4.544189493406834979e-01
4.753639773024693760e-01
4.959861240123303316e-01
4.995846551783955647e-01
5.476350859932170856e-01
4.781249386666316381e-01
5.372678491748622553e-01
5.523547089946396760e-01
4.464630868467982516e-01
4.862237866577006629e-01
5.247319950013459300e-01
5.639125543020379050e-01
5.157958234429707023e-01
5.874218649996015840e-01
4.673009985218004037e-01
5.121030166850919496e-01
4.658786144046356825e-01
5.096842621067216861e-01
4.619433085372229297e-01
5.283748911714828411e-01
5.312200993393277892e-01
4.658036554070532076e-01
5.116035121976946209e-01
5.490056578265927190e-01
5.294818429850224328e-01
5.129486656079071949e-01
5.384495963853084266e-01
4.664980785702091404e-01
4.315367310931083611e-01
5.183048864628354568e-01
5.607555348060895284e-01
5.050294647592248332e-01
4.846080662293367758e-01
5.078710983543998081e-01
5.036770641926676673e-01
5.628036159434645080e-01
4.392721737749705757e-01
4.988765572326612774e-01
5.560850353732256224e-01
5.420113863609369309e-01
5.309666785078422935e-01
4.630401889653805170e-01
5.308599558590215706e-01
5.731603140606121860e-01
4.707905848926474124e-01
4.687954081902213077e-01
4.907209543051058720e-01
5.202258975831202115e-01
4.399933397927693890e-01
5.638391057696656716e-01
