1.323090145491916836e+01
1.295771641615508152e+01
1.318000882527808315e+01
1.327567237916497156e+01
1.309383421197869879e+01
1.308478688406044022e+01
1.324937875120298258e+01
1.328659964605110488e+01
1.312017753766735062e+01
1.318063823915586319e+01
1.337924911917673754e+01
1.298021542508816317e+01
1.295626586237913536e+01
1.301676247986742041e+01
1.305685194360051682e+01
1.302678569225094840e+01
1.301545100504068841e+01
1.292364694210723819e+01
1.310492065591454569e+01
1.281873032012334157e+01
1.277571136103954430e+01
1.284397092224204684e+01
1.323462556707593940e+01
1.325629493333533837e+01
1.320757542441449850e+01
1.313550065616902174e+01
1.328008134253366990e+01
1.278634773325250862e+01
1.316723040193784300e+01
1.317718892336919367e+01
1.330558782375576321e+01
1.303611001886344667e+01
1.310933815874067498e+01
1.313601694020557176e+01
1.279091513228575039e+01
1.328330718952150313e+01
1.274830795571000408e+01
1.306856603599292832e+01
1.327326176369376043e+01
1.304169665427893499e+01
1.306875661185450710e+01
1.327065700160143358e+01
1.323261649901319892e+01
1.296135480540147356e+01
1.316195419773868025e+01
1.331659253504077256e+01
1.332803329637885881e+01
1.299729395199801196e+01
1.276782359325706118e+01
1.314458563171732663e+01
1.321022391878313762e+01
1.328613048950482423e+01
1.306306957901059285e+01
1.310618447794562513e+01
1.306141761281645941e+01
1.325374936724314701e+01
1.284304910544461187e+01
1.322832474356162180e+01
1.313705011156366709e+01
1.318241120615189033e+01
1.294547503635476104e+01
1.324443377864835725e+01
1.318266001272947818e+01
1.302259939854589632e+01
1.290341761010011545e+01
1.313434533375623658e+01
1.279289053703331369e+01
1.332633878309697906e+01
1.316695414778291884e+01
1.314835538285262295e+01
1.330955649997264523e+01
1.339097635455069479e+01
1.293291579095465771e+01
1.332970222784508962e+01
1.290408662505411819e+01
1.289880186717595478e+01
1.302146379943920351e+01
1.309687144021650163e+01
1.299454153950385127e+01
1.277529464067220211e+01
1.298477044296212313e+01
1.331825234757014265e+01
1.327146972204575448e+01
1.296819765073373709e+01
1.297426824359954090e+01
1.295305668381314490e+01
1.323926627358022934e+01
1.322146921696661437e+01
1.310399174099960362e+01
1.320260192619692141e+01
1.277876066440644109e+01
1.327271845271346251e+01
1.292556064082263312e+01
1.288912618885018979e+01
1.324716338886060818e+01
1.301403892944759555e+01
1.332288272172894672e+01
1.320904443862346511e+01
1.300730640650733783e+01
1.285088284646191248e+01
