5.680801082117764578e-01
5.234207909986732243e-01
4.948640836625907702e-01
4.960181837944209193e-01
5.307581559050177367e-01
5.926095555860063646e-01
4.772208028231798016e-01
4.976281394445144501e-01
4.638639673828042764e-01
5.077581824236572228e-01
4.428991060068034891e-01
4.570220057185146456e-01
5.021517409535020127e-01
4.754776307934139856e-01
5.018527447708570621e-01
5.125901692367645923e-01
5.265228842307168033e-01
4.903797135519770700e-01
4.418993771355000932e-01
4.819073088211179856e-01
5.580642256974377435e-01
4.810138743257897920e-01
4.845258388346679324e-01
4.565662321047908034e-01
4.924737458493128051e-01
5.135551038002513780e-01
4.807970709568378243e-01
4.918429588590765289e-01
6.250585637186879540e-01
4.928608258391776187e-01
5.333111127611093183e-01
5.283226112270708041e-01
4.975683458205125698e-01
4.864601793672880814e-01
5.041867798731962669e-01
5.396602902478476738e-01
3.920198018352796798e-01
5.344073964338535987e-01
4.690456886712979223e-01
4.655623193242289792e-01
4.644821046791188235e-01
5.295562911238536064e-01
4.405322686575944280e-01
4.779514035406837169e-01
4.742352906343305086e-01
4.971730866804417448e-01
4.535623963653732105e-01
4.851460567968852722e-01
5.088500498575316833e-01
4.082764749816351069e-01
4.885605583007025521e-01
5.426362997237772490e-01
4.960655152623826281e-01
5.547981901175353947e-01
5.927341302790775091e-01
4.856155205834271071e-01
5.490184308710659433e-01
4.665468153196631884e-01
4.374477602898830253e-01
5.089034073084668375e-01
5.596760273271550457e-01
4.953950858686386738e-01
5.250162267680624772e-01
5.280000821000316868e-01
4.780603992715446449e-01
5.177168327363527167e-01
4.897360174481095729e-01
5.234135804941203451e-01
5.812907221402109359e-01
4.847578636712178146e-01
4.706795351707129815e-01
4.905364059718475001e-01
4.713421382445382446e-01
4.647961148706530321e-01
4.648396111234901484e-01
5.124725545567216933e-01
4.904845900624612010e-01
4.958075436922574353e-01
5.589755211210281072e-01
4.823144844078325333e-01
5.955682001126194614e-01
4.997573215587170492e-01
5.277653293257213996e-01
4.623389258404014268e-01
4.943375408029523910e-01
5.946471106216651981e-01
5.249246811792661616e-01
4.679366838637615822e-01
4.947199997283854844e-01
5.550060381548499455e-01
4.807365125815996620e-01
5.172390867436971185e-01
5.163722518647028137e-01
4.865848952635806746e-01
4.544085081001045245e-01
4.913012582125567684e-01
5.079043781984460271e-01
5.018941534078769084e-01
5.343332571714423107e-01
5.287805223056735171e-01
