5.098591748372585108e-01
4.746851736386399345e-01
5.286613461881353171e-01
4.985778641786968168e-01
4.616302363757665561e-01
5.298488599077175731e-01
4.509722137757837812e-01
4.806211326822285579e-01
5.525862814068434048e-01
4.761295600584761756e-01
5.770643349865838267e-01
5.866268512594167150e-01
5.178171083948774900e-01
5.575740289177498754e-01
5.402683141610827855e-01
5.600401930485993107e-01
4.869078752068417004e-01
4.993788748496243990e-01
4.784457323098834092e-01
4.523665472689508693e-01
5.034937271331938469e-01
5.449638571077988214e-01
4.568448630567857327e-01
4.861587597471422328e-01
5.221062790228001571e-01
5.236676041098089485e-01
4.558018331357994724e-01
4.921229733463786671e-01
4.950957690209129014e-01
5.229361176364007990e-01
5.689874978668207905e-01
5.466926172050140531e-01
5.074736739932569352e-01
5.203390567254354560e-01
5.082148710524032609e-01
4.885258854475945656e-01
3.998158250177504813e-01
5.210431689461871851e-01
4.717241263587484967e-01
5.556003532933095901e-01
5.399758985083902285e-01
5.390899883992984476e-01
5.314006016254133602e-01
5.619948559976003510e-01
4.886478437883567394e-01
4.852607724892852303e-01
5.768731254492184268e-01
5.007922240223683374e-01
4.911082968763232914e-01
4.627314668271385600e-01
5.400784972164942577e-01
5.608223859370947695e-01
5.055085604111925202e-01
5.164568023926251472e-01
5.986792319128405593e-01
4.782458388461210963e-01
5.045635495341330712e-01
4.335089262270112043e-01
5.008713236185121653e-01
4.554068893277279373e-01
4.564034695390167262e-01
4.829399356565920454e-01
5.668071812469936965e-01
4.768508396499284152e-01
5.003870695690608716e-01
4.504569702456608371e-01
4.467803237672263172e-01
4.952891510209422865e-01
5.057607403239409161e-01
5.646756979265913357e-01
4.817560646551553027e-01
4.403410220150524856e-01
1.484374221128140547e+00
5.257028554496411266e-01
4.870893744107869794e-01
5.457947317357495498e-01
4.948629194876381643e-01
4.976389495033490817e-01
4.934862168655315684e-01
5.118367918934754179e-01
4.932520883624659791e-01
5.851045768546413450e-01
5.279647029843294037e-01
5.433730893698615061e-01
5.838931574184824669e-01
4.872483228046535775e-01
4.525576957680200740e-01
5.111455309251542456e-01
4.773373415870334480e-01
5.546929303986380955e-01
5.860449813426504839e-01
4.587692317917660412e-01
4.336365871597589461e-01
5.052833640375651303e-01
4.109335678032144945e-01
4.987174698342858870e-01
4.805103724958458833e-01
4.518292522595854233e-01
4.871247019865740935e-01
5.418244267707105211e-01
