5.465656257950420871e-01
5.031038355321169053e-01
4.815157621085011108e-01
5.000428045236459118e-01
5.068691952912081078e-01
4.564050308868460304e-01
4.505842759050082136e-01
5.040613342375513950e-01
4.473092065003044238e-01
4.840935215451106499e-01
4.952371496846608712e-01
4.829017017387687294e-01
4.891792282032899064e-01
4.608333468294861790e-01
5.394905399221291420e-01
4.596072453968842453e-01
5.835199848843246606e-01
5.400314603270515157e-01
4.820087195989592455e-01
4.522115347416299502e-01
4.967958768053397645e-01
4.742941248127542919e-01
4.946328889658412331e-01
4.159697969970925224e-01
4.797144608901750540e-01
4.741067786793335959e-01
4.857936193772085520e-01
5.344661695785460909e-01
4.856302094893406585e-01
4.254661375789527411e-01
5.269007696138674479e-01
5.616944844052695895e-01
5.217140408359234316e-01
5.099188238847843779e-01
5.190014711795242208e-01
4.550514083235422391e-01
5.014159920629979172e-01
4.665221610504790006e-01
5.439976951352278878e-01
4.944401784825298574e-01
4.775316425947656596e-01
5.226780758910617442e-01
5.696706517979724937e-01
4.773966055958732135e-01
4.895721355733195779e-01
5.136384425139481902e-01
5.553803911974831697e-01
4.774102878156954444e-01
4.957147248768355441e-01
4.767508523942409759e-01
4.731926281110024890e-01
4.883892572481159933e-01
5.751259355168513165e-01
4.536220018604035231e-01
4.774277916798819188e-01
5.033471027412380616e-01
5.318813058646231218e-01
5.197884880013082798e-01
5.240242491370991074e-01
5.465515581407692780e-01
5.611148735364462903e-01
4.932024012346710728e-01
5.525809649343664809e-01
4.274411142437765654e-01
4.738824890602131301e-01
4.457513595613811774e-01
4.860054216318918652e-01
4.863759564626871645e-01
4.696384169325646396e-01
5.285856987737251877e-01
5.396004587736022984e-01
5.159214023662043180e-01
5.469689841323460699e-01
5.104034028115759236e-01
4.826974618441005060e-01
5.334684745701374631e-01
5.414588702668305942e-01
5.013199521593264540e-01
5.242972433297029555e-01
4.822255615249775307e-01
6.055363900795959209e-01
5.197855061069630578e-01
5.377560168773281024e-01
4.662074911441324021e-01
4.908723776226738278e-01
5.100809419095287955e-01
4.977570441184248073e-01
4.751856110482794437e-01
4.383725981342705413e-01
5.700679279475520111e-01
5.451609275096722662e-01
4.500830916263818260e-01
5.078279788222400670e-01
5.034569635719263747e-01
4.887151367816401915e-01
5.107094376723505524e-01
4.678036779213925467e-01
4.820081599916835602e-01
5.166254466752118191e-01
5.352640971912708823e-01
