5.273501644757604412e-01
4.884161436207871687e-01
5.086424103821156617e-01
4.854575722777528246e-01
4.633110133096560723e-01
5.362066042525013287e-01
5.247529639784235256e-01
5.090475950168412700e-01
4.958771528452872723e-01
5.010835821432231274e-01
4.903963766851909267e-01
5.095730018589196275e-01
4.789419485194688075e-01
5.135760708374719208e-01
4.865323653400850934e-01
5.197384469360933901e-01
5.252362945602155886e-01
4.785592781206116642e-01
5.588511879534825422e-01
4.996015230000531160e-01
5.157581934438584259e-01
4.879063004397097836e-01
5.389212012482087477e-01
6.234064176996675366e-01
4.751492662571659142e-01
5.301268806068371031e-01
4.355006451796030187e-01
5.455018524070398556e-01
4.650322883928943996e-01
4.912855979359779246e-01
5.388816984727764492e-01
4.864472919815369667e-01
4.894321010556395568e-01
5.327781230592274486e-01
4.871405845482676966e-01
4.574115546088833306e-01
5.146847577655441208e-01
5.064681859267675668e-01
5.700044873230354359e-01
5.358710324470485897e-01
5.303334642383782382e-01
4.438893845453398268e-01
4.839457365773652264e-01
5.685239726497521850e-01
4.927560695484000663e-01
5.555808346133381814e-01
4.358351962449363848e-01
4.293839724083271525e-01
5.347063766418068687e-01
5.208107760054572211e-01
4.885579580418373813e-01
4.922362185443029392e-01
4.673934328596665022e-01
4.865484963123282158e-01
6.873441442551609937e-01
5.246778223258269369e-01
4.443867963037081426e-01
5.177145908309748190e-01
5.489959143888356596e-01
4.760302099872620873e-01
5.313310660538840269e-01
4.866748931044137527e-01
4.687644822814340251e-01
4.878076156515168682e-01
5.120004062961180935e-01
4.369835497870496743e-01
5.272644204601851792e-01
5.306312566543387454e-01
4.508971100245645625e-01
4.677097986254151185e-01
4.715660242592044082e-01
5.164924821293458423e-01
4.940484708531479585e-01
5.095934596229650948e-01
5.041553063176918981e-01
5.357143883286445973e-01
5.245598113370477655e-01
5.007919049837833425e-01
5.339034104987226970e-01
4.449664469664419419e-01
4.287594580146479872e-01
5.153657775167098665e-01
5.106833643426403890e-01
4.415713416620383192e-01
4.818693886009180471e-01
4.560698559111685535e-01
4.532354229565299653e-01
5.304746633821073587e-01
5.150097505751007887e-01
4.461617952695955958e-01
5.416029028120235012e-01
4.901466718770380870e-01
4.912777151955238786e-01
4.747521373443667203e-01
4.623382615426877007e-01
5.489238247084797795e-01
4.927403697169801533e-01
5.575928058615933214e-01
4.798021208540175220e-01
4.930026779173357632e-01
