4.742162293773016790e-01
5.496507858506657351e-01
5.077295480850143594e-01
4.438862836496381692e-01
5.170714883785204607e-01
4.969232241750465295e-01
4.990229562051858303e-01
4.618604933582157734e-01
3.920169345875753053e-01
5.767205869956835151e-01
5.508016909894266622e-01
5.139301016135602307e-01
4.876457945448427478e-01
5.463517076639533565e-01
4.799744093263133005e-01
4.989001490290305152e-01
4.258070081325027734e-01
5.442632441921222419e-01
4.918710668804068264e-01
5.020979236109276433e-01
4.912885448483922390e-01
4.643813024534139133e-01
4.975260480869974078e-01
5.421408346413796320e-01
4.843205491492689752e-01
4.958841233707362850e-01
5.391703151949951422e-01
5.280289071703641035e-01
4.749575130078425578e-01
5.807626675608121847e-01
4.858765591748474555e-01
4.736799326694575152e-01
4.851455500619727967e-01
4.529218320290636646e-01
5.132481241861931442e-01
5.044715053582975450e-01
5.560504454010342101e-01
5.862141242586340617e-01
4.754869595393600989e-01
5.061678201667784149e-01
5.318336009855348934e-01
5.333616365092131995e-01
5.152324822939282623e-01
5.327555629357638711e-01
5.838536941838387007e-01
4.845979437048154592e-01
5.239335125883161082e-01
4.742349468396983569e-01
5.082045808236130835e-01
4.384471832683444759e-01
4.681200643701507458e-01
4.544757154365980933e-01
4.852198704148405484e-01
4.851891849830007875e-01
4.366161609439491165e-01
5.099182264075908799e-01
4.819000619234626859e-01
5.356360453278423694e-01
5.340745766191341559e-01
4.405642480692617546e-01
4.582197892604469303e-01
5.267076841172991797e-01
4.849363995778953607e-01
4.794573055338079426e-01
4.554817704428922309e-01
4.574753373380407440e-01
5.151385384635479570e-01
5.158652218494811370e-01
4.768919673067318343e-01
4.974163136710931243e-01
5.100802737660772301e-01
5.720243049743996000e-01
5.454244666088595705e-01
4.618246971834787384e-01
5.114130453741045912e-01
4.711188154146889739e-01
5.331258421523192848e-01
5.630222676810480165e-01
5.065030052891685841e-01
5.390187238237739153e-01
5.448705351893268212e-01
4.590481406293372424e-01
5.068860177751717266e-01
4.421523757296497714e-01
5.315110945475590709e-01
4.462470095189836061e-01
5.293468029246500839e-01
4.957061806717512620e-01
5.091109522901861029e-01
4.714105491285717209e-01
5.222084694873895261e-01
4.803369899561337752e-01
5.032066468701240636e-01
4.754092781997091843e-01
5.219133330592372610e-01
4.686132626517299782e-01
5.962357507554187919e-01
4.394369028940243727e-01
5.346572278296445324e-01
4.922175724735662894e-01
