5.151801594412046548e-01
5.387634186446527140e-01
6.000610543699872457e-01
5.225381372156223669e-01
5.498755602347514815e-01
5.410863822791687205e-01
5.948068658163437883e-01
5.010992475705837723e-01
5.570056761133415080e-01
4.613478921961367551e-01
5.550597426192162009e-01
5.004854396038092013e-01
5.472126767569845951e-01
5.131088442261617644e-01
4.100682045220023220e-01
4.320188789114940420e-01
4.869967324997296898e-01
5.457348266854469276e-01
4.815926982900003428e-01
5.671106185861095605e-01
4.388024075955248571e-01
5.010566431838143764e-01
5.028107748626013951e-01
4.885665587204631732e-01
4.937191479721984577e-01
4.644767763047827902e-01
4.856540812554171471e-01
5.135955132976224302e-01
4.858903532107279877e-01
4.341412574916970191e-01
5.328499393659693606e-01
5.137140242638125187e-01
4.985969562836149449e-01
6.062653584727343281e-01
6.115894003304703785e-01
5.143636585705979591e-01
5.574383667080645699e-01
6.053424191399201515e-01
5.283226972724498482e-01
4.907768316040013734e-01
5.449658213505992332e-01
5.342011927842515995e-01
4.821269085488354422e-01
5.429341397611715525e-01
4.599060203825881543e-01
4.196328758666821312e-01
4.768847074355090920e-01
4.421533574875346484e-01
5.539192328041813163e-01
5.150621574084046639e-01
4.898122551700623828e-01
4.846807036622134413e-01
5.143649054634822360e-01
1.474700842687432845e+00
5.253436215008369103e-01
5.388258193874290169e-01
4.890569423742573973e-01
4.324345594746608068e-01
4.710660122396820304e-01
5.819710439447550732e-01
5.723319684944657704e-01
4.279508821076407066e-01
5.077971457661775156e-01
4.961626767893307366e-01
4.930785545837237938e-01
4.845042695260861065e-01
6.470065635224969691e-01
4.872756465262254588e-01
5.515426818544213461e-01
4.881968169676889069e-01
5.408433682548725585e-01
1.526206880837119195e+00
3.989679917696012379e-01
5.071047541158180127e-01
4.993540910340462102e-01
4.672827597698577251e-01
5.382181391569407225e-01
5.451678350974429321e-01
4.993061418768945936e-01
5.334149272398749364e-01
5.487362162779418906e-01
4.947091654791396786e-01
4.481395568154192821e-01
5.302700872850287794e-01
5.420829345343194383e-01
5.248404868737890361e-01
5.618072428349020209e-01
5.106898037350936503e-01
4.279722299693410892e-01
5.037522501687471399e-01
5.113139976131363396e-01
5.370720276174618668e-01
5.019858498851629269e-01
5.241765152193327282e-01
4.607336016267186696e-01
4.535378064463108649e-01
4.716622975091092629e-01
5.350827415194694403e-01
5.458210479835384765e-01
5.705871020101485058e-01
