1.339649493878618181e+01
1.336190503585389244e+01
1.336121012208159442e+01
1.326970978445575788e+01
1.345935524159971131e+01
1.329832962028159926e+01
1.309514604373396907e+01
1.345779912863203798e+01
1.312448045455339241e+01
1.323064834948677948e+01
1.329650100105231658e+01
1.331928277886147605e+01
1.324930812658328350e+01
1.330617898825878953e+01
1.313827909100603009e+01
1.349301284684055879e+01
1.344121876106297542e+01
1.330201156339070501e+01
1.328734042079703492e+01
1.347009039332224312e+01
1.328567653234243195e+01
1.336411669517336165e+01
1.315600968256800662e+01
1.317388889174181976e+01
1.313247716642040608e+01
1.312278436224736211e+01
1.343850387050425077e+01
1.324180907851531153e+01
1.339125300009318842e+01
1.309619183288513966e+01
1.308337518550299627e+01
1.328523759937605142e+01
1.324607955821103111e+01
1.327686192247081465e+01
1.337372039251156153e+01
1.314167384920203752e+01
1.334630379582320536e+01
1.329404592132130070e+01
1.298395379651644355e+01
1.324142396479359185e+01
1.331324596135402238e+01
1.334063415783414364e+01
1.359254464221355896e+01
1.328850339728237984e+01
1.326459989109708282e+01
1.327186851022080383e+01
1.315549131176233288e+01
1.330251971636290165e+01
1.313868572687148628e+01
1.329906389480254880e+01
1.344771846108270452e+01
1.312591710464172223e+01
1.298667484081201984e+01
1.326615097265181475e+01
1.333348229726890821e+01
1.336532812571213391e+01
1.326553385740724700e+01
1.343040480364095046e+01
1.348098664431300975e+01
1.324051854982388399e+01
1.320611938922472994e+01
1.326308970857951586e+01
1.328320467770016400e+01
1.351252681095631480e+01
1.316577944606235562e+01
1.308838339348201174e+01
1.347280211208140166e+01
1.317508619845396822e+01
1.333768017164151054e+01
1.333361081839207962e+01
1.338328913100097495e+01
1.335042024605803235e+01
1.325399166558326947e+01
1.334287683589688456e+01
1.328814907966735781e+01
1.326370364682624192e+01
1.304036008718369466e+01
1.330245885394506900e+01
1.328644660192062688e+01
1.324397688585928989e+01
1.315792502602722891e+01
1.312864843703466633e+01
1.326728904970852163e+01
1.343461253967356761e+01
1.325660044100368928e+01
1.341403340626933272e+01
1.311737214868120383e+01
1.338609701435133381e+01
1.318075309718642707e+01
1.281759217309676480e+01
1.360716233650391516e+01
1.318985375259951454e+01
1.332240814721469491e+01
1.321031836707588347e+01
1.295418548181745244e+01
1.324465229887154472e+01
1.313281134031118036e+01
1.341744855151413240e+01
1.350487541829050464e+01
1.319145827415609951e+01
