5.349307709092880891e-01
5.256406473920171019e-01
5.420729959543649779e-01
4.783706001317769574e-01
4.934404407683748439e-01
4.974558634311724847e-01
5.237785127188863132e-01
4.621045893810121208e-01
4.665703563919660346e-01
5.644787279169547478e-01
4.598517140222798671e-01
5.338027566383929390e-01
5.320216083437707688e-01
5.183905759226925536e-01
4.654579088054315306e-01
4.765741063867908189e-01
5.037116057898964883e-01
4.805583048476352870e-01
5.151742824817422406e-01
4.958207871830755398e-01
4.818644362924124902e-01
4.523988986122398082e-01
5.217854770911294349e-01
5.180694231623104162e-01
4.830514458880674766e-01
5.120296998130151600e-01
4.086008374473046323e-01
5.111145506170682307e-01
5.535185805410453019e-01
5.100022065937765969e-01
5.841671998551896117e-01
5.357150101312673218e-01
5.712571046688292853e-01
5.047412981409576949e-01
4.737924477591498040e-01
4.844297712892488561e-01
5.141256939069150933e-01
4.884723967772781617e-01
1.454216359373847967e+00
5.370636415732015223e-01
4.740970704074724540e-01
5.039510816661659787e-01
4.667033232099035422e-01
5.216924394114031971e-01
4.470069364915598698e-01
5.052888176264309639e-01
5.002884105761921107e-01
5.724144730519477031e-01
4.886487417741040007e-01
5.624524628302612905e-01
4.256054722422101810e-01
4.764220569515875692e-01
4.525425406513727822e-01
5.448444056601073893e-01
4.892059122078629141e-01
4.342191093823390968e-01
5.387597330032211085e-01
4.454179725380620347e-01
5.573804547828883349e-01
4.897069959475438550e-01
5.963584514117830082e-01
4.681514322126479333e-01
4.923862325154310104e-01
4.558184507585051337e-01
4.955449447733761281e-01
4.827844840814737304e-01
4.721829424442972600e-01
5.137663831734343711e-01
4.649372841302228387e-01
4.859535091458267453e-01
5.099083180758533507e-01
4.872623176418922619e-01
5.130032899249781231e-01
4.754169487696534024e-01
5.039333263362433257e-01
5.391823370840505003e-01
4.758224058826676095e-01
4.778994305596822034e-01
5.294923222829523990e-01
5.518724060957562738e-01
5.082303232366536250e-01
5.522795458858927864e-01
5.364704318907255187e-01
5.221639175382050135e-01
4.742595773129896219e-01
4.873511272393822868e-01
4.730653810196483455e-01
5.623958387691700977e-01
4.593696696719529737e-01
5.315950986900132014e-01
4.666274446029120004e-01
5.045178926848933321e-01
4.767230785054198949e-01
5.644748368642633629e-01
5.374879447768283747e-01
6.071637079081777522e-01
4.635520850919475078e-01
4.738619234002405811e-01
4.879653749736084234e-01
4.586840894373382937e-01
