4.724969605278163676e-01
4.957634883775595136e-01
5.318113063641105587e-01
4.719122029781029348e-01
5.225471806728293478e-01
4.935420606696210855e-01
5.348608218137281822e-01
4.915744445996934053e-01
5.479808436436486296e-01
6.589417999869563447e-01
4.118638873689946522e-01
5.033420880018761867e-01
5.297040581954560734e-01
4.544576795497837773e-01
4.871677129905355175e-01
5.099133760166809637e-01
4.647163400190967852e-01
4.914626398783141226e-01
5.084890051880986972e-01
5.130745771218433449e-01
5.369113831434839668e-01
4.974318042943894347e-01
5.402196395317400146e-01
4.751696697834587035e-01
5.299390499512790509e-01
4.744579303038317653e-01
5.046456356367190477e-01
4.387972932285938432e-01
4.900737265468708692e-01
5.437678666318900289e-01
5.528141167263795897e-01
4.783898021421274516e-01
4.879825702068496529e-01
4.864492455188862974e-01
4.806665900742209674e-01
5.404752991815738872e-01
4.896502727702646274e-01
5.659861868642599436e-01
4.846652443865386295e-01
4.936829036428501682e-01
5.445339872114836055e-01
5.236995716752277374e-01
5.552532853404085200e-01
5.363926700001193648e-01
4.741291034089303302e-01
5.746773644234984824e-01
4.507466893598737756e-01
5.003748103480251119e-01
4.607557414926283235e-01
5.082686735933217292e-01
4.753206665994521019e-01
5.157867847384600690e-01
4.877397494266471067e-01
5.034833431799287107e-01
4.833123189225410066e-01
5.350530247641552828e-01
4.608536146896801688e-01
4.463812447594358579e-01
4.999215140129083523e-01
4.598178666200763431e-01
4.609502536127809136e-01
5.573009181025695424e-01
5.567989255201180043e-01
4.795695933263002808e-01
4.872810103355440514e-01
5.203825006069786596e-01
5.119416954797509911e-01
4.652009337149085599e-01
4.537541414242335369e-01
5.148785142751591826e-01
5.781801436495025426e-01
5.845481326295451918e-01
4.999372109599239389e-01
5.874832068996270751e-01
4.842521453190241632e-01
4.700062687677671325e-01
4.614767146302455880e-01
5.107430346931961518e-01
4.825417315294824316e-01
4.559114007136448321e-01
4.147983674506814933e-01
4.904895659104824279e-01
4.871475081631789772e-01
5.021700811936845588e-01
5.478036101731014185e-01
5.436301572187237641e-01
4.888187436643138817e-01
5.594265416609893737e-01
4.558186582042493273e-01
5.943078410285914659e-01
5.097128975139135765e-01
4.868189541449767233e-01
5.333267304142648157e-01
5.724876951188806462e-01
5.499900146089126141e-01
5.274872565480926978e-01
5.025742924541629630e-01
4.977312118949152597e-01
5.122097650999952734e-01
5.059893261688045429e-01
