5.071258474445521358e-01
5.211222069053642603e-01
5.211401642306833226e-01
5.051067092859332641e-01
5.263954398920664968e-01
4.018976621683449935e-01
5.371361121428545049e-01
5.193337863515218311e-01
4.984735145147989877e-01
4.100731243572164342e-01
4.524448295865077796e-01
4.206179410009557862e-01
5.123015455719553968e-01
5.607423786557731438e-01
5.000938102450994682e-01
5.323183668449251726e-01
5.059574169808043198e-01
5.366949226129990036e-01
1.467526444897431892e+00
4.779284824736480530e-01
4.944497800410136423e-01
4.657883346792398016e-01
5.059071324709314421e-01
4.458916903472068816e-01
5.191983530620357667e-01
4.370109692946758106e-01
5.159622317439219730e-01
5.465207271128004196e-01
5.728915392544030594e-01
4.924906281184222023e-01
5.442391532242484287e-01
5.564822662476237580e-01
5.364129620871099791e-01
5.468192729380596528e-01
5.988261066300351043e-01
5.480527086483056864e-01
5.033972470241145913e-01
5.847759111087587058e-01
4.801984499084244185e-01
5.214776489428786244e-01
4.751886497935764453e-01
6.240018418277668566e-01
5.398475753891522899e-01
5.102377248643419350e-01
5.283272601772174282e-01
4.625245602943810486e-01
5.283800963526248395e-01
5.404171623248514855e-01
4.828091176140190677e-01
5.073224217657489321e-01
5.624386677526589384e-01
5.274540326035209725e-01
4.839989641534547804e-01
5.642787203524434192e-01
4.702216827363668861e-01
4.784736953692000361e-01
5.726146030383600927e-01
4.290786467165038087e-01
5.056874951343405256e-01
5.251976033699274904e-01
4.960746243203676964e-01
4.559913814300045054e-01
5.063426163328681451e-01
5.230692777155102613e-01
4.985859036824208945e-01
5.576622901939830568e-01
5.275981040802820710e-01
4.769995082435998790e-01
5.295289194944030609e-01
5.371513041193191063e-01
5.022207647931024033e-01
5.574628603253758419e-01
5.720198702795662449e-01
4.905520986187031363e-01
4.703902131065460512e-01
5.367178010073840877e-01
5.003601421019728823e-01
4.456260882756822861e-01
5.114728144983853309e-01
4.759495197751309470e-01
5.445050720748938478e-01
5.248568469227938849e-01
5.710478252773202312e-01
4.552061643961388682e-01
5.017484197061659046e-01
4.413656607427809409e-01
4.013351334387843528e-01
5.161652108260601501e-01
5.136152492869144881e-01
5.029212849235851213e-01
5.199231650432304397e-01
4.723481742796771798e-01
4.837673171264564864e-01
5.445131772307559848e-01
5.740628980572067830e-01
4.145251263768226502e-01
4.712871197227267439e-01
5.212007000119956990e-01
4.138598987732002299e-01
5.189535063463226461e-01
