5.257119272997129444e-01
4.729755559411857879e-01
5.244680511868553552e-01
4.442890109216398598e-01
4.955443590231066731e-01
5.188180044639808530e-01
4.295418791177614271e-01
4.423987651527023779e-01
5.519551883399348435e-01
5.355202074572392723e-01
4.052695303718808484e-01
6.343773644318377869e-01
4.814680937712464415e-01
5.442860469268619994e-01
4.344053364561520914e-01
5.409731935096181443e-01
5.685148723439151786e-01
4.822901709034455031e-01
4.705343144164108593e-01
5.360098563903002988e-01
4.801036544029252395e-01
5.025403784806957708e-01
5.125392114467374194e-01
4.561298751293970111e-01
5.261889165173887495e-01
5.206096594722700033e-01
4.677908232933887800e-01
5.663355875962032826e-01
4.556506778375674638e-01
4.944742000410521365e-01
5.565687607221502242e-01
5.091268008078663199e-01
4.819243077196556091e-01
4.848556837066511083e-01
4.911456478607875153e-01
5.977178871088122403e-01
5.389669653822611872e-01
4.639760679715922431e-01
5.112035159232243275e-01
5.119655640112196204e-01
4.571786135358404390e-01
4.931453847116394340e-01
5.626365040001511941e-01
4.720853765212517650e-01
4.830892012575841998e-01
5.349466661205010132e-01
5.284585699973715078e-01
5.628137082641401223e-01
4.498202271026197074e-01
5.868339683560211961e-01
4.075461232317187377e-01
4.791827224386898676e-01
5.023919075828614522e-01
5.443573076289699442e-01
5.149099907078235061e-01
5.356284823809328577e-01
4.522944134090308710e-01
4.710576248615220840e-01
5.056525367830898565e-01
4.760412346231931990e-01
4.277880283540824724e-01
5.268123216492108796e-01
5.360674946873905666e-01
5.611233472871512973e-01
5.008451120069735696e-01
5.038865535408857399e-01
5.483240625787966227e-01
5.194102870306429587e-01
4.798858498341719847e-01
4.702818788833035835e-01
5.187751892197380865e-01
5.067067923029562326e-01
5.265898955654930713e-01
4.658862923547646973e-01
4.885997374570468788e-01
4.774832964461189766e-01
5.031024236753470769e-01
5.311770131501181158e-01
5.695158679706479044e-01
5.100801612987176936e-01
5.272747162554578537e-01
5.131731532368096760e-01
4.720264427817059127e-01
5.011243877704133487e-01
5.324090605508478014e-01
4.767861814539895438e-01
5.434188818461760384e-01
5.085379831023085773e-01
4.844432120608435643e-01
5.459889933693242714e-01
5.178133978941392712e-01
4.973219399214465763e-01
5.377344902713191432e-01
5.061301628095909999e-01
4.843769784468877071e-01
4.471210221709988608e-01
5.657602822603291504e-01
5.088282240949428825e-01
5.080609872424869389e-01
5.122912656145582888e-01
