4.495655715368917504e-01
4.924947201944910868e-01
4.671820539279344375e-01
4.670795960988371465e-01
5.087063890993405169e-01
5.125739533841140450e-01
4.938003477616236259e-01
4.744979078253705462e-01
4.476672130495291113e-01
4.571222201248928974e-01
5.222619451726741024e-01
5.161320502896360463e-01
5.246114614427851430e-01
5.118016381298892137e-01
5.299059155118698294e-01
4.773270021895565929e-01
5.159063225578313094e-01
5.379041781311764137e-01
5.090300080748096923e-01
5.570257503267344035e-01
4.655606964858015062e-01
5.630344528731552334e-01
5.085628086437246065e-01
4.550105160560856676e-01
5.153238165053698472e-01
5.458343614611048666e-01
4.781832155199950973e-01
5.180975721691980507e-01
4.524277712036985921e-01
4.671247390388615917e-01
5.387452394527609822e-01
4.564261250432834482e-01
4.686668411233938514e-01
5.194716550855982273e-01
5.413170648026461862e-01
5.362024812191202860e-01
4.895093764777882495e-01
5.308377757922936313e-01
4.330222511218924097e-01
5.201716152650868175e-01
5.713477530649664349e-01
5.741527554050335214e-01
4.053489687703113464e-01
5.016091146030331460e-01
5.291656286738376513e-01
5.281535020563843386e-01
4.534930970416441443e-01
5.030132869379160265e-01
4.452020058491655830e-01
5.665844695698309952e-01
4.796826018758458821e-01
4.938779521525639704e-01
4.880339671109524824e-01
5.188093808892095815e-01
4.708035571450041590e-01
5.275212993693847441e-01
4.533320303372023741e-01
5.266661509049823664e-01
4.405410265104069967e-01
5.312389490112211510e-01
5.171015127502773812e-01
5.172769918389447108e-01
4.864897964319270240e-01
5.171989576874522765e-01
4.892455429998455174e-01
4.709912454773979018e-01
4.878037804978765379e-01
5.395655545972658507e-01
4.979475341015572321e-01
5.297029833398727572e-01
5.493653604112709310e-01
4.880124352376055685e-01
5.230287524695609314e-01
4.901387777691498249e-01
4.443455244342407462e-01
4.497580066612354988e-01
5.197001459189555250e-01
4.979315559712775840e-01
5.079165852825157090e-01
4.249295985865134129e-01
5.219812862775314866e-01
5.273008527120225386e-01
4.968688809320686017e-01
5.816301104648018416e-01
5.153757359677588745e-01
4.637390392264768013e-01
5.512975178975139112e-01
4.942134829873919277e-01
5.212972637877144599e-01
4.412625982065032648e-01
4.433406795545077883e-01
5.052189188688495092e-01
5.447076135710160472e-01
5.467743126690940425e-01
1.463867656464568956e+00
5.092921006264334860e-01
5.516503066768565500e-01
5.726857386235991720e-01
5.235866060082028373e-01
5.057178872147704007e-01
