5.409333320780278509e-01
5.764545041165227701e-01
4.485355867931533624e-01
4.292911512262637674e-01
5.393979432738608137e-01
5.494439496549504698e-01
5.629424470947591574e-01
5.758961874009125292e-01
5.615174817149811703e-01
5.107654089956040755e-01
5.076922612117614753e-01
4.627626673248426137e-01
4.820944000912991689e-01
5.047410772820641878e-01
4.735813480992785429e-01
5.199544037315920741e-01
4.540029312847204679e-01
5.111544490241543004e-01
5.252757690063314389e-01
5.236724541001694933e-01
5.081587670871967610e-01
5.304732504793387982e-01
5.655333337487179479e-01
4.414947628809057778e-01
4.247997225256345821e-01
4.946108668394557095e-01
5.089096634050115364e-01
4.533103027938563123e-01
4.901536648447598621e-01
5.124535993331775785e-01
4.055096259240619228e-01
5.809479783138912223e-01
5.926096755001324379e-01
4.468221237752507125e-01
5.662586969309378881e-01
4.649466062145063971e-01
5.687893465624668243e-01
4.793773565147366189e-01
4.640959194225686701e-01
4.543044907856590986e-01
4.784094417641803765e-01
4.987052964086179374e-01
4.781377484320364912e-01
5.097664953688311185e-01
4.952441360478062049e-01
4.327953994622624756e-01
5.530982237817806402e-01
4.890584888791190132e-01
5.678567900367423871e-01
4.440809510813705230e-01
5.070919617777045474e-01
5.563289494945210523e-01
5.383472626519746340e-01
5.243393426699901605e-01
5.406818599829272820e-01
4.962262352043944058e-01
5.299225609305328044e-01
4.323368688561848305e-01
5.560471971393305957e-01
4.776048526577501008e-01
4.805633800993193705e-01
5.101467844727683998e-01
5.077812033208574105e-01
4.690641280513945799e-01
4.291916761630239496e-01
4.775949588230794518e-01
5.003049616484692708e-01
6.727587491127865471e-01
4.899530380335542779e-01
4.682051288345659978e-01
5.201565542511707996e-01
5.616829690522323615e-01
5.553126637182160819e-01
5.025235830956327199e-01
4.919401417061411430e-01
5.313108432998261410e-01
5.618395559323391408e-01
5.185714808142100063e-01
6.008367137750248999e-01
4.833928644096655014e-01
4.816769652508212096e-01
5.305813714285011473e-01
4.288813823449367790e-01
4.534608850699444749e-01
5.469915020924521754e-01
4.829290169241749475e-01
5.200526631471763528e-01
5.453385251381943633e-01
4.948266394560474901e-01
4.914977606372935015e-01
4.932788698061635890e-01
5.587827530622194727e-01
4.447679814247669228e-01
5.048007810168451126e-01
5.371562995181727862e-01
4.791835911627319589e-01
4.612776944921876399e-01
5.380510481635716324e-01
4.930889957799727830e-01
5.092604679857474226e-01
