5.656050524949263192e-01
4.093254341718837175e-01
5.488156149580318832e-01
4.874469169075668629e-01
4.523089966910429638e-01
5.068405663768523750e-01
4.586959606364297559e-01
5.235683573535254709e-01
5.325254774263780133e-01
5.481640913558275541e-01
5.446974157351716084e-01
4.828858719835146807e-01
4.355483098754353022e-01
5.459669165655821610e-01
4.907510837104802071e-01
5.413289944528081321e-01
4.925775271120003129e-01
5.248592697018958919e-01
5.011882423602894709e-01
4.955029812321761762e-01
5.009028572649988353e-01
4.586451385177348072e-01
5.172890027555478998e-01
5.235434582664069136e-01
5.586514652325691443e-01
4.422429278813042042e-01
5.530181715663107234e-01
4.547257877629393152e-01
4.852553918631200558e-01
5.465601084676111610e-01
4.852376012598068611e-01
5.100099381242734209e-01
4.785018213054968994e-01
4.658774129909994954e-01
5.392852941540250411e-01
5.332275931016555726e-01
5.056906623085457575e-01
4.985793417768865088e-01
5.223329821717214161e-01
5.093622350985447245e-01
5.216331204682516098e-01
6.074083569309305375e-01
5.126782565500744848e-01
4.334366388917341162e-01
4.828798492054323099e-01
5.610067625286039306e-01
4.596749335273113135e-01
4.741652816254119940e-01
4.832397792873890374e-01
4.846591753220730880e-01
4.664048388480823149e-01
4.563719029768101287e-01
4.681140371501087971e-01
5.520461973130647015e-01
4.201074898581013684e-01
5.297854179916197115e-01
4.714408082201216321e-01
4.268719762400830509e-01
4.589320831108303911e-01
4.841117200977522739e-01
4.561596661767302607e-01
5.333985551200489672e-01
5.249151697355862733e-01
5.825106874019597702e-01
4.967895102990932954e-01
5.010704847032725340e-01
4.961669695499176802e-01
5.130113745007031101e-01
4.239692585493348154e-01
4.417236540584794646e-01
5.058366121204307397e-01
4.936336853849110917e-01
4.717973512128750824e-01
4.904641460306856104e-01
5.075108081029794382e-01
5.009570286824182039e-01
1.450820642671752703e+00
5.141520827410832606e-01
4.577314335844396287e-01
4.807182812182402842e-01
4.907944497673608630e-01
4.733657821053530723e-01
4.959370332074358179e-01
4.454305794126739437e-01
5.102708286158798012e-01
4.995997478980510609e-01
6.110199530508274579e-01
5.366984097098684847e-01
4.892549061557270873e-01
5.546841290025765758e-01
4.930584765763378341e-01
5.342937664413728305e-01
5.831026510304784249e-01
4.852015676238015662e-01
4.729169731398588650e-01
4.589594720500431158e-01
5.151785727551898564e-01
4.509220123837652250e-01
5.562576072240137393e-01
5.063990124101921397e-01
