5.668077463842294828e-01
4.578455822364790873e-01
5.638680900536248153e-01
5.429382242636836553e-01
4.837223664347825025e-01
5.195463602843812811e-01
4.681856292502776795e-01
5.220842606076837589e-01
5.458250625640173048e-01
4.548353880517788106e-01
5.092270410236789946e-01
5.400090328345859003e-01
5.037523920848676617e-01
6.043724698595301925e-01
5.641862168753591922e-01
4.518426815516660144e-01
4.717473789387237604e-01
5.198960524316424969e-01
5.575687473879872291e-01
5.060104707712494987e-01
5.545251883303919938e-01
5.535572339036527456e-01
5.318015929383442808e-01
5.580653765861781634e-01
4.990661186500871538e-01
5.429715840799453908e-01
4.532792985479586756e-01
4.379795753999463082e-01
5.048386221813084829e-01
4.844670353121846018e-01
4.636950746459153061e-01
5.195853987125933493e-01
4.800184711442891383e-01
4.686523245731450960e-01
4.932330158584573021e-01
4.584942303170140843e-01
4.339516450740975029e-01
4.804541923027859651e-01
4.916982340809700758e-01
5.276182359273491329e-01
5.460917944989802653e-01
5.454788841804542043e-01
4.312738697054132597e-01
4.693652263405665992e-01
5.414467424311751875e-01
5.397706261598251842e-01
5.410001513779305604e-01
5.262348569119620345e-01
4.942593712176768239e-01
4.465488463953793952e-01
4.810376016473155714e-01
4.954073338679439442e-01
4.967920025097621872e-01
5.909080011161194079e-01
5.007098724004797052e-01
4.439501173110433907e-01
5.386589935056077527e-01
5.191212254359709455e-01
4.914546933290013242e-01
4.839266381428810604e-01
4.704669394885793166e-01
4.758393057691231998e-01
4.572669987124179380e-01
4.853022942432695386e-01
5.479478614688690907e-01
4.745564746916448584e-01
5.358402054969860773e-01
4.927945664109692481e-01
5.058335076965092547e-01
5.004154877204467500e-01
5.076401328355567566e-01
5.146381386715548345e-01
6.183637225286805483e-01
4.841231034284484425e-01
4.840487977161267996e-01
4.895098114239236908e-01
4.698557735719687822e-01
5.612400164058971574e-01
5.050402416114668780e-01
5.053815091490527767e-01
5.915071027867496722e-01
5.050878520462013244e-01
5.471707421654274928e-01
4.272805164786232512e-01
5.025780308934093554e-01
4.712754623943957166e-01
4.981799776098982946e-01
5.441897714194021685e-01
4.934790155270715184e-01
4.538405574994506808e-01
5.307875347061229432e-01
5.397292437898617568e-01
4.941393104125312852e-01
5.170609236679289955e-01
5.180691382804636369e-01
4.657722331435724672e-01
5.044733153819682681e-01
5.066494273558164174e-01
5.616826566828412304e-01
4.601471377155234577e-01
