4.886372850370580556e-01
4.944250992068895956e-01
5.077770220539777890e-01
4.856011551157234929e-01
5.513550418563043509e-01
4.779175931878218431e-01
5.243868766919969060e-01
4.681709009872077054e-01
4.789904556359259602e-01
5.056082755704539577e-01
4.580397228965434331e-01
5.139382789301526477e-01
5.469631024018860588e-01
4.902789968263666642e-01
5.076821702585152529e-01
5.187883391599654725e-01
5.319453245930996221e-01
4.661198709741666280e-01
4.919769610936534088e-01
4.839687419901767540e-01
4.768938549822995809e-01
5.672282659617555733e-01
5.800033956710428651e-01
5.552760634746003454e-01
5.149379012048816984e-01
4.970941723078700636e-01
4.352996783437522166e-01
5.022007937452140913e-01
5.507984393181376559e-01
5.375101584388451981e-01
1.509640785928914930e+00
4.991388573492123171e-01
5.192534666976313940e-01
4.700906366284646198e-01
5.269515023378136265e-01
4.361701322158327288e-01
4.587140532100562607e-01
5.090397968057900346e-01
4.491821839349793843e-01
4.961469421311699435e-01
6.114081446094700167e-01
5.701107061865070547e-01
5.253332030364712413e-01
5.355731887823560466e-01
5.677244842709610051e-01
4.531034776269105557e-01
5.252658300731877228e-01
4.532908318871389231e-01
5.169721766386227157e-01
5.409320575668122855e-01
5.313346340917288746e-01
5.183648108555086731e-01
5.677328926463285352e-01
4.589666716722670681e-01
4.616467540575614481e-01
5.011495838714120632e-01
5.777371820917874823e-01
6.243186676820060566e-01
6.053757744274689268e-01
4.737268531842775965e-01
5.879535916154311481e-01
5.558621886549037772e-01
3.665916893693221823e-01
4.800121505450676285e-01
5.567705203286478222e-01
4.893104161759543880e-01
5.433599436301251862e-01
5.024813217585961667e-01
5.089883520329785416e-01
6.177216939177880839e-01
5.007704591942463423e-01
4.547300471031642810e-01
4.803064766847099931e-01
4.695219921597127977e-01
5.436510791356824468e-01
4.658190233400009150e-01
4.802354918217194846e-01
1.535333423751716886e+00
5.183028047016355888e-01
4.412749927522362503e-01
5.358856164171802439e-01
4.776006138924412392e-01
4.381599287812637522e-01
5.131258032221300835e-01
5.172789098052896772e-01
5.403752887514574610e-01
4.785986406352546463e-01
4.816996832890760860e-01
4.982726468060881819e-01
5.672174254820894213e-01
6.072273157030905200e-01
4.188182973118349528e-01
5.009225267444312735e-01
5.350823263639532534e-01
4.864351083127840814e-01
4.570913481946924373e-01
5.243237454642947215e-01
5.588006430931254931e-01
4.273121334390160286e-01
4.499283270798948298e-01
