4.956971829627391801e-01
4.898076278398475480e-01
4.964513871979862603e-01
4.890482025868184146e-01
5.350349933221418830e-01
5.242091104626194209e-01
5.596165595935794768e-01
4.833810528323162492e-01
5.033118935973555086e-01
4.471531164937984082e-01
5.099024014118159753e-01
4.622831937869120722e-01
4.765608148019107593e-01
5.324036434487614544e-01
5.036271435176846722e-01
5.408051402850976297e-01
5.215354228652619994e-01
4.385241246462612263e-01
5.316492653332379748e-01
4.591480228240480410e-01
5.144416809225208498e-01
4.627109551238468566e-01
4.406346807684393130e-01
5.249555172247291068e-01
5.227223000811138665e-01
4.774739943980809143e-01
4.811075126291027293e-01
4.599905435702086320e-01
4.500433674703138154e-01
4.897911149942563713e-01
5.082515391364921253e-01
4.964176390875181810e-01
4.915087164418931454e-01
4.856185247217348899e-01
5.309582005903723534e-01
4.556911492476068970e-01
5.580847719807606744e-01
4.682950419885747451e-01
4.712763245819384661e-01
4.998217388271886108e-01
4.519598500195589064e-01
5.078954884131363645e-01
4.800212759513066141e-01
5.135141585152037669e-01
5.110491581351570556e-01
4.479774937188531481e-01
5.128321691547027550e-01
5.174504055750480669e-01
5.188547402510204076e-01
4.895058456915478695e-01
4.535323996134019708e-01
5.024020015677045370e-01
6.322899936150385702e-01
4.945121098336865972e-01
4.797115107509772880e-01
4.942055894912341096e-01
5.181605293337578910e-01
5.452402054910677753e-01
5.114718289029891451e-01
4.752249840780014001e-01
5.541597970335454537e-01
5.829679925863877621e-01
4.949641218516230845e-01
4.778148713832534034e-01
4.792338234444629141e-01
4.406792524615786300e-01
4.967951856951202116e-01
4.613203993374012102e-01
5.276665564878665338e-01
4.787282239286699825e-01
5.308941696881710470e-01
5.300564833799771280e-01
5.009453431326473805e-01
5.564486015822883713e-01
5.061532629546540152e-01
4.970595622641558187e-01
4.782228034480527912e-01
4.516065279676930722e-01
5.035432473110449392e-01
5.672732377092191136e-01
4.693829577680727616e-01
4.918346474540243873e-01
4.810594481356588736e-01
4.933801538800275943e-01
4.996311702874794425e-01
4.978506200599249754e-01
4.938952924592109328e-01
4.854461815534088509e-01
5.058453061190810729e-01
5.053035767476067308e-01
4.652035317368117262e-01
5.557515840338935753e-01
5.093797188647918306e-01
5.678792336146817332e-01
5.071030541628640531e-01
4.914447419100927972e-01
5.167214311738680399e-01
4.844837591738639371e-01
4.872809534637273510e-01
5.561488877579379153e-01
