5.589754350367384106e-01
5.329331133720281999e-01
5.367583155919533056e-01
6.029312964581927670e-01
4.815664794555227779e-01
6.065584271506936354e-01
5.146072804670729361e-01
4.509300197433817603e-01
4.629216603061105939e-01
4.923484152690312809e-01
4.957507975247120724e-01
4.996251418751673778e-01
4.989193645014977641e-01
5.250336649161592151e-01
4.853143799877577824e-01
5.661802692644712920e-01
5.095486223547935900e-01
5.031905123082847098e-01
5.418366659142148656e-01
4.955430890284556189e-01
4.979707519837102692e-01
5.195607598296047014e-01
5.480494891153562254e-01
5.336975075546274150e-01
4.947045535466781940e-01
4.995380497829999267e-01
4.959486643091366997e-01
4.707132957095920278e-01
5.015981256686857792e-01
5.566013797467356250e-01
4.493408247472680528e-01
4.912625225202311707e-01
4.848339078238566580e-01
5.284910204378212573e-01
5.368548767978099656e-01
4.905044436387869800e-01
5.187887753448802153e-01
4.920274104558443051e-01
4.862268925817375131e-01
4.910051634283433275e-01
4.920606282474098703e-01
5.303259553591544995e-01
4.683226569292344710e-01
5.170737251961506908e-01
4.926965237961611899e-01
5.271248997127614411e-01
5.201076912083700821e-01
5.384198573740506255e-01
4.785947176173663276e-01
4.513450882701170452e-01
5.495576373983633856e-01
4.772716237431741115e-01
4.481805226943523235e-01
5.506980519457139733e-01
5.325403426798290818e-01
4.458361275761961728e-01
5.037824049194709053e-01
4.954169330573449104e-01
4.486660373115661238e-01
5.138882850396028212e-01
4.523108596477504184e-01
4.651421569308113457e-01
4.914614257760878124e-01
4.895787577072077124e-01
5.247869108139342487e-01
4.759220297031771518e-01
4.722262135893465218e-01
4.706570116661327186e-01
4.694736040204016136e-01
5.178475392042711789e-01
4.720703747702048036e-01
5.354342953555789597e-01
4.847390312129463696e-01
4.773028387068050660e-01
4.810717707888858552e-01
5.489268091100214519e-01
4.921782878300032249e-01
4.582308972962597649e-01
4.953446992368693014e-01
5.561847153551934264e-01
4.544307776014950839e-01
4.747542902522632891e-01
5.335267906913311320e-01
5.680076740816769609e-01
4.925735759545701864e-01
4.884651674740878580e-01
4.912583376102380162e-01
4.760530682842132322e-01
4.995144647731259990e-01
4.143785237010797484e-01
4.866375044957159668e-01
5.284196888532658454e-01
5.275872745337700787e-01
5.213069767550340128e-01
5.028162862427428825e-01
5.622418314308209597e-01
4.738787633224016416e-01
5.644605985958197625e-01
5.201861842220371068e-01
4.646625705757095326e-01
