5.514733297919872657e-01
5.410633796156307795e-01
5.413835850064862010e-01
5.032703448913766753e-01
5.050596814616513663e-01
4.868290441340155650e-01
4.650797939045254736e-01
4.705998936766399021e-01
4.915749640010163568e-01
5.096649011897911308e-01
5.396107901709489285e-01
5.217865340874484614e-01
5.313045377445290152e-01
4.980746344956785698e-01
5.309996965035337357e-01
4.644521773453611502e-01
5.829820290033231878e-01
4.707318188101775602e-01
4.932693458812546505e-01
5.309478895084629446e-01
4.843252397362980410e-01
5.479408171999691213e-01
5.110253161041808934e-01
4.646232620768790955e-01
4.321442084809282713e-01
5.117786440420611926e-01
5.056058914988469377e-01
5.154568341924179453e-01
4.720639298161167230e-01
4.824605716278845824e-01
5.024078134860746614e-01
4.777763139410276527e-01
5.146188447523187826e-01
5.179011534811360784e-01
5.204485496871555927e-01
5.734379547344605754e-01
4.887682201051120612e-01
5.513813478387150635e-01
4.121546366906828074e-01
4.936086220347111753e-01
5.085256403756270860e-01
5.078087973048445170e-01
5.250585855620121256e-01
6.214323910716440524e-01
6.090591413573354096e-01
5.012515134727477673e-01
4.596127783703933822e-01
4.792728633029790797e-01
5.308293730462352311e-01
4.689896518938765912e-01
4.951724305547393623e-01
4.907031817949945585e-01
5.071766858355477581e-01
5.124505536509905701e-01
5.219558716080352490e-01
5.828456747127739312e-01
5.600132524933771894e-01
4.764223136836549521e-01
5.445587590104582487e-01
4.879430652320181916e-01
4.903219154793190260e-01
5.218010342705853288e-01
5.105800141360764544e-01
5.013685371489303710e-01
4.596238560244647608e-01
4.829428473841336777e-01
4.745732899727064247e-01
5.905213208321864471e-01
5.017018019791892325e-01
5.082389984797475169e-01
4.882401505528163321e-01
5.533421547688058828e-01
4.682678523879774124e-01
5.246758959197235228e-01
5.755779964032902152e-01
5.224087278363845899e-01
5.117291420992992057e-01
5.000735614093116954e-01
4.830342417476066741e-01
5.057777678097420404e-01
4.809651546372087916e-01
5.226015433639392693e-01
4.523838246333571900e-01
4.857845463963591515e-01
5.511089311761883103e-01
4.919916374552214533e-01
5.146811637342969536e-01
5.124011155592486100e-01
5.475987179207932876e-01
5.182436180617258081e-01
4.478021631124712854e-01
4.698319318998799843e-01
4.616470828301038054e-01
4.505912078087663253e-01
4.514156013167619497e-01
5.051294090294212724e-01
5.213354325272652190e-01
4.968746856075950680e-01
5.687244135420230773e-01
5.297290203086773008e-01
