4.689604366788575063e-01
4.957239175903218054e-01
4.565504814749342666e-01
4.747726341725027055e-01
5.279373312372074301e-01
4.166659167500127992e-01
4.635805589041188668e-01
5.125295212601596040e-01
6.235545350197078118e-01
4.684365240807714104e-01
5.292045701542834601e-01
4.431486378636915191e-01
5.685690472286745178e-01
5.097401079770049748e-01
5.185214071556383253e-01
5.521050035803055644e-01
5.020036035741428648e-01
5.012289277917114649e-01
4.743627229449524085e-01
4.584492348315560850e-01
4.473339442999562099e-01
5.212565056432648669e-01
5.708023407234693591e-01
5.542982064786489138e-01
4.881262522916809954e-01
5.370700487335047235e-01
4.613538972102925184e-01
4.741494277330739471e-01
4.748000770748219690e-01
4.897422571915662770e-01
4.762744023508017621e-01
5.306001399423418974e-01
4.461750847221991334e-01
5.553855457410077356e-01
5.181224122501878471e-01
4.837047974578386200e-01
4.544048862845133097e-01
4.510566904936827992e-01
4.827678046009333812e-01
5.228467740704497713e-01
5.146689651153966150e-01
4.524563173151550655e-01
5.590318192878058756e-01
4.804682378398393294e-01
5.110438098631677750e-01
4.810559668039697812e-01
4.327383132609690097e-01
5.020088286309227765e-01
4.870746233663500457e-01
5.395120105824044998e-01
4.861165308158135745e-01
5.527123152070025913e-01
5.333757937919518799e-01
4.562892572863618268e-01
4.822919520468536003e-01
4.849677020227616264e-01
5.061715199066564308e-01
4.893686971552729803e-01
4.786510895791359355e-01
5.368557777216973470e-01
5.578439782305413264e-01
5.213827417072566250e-01
6.216116968722661396e-01
5.561486839602871601e-01
5.677019010073791616e-01
5.414360029062857960e-01
5.363241347836487094e-01
4.933285965444685339e-01
4.623385572498944773e-01
4.908611887871856538e-01
5.328107522747090874e-01
5.378147068866991898e-01
1.553855252250549990e+00
5.244777726549944008e-01
5.098576881111559489e-01
5.217720048081786466e-01
5.288640659914618514e-01
4.396017270798934229e-01
5.262861035782764318e-01
5.280443145462834220e-01
5.512319002139142166e-01
4.987764919186446488e-01
4.494142686370595774e-01
5.353239926378124958e-01
5.251270077771492684e-01
5.116769278067814231e-01
4.980599206769687481e-01
5.648003859152264106e-01
5.699655762728912389e-01
4.814974777710916976e-01
4.247729671090944570e-01
5.312301420458404033e-01
5.177380533615040248e-01
4.910227004009017349e-01
4.931696768889601845e-01
5.080132640055784465e-01
5.197749215711577886e-01
5.108711841430262357e-01
4.339826357537626134e-01
5.137419678585752880e-01
