5.230775942604155571e-01
4.860457075105716340e-01
5.296496534842578541e-01
4.935985204419992556e-01
5.159830761408946698e-01
5.639044791816073543e-01
4.836716853470083288e-01
4.583629439026203900e-01
5.027342991563600316e-01
5.215737501192535541e-01
4.962870386590814142e-01
5.341517928156337414e-01
5.071909532177205637e-01
5.376005110930603959e-01
5.130232488870379859e-01
5.106078334377220918e-01
4.228719698106200298e-01
4.926309276352902611e-01
4.529165077435892139e-01
4.979236858046690029e-01
5.017262631564298747e-01
5.454863188209592151e-01
6.042452527428683329e-01
4.608586577016753338e-01
5.445467385943907335e-01
5.416878145701947700e-01
4.896664493627382320e-01
4.488725947422926854e-01
4.718745939591472704e-01
6.053534571020507959e-01
5.200437807879603191e-01
5.108372381882185786e-01
4.995078530404890582e-01
5.291950977174377790e-01
4.598418389096393111e-01
5.038939112477091031e-01
4.748680313929849461e-01
4.740684699479073005e-01
5.259747269312091689e-01
4.705378828131439595e-01
5.072812245761002536e-01
5.096049038650198870e-01
4.758546549619091515e-01
4.744291382579653993e-01
5.427043591349187679e-01
5.364487501178849538e-01
4.672645938653066100e-01
4.662317700920127761e-01
4.949613677020909819e-01
5.154868592207043632e-01
5.465662962514792333e-01
5.318758469931372801e-01
4.894508937221465628e-01
4.681513633804143537e-01
5.006813741388351779e-01
5.583750316862091667e-01
4.921170369907839626e-01
4.998622018333832018e-01
4.875539338246582810e-01
5.121156543395531946e-01
4.908581765648047934e-01
4.605263997830174594e-01
4.839118131466484396e-01
4.902468864849346963e-01
5.574446116611168067e-01
5.361113913539609088e-01
4.966833943555860609e-01
4.952327067829950247e-01
4.926804538856783267e-01
5.437819915303633289e-01
5.915969310552459115e-01
4.795471493597968649e-01
5.110664459149953931e-01
4.753376392434126574e-01
4.386829359128647243e-01
5.795014563148015441e-01
5.082132507323731119e-01
4.914262943478829304e-01
4.764675799462503858e-01
5.030602673654729351e-01
5.281788203222507194e-01
4.402473374195405298e-01
5.328683568639701607e-01
4.648969129941546985e-01
5.108155033840225956e-01
5.206793660622400788e-01
5.244294676873091365e-01
5.089611175529680231e-01
4.412038011807289939e-01
4.570043483339257251e-01
5.165949664838211941e-01
4.942608711742931815e-01
5.158332857983792819e-01
4.890995511467245427e-01
4.879063826346541899e-01
4.930398228674482408e-01
5.022315295373809274e-01
5.922188448280860662e-01
5.021195631989395780e-01
4.677731869467420811e-01
