5.381166532408536707e-01
4.845991245958126137e-01
5.808040089077826096e-01
5.730576678782138833e-01
4.818139442703236464e-01
5.086103609012742055e-01
4.682480054638025746e-01
4.766701566378338528e-01
5.226541130605891761e-01
4.739790464089547184e-01
5.080232590945172877e-01
5.079792949434908111e-01
5.058563188621729712e-01
4.644683914762401389e-01
6.099989559269480832e-01
5.664079690000801692e-01
4.562375214787821043e-01
5.076357774290453095e-01
4.506813173644566017e-01
5.139147238110481908e-01
4.945980408500364467e-01
5.567720979829130501e-01
5.457267461870931591e-01
5.393527763612314674e-01
4.620129071921362240e-01
4.286842627153771290e-01
4.914179449442581671e-01
5.311177762508715317e-01
5.430026997738458538e-01
5.048673114305496368e-01
4.846908005074807013e-01
5.249292606959535812e-01
4.580736987605493749e-01
4.570365565936430619e-01
5.541902767961617293e-01
4.748592011558533943e-01
5.404637660756380635e-01
4.598223873464273304e-01
5.033234239844215363e-01
5.118016669025564624e-01
5.218301050190147228e-01
4.829370018668058817e-01
4.435013322431854421e-01
5.042265409402523213e-01
4.803233730539341328e-01
5.136718321283946231e-01
4.867204134446752040e-01
5.222407848362510263e-01
4.958413234458605157e-01
5.142140793892467920e-01
4.668415419839659908e-01
4.737564403125935630e-01
5.297067278150913161e-01
4.834379353565120274e-01
4.737538132658618562e-01
4.859087733171345014e-01
5.001893622115710647e-01
5.757378633363235965e-01
5.448683406050695011e-01
4.589277902432658540e-01
5.576739148412399594e-01
4.734836022202921768e-01
5.231028898858492981e-01
4.656778465650383003e-01
5.156036785915382170e-01
5.205048623971466615e-01
4.559519211802637306e-01
5.086858683518205027e-01
5.101102527974245016e-01
5.152533523099581680e-01
5.042399890176716415e-01
4.572381267307384367e-01
5.555280790601838659e-01
5.335017923953937480e-01
4.742303415843815428e-01
5.083838383674357253e-01
5.478688937699059958e-01
4.664722811338253838e-01
4.704391296567205227e-01
5.088279351745329526e-01
4.850093437662897355e-01
5.059930189959978009e-01
4.648478319263326108e-01
4.356242815071444952e-01
4.876792442353561907e-01
5.124259172304935772e-01
4.801558562236204475e-01
4.614419031008339389e-01
4.682429158908937294e-01
5.217092999105559237e-01
5.565474215999949292e-01
5.179167469514525113e-01
5.405162654679138701e-01
4.645712584111420518e-01
4.193439463326150141e-01
4.650393039828305541e-01
5.042106155458977446e-01
5.300687551414440257e-01
4.529932684201032900e-01
4.759421579530672131e-01
