1.394406349586270721e+01
1.397316291122672816e+01
1.375384922152412237e+01
1.414423090973121866e+01
1.368586341132077422e+01
1.399711589265126932e+01
1.414450516778912359e+01
1.392138511870774131e+01
1.419420143636988563e+01
1.363404898103272700e+01
1.384551409736884686e+01
1.387228223570037855e+01
1.405982283893369278e+01
1.430398505767647244e+01
1.415239957018248518e+01
1.366191805807958914e+01
1.389206598003677406e+01
1.416935187516032713e+01
1.382616397431084465e+01
1.417818997230764566e+01
1.369168500086960449e+01
1.400496898485658903e+01
1.424550176204390617e+01
1.427571757812775743e+01
1.366142489232723101e+01
1.401986808433620268e+01
1.390726876069975937e+01
1.428309097772847913e+01
1.387676339970034078e+01
1.417124969874613072e+01
1.401536109552026765e+01
1.414490219164384399e+01
1.403605784987361105e+01
1.407517919662785566e+01
1.386365996481445251e+01
1.416226497738143486e+01
1.387997310438122156e+01
1.371649227014933636e+01
1.419076249131524570e+01
1.356396875364357690e+01
1.402650499349046953e+01
1.422712466740709480e+01
1.375231733331301243e+01
1.397939828926795158e+01
1.403452281243042776e+01
1.364566328729904043e+01
1.378213820877830109e+01
1.380974182679555007e+01
1.391088310373790193e+01
1.401157343595379601e+01
1.423541284743510893e+01
1.430737005899166014e+01
1.414838510597192567e+01
1.393972077311308055e+01
1.411962925383058653e+01
1.413588125189355438e+01
1.404018609249884975e+01
1.395039553777532149e+01
1.392720401975016742e+01
1.407611462712605821e+01
1.392449594536991775e+01
1.359821668974502806e+01
1.390071741375382430e+01
1.396054613987873161e+01
1.403428241533374887e+01
1.384632136802555635e+01
1.400195506803153478e+01
1.410037027074983307e+01
1.408321205499026618e+01
1.402242552383285812e+01
1.405272462740821382e+01
1.423625596973366569e+01
1.371412627629662317e+01
1.402187715548754632e+01
1.391050097737707247e+01
1.391659356947572412e+01
1.364771907618130165e+01
1.369769256275403890e+01
1.391587615485200047e+01
1.402919781054236736e+01
1.413437130600155278e+01
1.379056241719490039e+01
1.394943718289632528e+01
1.395853828179506628e+01
1.370485018469964089e+01
1.412659086160661914e+01
1.386719031392900092e+01
1.397630236058399156e+01
1.406711092466411550e+01
1.390326330755945072e+01
1.413346798180731945e+01
1.417854482596699661e+01
1.366606798885432106e+01
1.406803227310507864e+01
1.410644919004048070e+01
1.367889884910667320e+01
1.397810612407294961e+01
1.420636410602343958e+01
1.420820256792503500e+01
1.394558220840985463e+01
