4.689482700496512280e-01
5.008645439404377786e-01
4.869874974204271845e-01
4.930399879149753306e-01
4.562918779259350077e-01
4.919827312696722910e-01
5.357614419032644681e-01
5.128764702610487669e-01
4.463143297824664901e-01
4.845374352914155192e-01
4.988739537198587648e-01
5.836967802271898487e-01
4.556717508124379923e-01
4.904380560842923065e-01
4.645569559151278560e-01
4.761992210955351412e-01
5.063337733006051389e-01
4.664094047295316292e-01
5.449166937283771439e-01
5.173517308064520259e-01
4.659903711839207818e-01
4.362637200153842154e-01
5.268392176468885690e-01
4.919731361188093288e-01
5.093805874587112870e-01
5.250678005023886596e-01
5.074898184697430592e-01
5.341791685786879684e-01
5.200095817153896904e-01
5.390618715711493758e-01
5.449482523302191517e-01
4.734028690978762111e-01
4.970763216444173960e-01
4.663592808328602124e-01
4.904011869650842792e-01
4.610809630746285359e-01
4.423450018995231936e-01
5.098465073941707004e-01
5.117021714658552822e-01
5.325816706526856903e-01
4.990267481347986922e-01
5.068158911490528995e-01
5.256594568651228316e-01
4.701827845467540512e-01
5.137740578919365309e-01
5.370848815377640140e-01
4.532269522019161667e-01
5.057206695505283012e-01
5.177165270607421155e-01
5.217062318974307056e-01
5.399677781083592754e-01
5.423679107310626080e-01
5.080287365336548788e-01
4.851100714579181239e-01
5.336762128210179590e-01
5.165557632617071571e-01
5.400979313080214173e-01
5.448479142396355224e-01
5.576507422974212869e-01
4.722320171046512360e-01
4.978125911943627746e-01
4.517113626888371036e-01
4.807985692221973251e-01
4.873759060015276923e-01
4.513445023988800209e-01
5.007311704759260795e-01
5.426970160936359644e-01
5.417000278634734878e-01
4.975607379277379727e-01
4.785675592679296542e-01
4.448908920866054273e-01
5.100092678155283554e-01
4.967629484776222015e-01
5.380366720474225595e-01
5.080234048206160313e-01
5.212371005025835391e-01
4.785527726493343237e-01
4.832829968869410964e-01
5.414549276804138112e-01
5.050675376864189881e-01
4.778513575861862983e-01
4.808507814909782074e-01
5.348653237420687434e-01
4.731463404528188366e-01
5.220162107063776036e-01
4.890355729284120989e-01
5.429480875657866079e-01
5.103043922256260689e-01
5.700072498361543616e-01
4.622688471146427225e-01
5.486559598638067747e-01
5.394293706930439747e-01
4.287435164421313227e-01
4.642656622088583984e-01
4.905590094914704657e-01
4.392184059792531570e-01
4.838387784324097995e-01
5.366794891407927759e-01
4.565009351227217738e-01
5.386307933863605513e-01
