4.831870734858323413e-01
4.984547166909017446e-01
4.249716924524800099e-01
4.893506906169057813e-01
5.468269941390533351e-01
5.108496814712888412e-01
4.997774749698002950e-01
5.066008046021157618e-01
5.173740303051204137e-01
5.279377305944354948e-01
4.829567884138014633e-01
5.197712781804501025e-01
5.535998596931585025e-01
5.069501130896720831e-01
4.605563818945221932e-01
4.703167915790876785e-01
4.758273189621481380e-01
4.988612314419779148e-01
6.419116482064093354e-01
5.069187054156774064e-01
5.677186147975504804e-01
5.100190491842770957e-01
4.368271771463365094e-01
5.557824266752395825e-01
5.480725241571539064e-01
4.688332410675000728e-01
4.983196880522715588e-01
3.992838644747265242e-01
5.200439207269559327e-01
5.381553041283296812e-01
6.079605602051955104e-01
4.750256236613590866e-01
5.245038579834192527e-01
4.772131071633137767e-01
5.363598567977805320e-01
4.602947746379924543e-01
4.741829637238729189e-01
4.431205168226232671e-01
4.958688759678820945e-01
4.544597594839619448e-01
5.628047188095032238e-01
5.210767306381843822e-01
4.849547625323651912e-01
5.305981044194475471e-01
4.706067052705117382e-01
4.864793522192982222e-01
4.588705959464268735e-01
5.323114389576970584e-01
4.554716326806726445e-01
5.629286672840984052e-01
5.142555199316966030e-01
4.304791916449460243e-01
5.318271921499149180e-01
4.204819311904201551e-01
5.190555199833823963e-01
5.197423499498484700e-01
4.757758901788644579e-01
4.740022521929629362e-01
5.273877270122209193e-01
5.013678722181128533e-01
4.762218411472599611e-01
5.226520491761582621e-01
4.966879130580497681e-01
5.471440320185120276e-01
4.744528377852648693e-01
4.703872719555961535e-01
5.479085680727462382e-01
5.501672083408968295e-01
4.868080411356257575e-01
5.136033070970382752e-01
5.918379411568014392e-01
4.598458389869871654e-01
5.099963020635741584e-01
5.086462388835667481e-01
5.453790932315984996e-01
5.315839265954434012e-01
5.358649939446838983e-01
4.635677922476909019e-01
4.751975834684594724e-01
5.870512041518851643e-01
5.096135563522351530e-01
5.120243244167835828e-01
4.877811869855733784e-01
4.583175821802278338e-01
5.198928584021279553e-01
5.060890850164506682e-01
4.956513687718298034e-01
4.804980311945823979e-01
5.367007546398433471e-01
4.939960259099256956e-01
5.024369891273190447e-01
5.487482111103250126e-01
5.283587515125673928e-01
5.183541862564273739e-01
5.539768684955971301e-01
4.715473823689353416e-01
4.738444717111506832e-01
4.964822082242419388e-01
4.770724169618407728e-01
5.143914370648723366e-01
