5.171659271215514053e-01
5.332113070894085594e-01
5.200260277298853762e-01
4.882079674827353166e-01
4.769474356398052395e-01
4.824113730111413978e-01
5.044048885767489221e-01
5.223228722275901070e-01
4.917766199111110459e-01
5.178144292892966627e-01
5.046460579367711974e-01
4.578754652516838219e-01
5.257860292821402437e-01
4.680409010368990486e-01
4.683215183163281781e-01
5.614794107587689487e-01
5.424927010144975359e-01
5.221904856062765665e-01
5.267725058637420243e-01
5.968921110568755628e-01
4.778506262835142682e-01
4.708991001840038271e-01
4.911261920077163445e-01
4.814753369563830598e-01
4.460634306018717021e-01
5.354563114949587588e-01
5.229361895333501931e-01
5.745815371436936436e-01
4.845288944591356062e-01
5.383609379169279618e-01
4.241122784829392534e-01
5.908562852748421301e-01
5.025446717110289008e-01
4.814160781561590552e-01
5.693837958708454217e-01
4.924500510074820703e-01
5.034798786120328051e-01
4.581031537483842841e-01
4.930874622769995663e-01
4.898515958785702451e-01
5.174656212347231721e-01
4.693236834329529983e-01
5.150509721084784998e-01
4.711163054686772211e-01
4.851371962622385570e-01
4.420699755843647827e-01
5.425618885686677162e-01
5.565189037323623467e-01
4.951437915856700123e-01
4.411820668528111389e-01
5.102332888934673072e-01
4.749856637097522594e-01
5.288581962509795176e-01
4.119914437433401799e-01
4.928706132700061970e-01
5.350666025426686900e-01
5.473843008962343548e-01
4.992884031012991275e-01
5.130998457279851710e-01
5.304696582895835899e-01
5.049748878248191408e-01
4.648726869331563649e-01
5.005565865767923617e-01
5.568020248145812978e-01
5.070793105566738790e-01
5.148122011161231359e-01
4.403115489180255415e-01
5.347314791750060747e-01
4.570800476573220750e-01
4.958624162615888897e-01
5.433217565588325249e-01
4.595564018054044686e-01
5.098805532235352045e-01
5.979973465034145175e-01
5.175133189931976352e-01
5.151410132597619151e-01
5.868621971480564303e-01
4.494275688894736609e-01
4.569670380453088598e-01
5.036114544683177874e-01
5.241791955425212368e-01
4.584989139231923638e-01
4.390887705952080666e-01
5.319901397666506604e-01
4.663715495128089028e-01
4.982004140196203412e-01
4.285139888319302592e-01
5.039271009156738312e-01
5.556149240515316778e-01
6.287164284826693983e-01
5.405635954225767037e-01
4.696415825571942926e-01
5.299789569760091634e-01
4.388243561754417432e-01
5.469835367211268728e-01
5.691483968192109222e-01
4.745469116645757990e-01
5.002393788727401702e-01
4.957330911532735751e-01
4.989542747110102261e-01
