1.052203368320262200e+01
1.006358338833127597e+01
1.131758629783409731e+01
8.318821858238036882e+00
9.407117530801807348e+00
1.075697500145648533e+01
1.063679843871397424e+01
1.019396657071799162e+01
9.459221950547558322e+00
9.915992703296415911e+00
1.024479177509980410e+01
1.138376397066218892e+01
1.124618808916334167e+01
1.022640868532775649e+01
9.863437894387342197e+00
8.877427573692759921e+00
8.948847979275651454e+00
9.902378154264917853e+00
9.356227487411596044e+00
9.454092938142585112e+00
1.052645348221851229e+01
1.137133746384568944e+01
1.052985004760561161e+01
1.133298709183063124e+01
1.054570642538888059e+01
1.119973620542738146e+01
1.022689733759543529e+01
1.051233760588456256e+01
1.129627258742292994e+01
1.046694360853599193e+01
9.369629211318009965e+00
9.470376653878913586e+00
1.031423088414597800e+01
8.466363505535003497e+00
1.017300356938114980e+01
1.059006213113585027e+01
1.055464998422938727e+01
1.068915332500654713e+01
9.495828983147816871e+00
1.034721848264042521e+01
6.474951993960837093e+00
1.037916955709030198e+01
9.167283025200731572e+00
1.037846705371915057e+01
9.387999297034344437e+00
1.047695127553855166e+01
1.064616116884815611e+01
1.104865542994978966e+01
9.399361777669339446e+00
9.446902034404946136e+00
1.007567314914843593e+01
1.009064926992003919e+01
1.036809064082326337e+01
1.109029286449563045e+01
9.413951840583891340e+00
9.455264928425702209e+00
1.017257629271174757e+01
1.180840912723153480e+01
1.161824139837068515e+01
8.923685567308025313e+00
1.015961320287369318e+01
9.618012056934821530e+00
1.223614943701598357e+01
8.597079047216956482e+00
1.024902451311942464e+01
1.131394101008789121e+01
1.065787168212445124e+01
9.424272866667896764e+00
1.082011778108472200e+01
9.467533324725112109e+00
9.404016987980746478e+00
1.136946037427015455e+01
9.741339870960450398e+00
9.969236567649723213e+00
9.405415044908124855e+00
1.036713050932988267e+01
9.939814413898675483e+00
9.733849285774709870e+00
1.064725688289698446e+01
1.145471436088820383e+01
1.137902064262001467e+01
1.144637425301377753e+01
9.583964472123033929e+00
8.447369847330365999e+00
1.036017337725384557e+01
9.048315483454956620e+00
9.789484959790286212e+00
1.064390102357973511e+01
8.379538120146031943e+00
9.736478589398277705e+00
1.178313114330717504e+01
1.132864298480840048e+01
1.050290646313977483e+01
1.020729432805047665e+01
1.066221085737799790e+01
1.047428612890138666e+01
9.353157190871343118e+00
9.729227571061089819e+00
1.066477742068159884e+01
1.112380426031040770e+01
