1.040089511372851128e+01
1.046262980850376323e+01
9.886762093491608283e+00
9.700299607222779841e+00
1.028691168217719287e+01
6.406790075094612291e+00
1.057200670716524193e+01
9.702080636173635142e+00
1.032574759183748370e+01
9.423536196699810574e+00
8.526087376193867584e+00
8.508654449410059328e+00
8.351863517122566805e+00
9.310922524980066228e+00
9.357683293140924619e+00
9.396965292449243279e+00
9.738748855125843207e+00
9.000728384427542750e+00
8.477214378591503063e+00
9.641021797164967211e+00
1.027736436471804105e+01
1.052732461705234712e+01
8.417834330074283500e+00
1.030623774999890685e+01
1.035717491181818417e+01
1.024651967203346281e+01
9.587712947091246107e+00
9.089059418120468692e+00
9.425907889596818023e+00
9.602599884648366668e+00
1.049044181150782862e+01
9.359796598019240577e+00
1.018480667082625857e+01
9.271257833657887915e+00
1.006714153437298087e+01
9.698597741469825451e+00
9.877526135343353886e+00
9.360266511842226578e+00
9.964904636787080605e+00
9.380760535993607263e+00
1.012788972347322058e+01
8.566068667919269686e+00
1.038586210045336777e+01
9.613293966550301661e+00
9.275350856993956228e+00
9.198050119544280534e+00
8.428851262249105858e+00
8.871773607632370329e+00
9.317089816912744737e+00
9.147288079837577968e+00
1.060710683919240438e+01
9.434886946431499055e+00
8.402882009568303445e+00
9.540364483599597989e+00
8.378920701260035742e+00
8.500585873299389306e+00
1.003487153888585404e+01
7.467837900725926126e+00
9.286668679799269910e+00
1.096599450382118590e+01
9.210016734764977286e+00
9.399376729973271338e+00
8.433634682658244230e+00
9.559369323521901052e+00
1.019999225848332891e+01
8.358385232803454912e+00
1.036414706254899620e+01
8.399812951407319872e+00
1.031449175870920065e+01
8.590776967221215088e+00
9.739566600646066163e+00
1.024998416363145992e+01
1.090443280528334746e+01
9.322112369298810819e+00
8.433269890989409490e+00
9.858979342547080194e+00
1.031747623589105700e+01
8.422066566185803183e+00
9.441646087509612428e+00
9.360240246886259996e+00
9.902048727628233848e+00
9.484716413727838358e+00
9.406481984691279052e+00
8.623863895800331747e+00
9.234834141498513560e+00
9.275330076625088793e+00
9.346868080691097092e+00
1.041804394820848323e+01
1.032380975153145286e+01
9.476195702193910719e+00
1.023585556078996817e+01
1.036799069758757064e+01
9.593675265569755695e+00
8.483059366677856872e+00
8.561482645445723350e+00
1.024100488540762655e+01
9.015346068938194790e+00
8.314340662579542851e+00
1.030339972737420773e+01
9.230853239440261149e+00
