1.035358210793816980e+01
1.011699265595419028e+01
1.016030843612496248e+01
9.439667286552047898e+00
9.453539548317186458e+00
9.428174149380001978e+00
9.230827507595293469e+00
9.422558206740257347e+00
8.672752571821039425e+00
9.325657895860354429e+00
8.335825594625525525e+00
9.400586044027820165e+00
1.012296011698564513e+01
8.441331172654507498e+00
1.029909915011883115e+01
1.026285177849595520e+01
8.442469304527524088e+00
8.484700720289575671e+00
8.651074774141289225e+00
9.015486501185558055e+00
1.012735447638454644e+01
1.047571880743556427e+01
9.351147225428864118e+00
1.038834336825736493e+01
9.537006427082140192e+00
9.358533357673579189e+00
9.358713268583631617e+00
9.506890097522623151e+00
9.463763145042072722e+00
9.191734385191153933e+00
9.437511182282497302e+00
1.020078951279983848e+01
9.958164370430873547e+00
1.008322286539261903e+01
9.350376222575036422e+00
9.193251382199665755e+00
8.481960017669916141e+00
1.028446517864528431e+01
9.424278543001895159e+00
9.276723126401162034e+00
9.316865518383792732e+00
8.504419434482976214e+00
9.416847946507328260e+00
9.207457382191218898e+00
9.170244972838899500e+00
1.051192472807038847e+01
9.276557793243771499e+00
8.558431093741461382e+00
9.780531881437749320e+00
1.001988435408819811e+01
8.433709919072219563e+00
9.436013268675960575e+00
9.363035016551538803e+00
1.022209360271903833e+01
9.371773556263541138e+00
9.232897269664206874e+00
1.083315923283363347e+01
1.016811250487324614e+01
9.505370360784212380e+00
1.019975777772318182e+01
1.010352782493436585e+01
1.026485597869668531e+01
9.352446055868691488e+00
8.869551740615671420e+00
9.418203417331350025e+00
9.462865806709521266e+00
8.480397645675214591e+00
9.359847525524473966e+00
1.040497892390310497e+01
9.637070560593214097e+00
8.463006154699542094e+00
9.621112199277156662e+00
9.407454286475271488e+00
1.001394112318662799e+01
1.019770952915186690e+01
9.403257651518622140e+00
9.570810137136827933e+00
9.537234031857238392e+00
9.411582333734495265e+00
1.032764123714844473e+01
9.544626536186049393e+00
1.015868948919263026e+01
9.460799185207379836e+00
1.013996442296668832e+01
9.523765314122284664e+00
8.401656415452452009e+00
1.045045877703087633e+01
1.054448438580563518e+01
1.027159061404907980e+01
9.251601208750015459e+00
9.422897905365948290e+00
1.028520165611624648e+01
9.332349467088368655e+00
9.371573331796884787e+00
1.038290082244843227e+01
1.019894124226974697e+01
7.444915651300600068e+00
9.390919611221558938e+00
9.438580083864207992e+00
9.330395870691049254e+00
