9.914122363327319221e+00
1.137479050042121109e+01
1.046723823633049477e+01
1.107904987443865785e+01
8.448636582761128722e+00
8.686214420392515123e+00
1.042111567566585428e+01
9.863550241128930196e+00
9.979821728383399204e+00
1.038479521907722081e+01
1.066396445843025198e+01
1.031777787204076446e+01
9.867465072660408509e+00
1.067409856496800735e+01
1.072436872161568822e+01
9.369188647995819963e+00
9.404094739832148164e+00
1.000020231914595747e+01
9.117997060825899780e+00
9.694715817604953045e+00
9.423313685296802689e+00
1.110496126334054878e+01
1.108281356491497860e+01
9.313654292133110246e+00
1.015993998470075432e+01
1.000906009085162651e+01
1.039537858900959222e+01
1.016153902366160544e+01
1.031302194847740417e+01
9.862683578181759003e+00
9.449198411359459371e+00
8.600336258434603920e+00
1.036340468116991254e+01
9.435179621702708630e+00
1.157798176830857706e+01
1.105894710315134688e+01
1.084096843613066241e+01
9.246328464140827208e+00
9.418270607042762421e+00
8.467889754602701657e+00
1.005760264889029365e+01
9.202473369763223943e+00
9.392188947400994081e+00
1.144151812193212514e+01
9.370630653784436603e+00
1.063291024381046590e+01
1.090941675110728681e+01
9.411175053379505329e+00
1.132900635745422058e+01
9.704906825698502715e+00
1.001411583315233678e+01
9.641034507588688740e+00
1.035388744978338416e+01
9.502416777211813326e+00
9.022405086707395938e+00
9.350630406561410979e+00
9.345570465313262076e+00
1.012036484428805849e+01
9.446398035025302065e+00
1.028489520659956646e+01
1.076059121147184783e+01
1.026876314374072408e+01
7.618000705392055316e+00
9.349675071022165440e+00
1.109112755765593938e+01
1.101246093530607517e+01
9.379121820426501444e+00
1.031265585829212483e+01
1.116842542676648797e+01
1.035752919473215705e+01
1.044463356037934609e+01
9.127459178545827001e+00
1.082038234225075968e+01
1.033014442805348665e+01
1.003033857456521893e+01
1.077791593326125508e+01
9.143091000088496401e+00
9.386417636407058396e+00
9.431244338116361092e+00
8.389388327545805879e+00
9.863742504774650754e+00
1.033141566290017366e+01
5.444921133545356895e+00
1.032651578194598763e+01
9.487343261579507470e+00
1.066055296052958390e+01
7.474490028351302051e+00
9.434870062733793361e+00
1.103094453762185090e+01
1.041810680805851064e+01
1.039900318276957236e+01
1.009975158209134172e+01
1.041574942635793199e+01
9.601553863011105250e+00
9.623064904687472776e+00
9.920059795762156796e+00
1.039313607070172729e+01
9.817623126104662035e+00
9.931435099707977443e+00
9.685618098562589040e+00
