9.504460515242506347e+00
1.038164456185370099e+01
9.427915419405128006e+00
1.050619457142202862e+01
9.130980733419974626e+00
1.039398433651732567e+01
8.575678806317954539e+00
1.021409948135976187e+01
1.041993485652285223e+01
1.038787735040314608e+01
9.927008928174611668e+00
8.657338968531862022e+00
9.164966627515749309e+00
9.363721803440588687e+00
8.443881992893640387e+00
1.034298913727135449e+01
9.659275660332507840e+00
1.048872292321016886e+01
8.390483949403984454e+00
1.030812634625731050e+01
1.042705393640462930e+01
9.519860351538039112e+00
9.437343340213359966e+00
1.009287637094343459e+01
9.975601818999999537e+00
9.712819030379192142e+00
9.754389605332246305e+00
9.471536049436156901e+00
1.109819931860073794e+01
9.437460847016003740e+00
1.031324476002927071e+01
8.789543843476694818e+00
9.320027086501424307e+00
9.719001795815787048e+00
1.032317747755386783e+01
9.272636779646871830e+00
1.041067942037473770e+01
1.048553571986206912e+01
9.545325250075478607e+00
8.362180499956759050e+00
9.906045105666732908e+00
9.490115934031171818e+00
9.788430046047071897e+00
1.033562677159675403e+01
9.431774745775319602e+00
1.018072915409901746e+01
9.248052291276680492e+00
9.363345369532613205e+00
1.036240809145441943e+01
9.876088573094857992e+00
1.009193996458038178e+01
9.154865552837707199e+00
9.602615806039684898e+00
1.106479947812817777e+01
9.413317749289470626e+00
9.377480808148654035e+00
1.032580917961260347e+01
9.496977032638708849e+00
9.233416016743898780e+00
1.004305373163672499e+01
8.533832116761947972e+00
1.075011981252045068e+01
8.472140254285747574e+00
1.057758272222820395e+01
9.117213420195094287e+00
1.043501280434384171e+01
8.889180193989449918e+00
8.205663522959971701e+00
8.606949534145678982e+00
9.385843157533205527e+00
1.013261004318152558e+01
9.884188189414569337e+00
1.051010006315345002e+01
9.657722583898793900e+00
9.560802094334503565e+00
8.611258579019372306e+00
9.228423808547761453e+00
1.012371730812774295e+01
1.089322009047108608e+01
1.047792467203794864e+01
1.043749893657597383e+01
9.425270915070569799e+00
1.040909527753848529e+01
7.373413891569962964e+00
9.972915607869730081e+00
1.002358244860466918e+01
9.316276906628964127e+00
9.406820050751072415e+00
9.555984260151427989e+00
9.491562371069038662e+00
1.024067918507280872e+01
9.403476531457760856e+00
1.089458039865525585e+01
9.447558201749856721e+00
1.012289195402440356e+01
1.015784233468069075e+01
8.383984003525394968e+00
1.027367697716854522e+01
1.099189669053288476e+01
9.016599317596345031e+00
