9.214591326387351344e+00
1.015585825816440391e+01
9.415870205473217069e+00
8.431779069523365422e+00
9.105675847239881548e+00
9.888644584587783726e+00
1.047388421143197768e+01
1.045601123003946675e+01
9.438795913821389050e+00
1.048106663987365472e+01
9.176014030193156756e+00
9.441042692442554340e+00
1.128277121737560762e+01
9.403288194562655633e+00
1.100479867637794307e+01
8.760398066002611728e+00
1.044096290582867681e+01
9.018084130092798745e+00
1.143467979756445096e+01
1.039024422327209862e+01
9.394911176726324697e+00
1.033733700291225510e+01
1.016811495270338739e+01
1.039218374563658465e+01
9.157993271334055052e+00
1.008305534545343995e+01
1.015212479819557956e+01
9.603656384347715402e+00
1.037629588912414746e+01
8.465271626762449486e+00
1.090858256789712577e+01
1.020616487329344579e+01
9.946130838116257422e+00
9.314769889588161433e+00
9.790630526803669298e+00
1.026349470127398256e+01
1.036405998999289046e+01
7.385725222964552472e+00
9.305733765252750089e+00
9.184204748804425833e+00
9.415018419296039554e+00
9.397751206902995591e+00
9.817778991736954453e+00
9.362404427724086986e+00
1.028588140446455590e+01
1.016173177809547923e+01
1.034063172545781484e+01
9.474900166310829874e+00
1.081188056969747180e+01
9.417263391084675916e+00
9.918794607838904653e+00
1.036139112344674373e+01
1.117859647872904283e+01
9.265282933955722555e+00
1.032352166779071290e+01
9.416567796543397151e+00
9.402293656918962128e+00
9.961135848463047893e+00
9.404320310633405455e+00
9.532170674241013941e+00
8.804563409286421560e+00
1.121590935038358516e+01
1.002390958688483735e+01
8.398440143370850208e+00
1.090232861119352137e+01
1.028747457956887423e+01
9.807732982508856168e+00
9.776705831910057043e+00
1.039042885463796573e+01
1.138275330008745989e+01
1.090962379788817493e+01
8.396503874072964280e+00
9.491068275762382100e+00
9.503870415154574758e+00
1.008680696626192663e+01
9.548370231167833566e+00
7.479840807514663403e+00
1.001148238372894639e+01
9.738394785655627217e+00
8.443392471952702039e+00
9.311997848271076350e+00
8.547414469981225338e+00
9.205959329834985994e+00
1.047286096216040896e+01
9.169500757620534515e+00
9.427298993384324532e+00
9.919021753993549240e+00
9.268926174791658923e+00
1.125757723810287558e+01
9.433569227013631320e+00
9.464493857885807770e+00
9.524489843726872351e+00
1.096821089714929975e+01
8.403597860210961557e+00
1.037514259427118724e+01
9.940589894683165895e+00
8.447309163531986798e+00
1.041426916643079537e+01
8.631785177508495721e+00
1.115730055399112075e+01
