8.921352424465172959e+00
7.659102534785604988e+00
8.475651639277691274e+00
8.390518000669144882e+00
8.497108063143489431e+00
8.740360538316139127e+00
8.456846804439440035e+00
8.713332391404183142e+00
9.184950637217472291e+00
8.530669116858968337e+00
7.547601206422108966e+00
8.751329648843958253e+00
8.417107792834837454e+00
8.339250283669164432e+00
8.358403296058041221e+00
8.408324236060051859e+00
8.404420894118247887e+00
8.472646085781258662e+00
9.350314145049535952e+00
8.381101309438731661e+00
8.728485755121255352e+00
7.463291218317307241e+00
9.403423016667627365e+00
8.396167610765743916e+00
8.386349931049011275e+00
8.945930148838842300e+00
8.415599639507760799e+00
8.667525829334806531e+00
8.702113550402216902e+00
8.204975651899612643e+00
8.535945175706199706e+00
8.465129095783986202e+00
8.475924073538633863e+00
8.436658792452329081e+00
8.461333467062043923e+00
7.362056167113080640e+00
7.497623526868797406e+00
9.379129676778354963e+00
8.374696384532201776e+00
8.421380219405664391e+00
8.382659883466635264e+00
8.465128082546309329e+00
8.361022149977685558e+00
7.577939683642320290e+00
8.471824874053007548e+00
8.405763756788209307e+00
8.978062780858596881e+00
8.564546440054758847e+00
8.412042364748515411e+00
9.330162776053425588e+00
7.603169058488292720e+00
8.461170929764081805e+00
8.808719967672816509e+00
8.489804620968943283e+00
7.649663116226941284e+00
9.242057485870510902e+00
8.418599960965838847e+00
8.555258103869052277e+00
9.150938137392788718e+00
8.445497569542741445e+00
8.544030963967362169e+00
8.597433937107693325e+00
8.456641938509486423e+00
8.158533399775201644e+00
8.354975753640424330e+00
8.362267387321191237e+00
7.492357477820440259e+00
8.687635509559463287e+00
8.402053798770928950e+00
7.360609793262402611e+00
8.342806098381517543e+00
7.449465082691983930e+00
8.594729147474598818e+00
9.140663735710520044e+00
8.409822634232863692e+00
8.382940347239474121e+00
9.328233262204710385e+00
8.477641310974064481e+00
9.188658124197988997e+00
8.381500729094407021e+00
8.460458735103587813e+00
8.411275181839263482e+00
9.136557042159513031e+00
8.364930749792531373e+00
8.513341043691672994e+00
7.748157020572300269e+00
8.639907639250306914e+00
8.282487267792459917e+00
7.579968467104522212e+00
7.835013961618692235e+00
7.572758361650194558e+00
9.325453536497098739e+00
8.368420449992511223e+00
8.370263590763952877e+00
7.262878565087026672e+00
7.818407066203865163e+00
8.635765617668637262e+00
8.468597161334630030e+00
8.894703284752113248e+00
8.407462370562866383e+00
