8.408989665765925992e+00
9.270352344867465177e+00
8.470668806215318369e+00
8.957521710729281494e+00
1.026177846937667582e+01
8.349970818607676648e+00
9.609792759948776464e+00
9.354208268305535867e+00
9.702413496553774053e+00
9.418674705528539803e+00
9.793956307910123726e+00
9.488861776035180995e+00
1.020904354973676753e+01
9.398781987780971292e+00
9.283703665762322643e+00
1.033398170682581529e+01
8.496476675002169188e+00
9.583357183788255185e+00
9.701279060140135968e+00
9.451537127032109353e+00
8.512605874012596274e+00
1.015539214748734942e+01
9.557114712071198781e+00
9.368382306993504827e+00
8.972885921380981955e+00
8.389835310024116311e+00
9.348705656414987075e+00
1.001555737207146635e+01
1.028918276935774045e+01
1.035717554169204746e+01
9.399472148053252596e+00
9.403842190601217510e+00
9.246704701521323955e+00
8.753229424431383521e+00
9.379227369050783025e+00
9.083819114185958554e+00
7.472586161438538710e+00
8.951500378253498980e+00
9.412931160159365263e+00
1.023923455641958391e+01
1.037690621363665500e+01
9.432434951013968671e+00
1.007010142465946423e+01
1.026344201576016602e+01
1.082695826771535330e+01
1.024559306439820716e+01
1.024711188398118367e+01
9.547860801796241859e+00
9.445664784393262181e+00
9.901219219384378434e+00
9.361641925146024334e+00
8.845758386344197532e+00
8.539754235643405522e+00
9.714922319759455860e+00
9.418190295463158890e+00
9.458379591193674329e+00
1.010031170986210292e+01
8.390260090896775935e+00
1.028742587465910141e+01
9.366088301062459820e+00
9.769623595142949313e+00
9.426541784870293483e+00
9.661105514682581941e+00
8.929260377822529904e+00
9.421851354324466854e+00
9.891308460443417161e+00
9.338845385337146254e+00
9.375908272833923363e+00
9.398468161604515814e+00
8.495570418639530885e+00
9.955282701009222635e+00
8.016197061017390268e+00
1.042653490003133854e+01
9.332792859487083703e+00
9.895471207341669739e+00
1.014487711383777757e+01
8.380476461609365657e+00
9.529132751651445687e+00
9.798002796366784395e+00
1.020239162123761645e+01
9.313116223525637949e+00
8.424293934691302610e+00
8.420220707640051927e+00
9.418444076953949917e+00
9.494160037964801901e+00
9.384715873514020146e+00
7.423356475247870456e+00
9.502561437703558767e+00
9.358466631451220152e+00
8.634552794620313776e+00
8.383243748795294437e+00
1.032645396980015029e+01
8.816966275500016437e+00
9.641533104408926746e+00
8.944630383764717863e+00
9.084756225034677612e+00
9.411974271276610793e+00
7.453222431268605064e+00
9.567771288446598632e+00
9.349459612757090810e+00
