9.961542724740381161e+00
1.064114573383566764e+01
1.040330482486774244e+01
1.038547978988706255e+01
1.021774649854721417e+01
8.663777496131391587e+00
1.156867657498390933e+01
1.028232323521872082e+01
9.339365421251057953e+00
9.532617257229432539e+00
9.363353588961027540e+00
9.726004282958419012e+00
1.114676734716917927e+01
1.040458886000239502e+01
9.414318504272440435e+00
1.014656972100768506e+01
1.123586180107684918e+01
9.057417798951060917e+00
1.102180150407308723e+01
1.036270113588086517e+01
9.537333331907779765e+00
1.025650111737605030e+01
9.384852782143418892e+00
1.036301314680319052e+01
1.000060727717014686e+01
8.461629467681714090e+00
1.054817112578991889e+01
1.016960256463942258e+01
1.044146138119096179e+01
1.036588921058384649e+01
1.034121792412703655e+01
9.514308517662177778e+00
9.586277590392446868e+00
9.514443919370243918e+00
1.056560103711633047e+01
1.027150863407644010e+01
1.034486864857755073e+01
9.428697765143301268e+00
9.432609743260968571e+00
9.413208885253071756e+00
1.077686989051106714e+01
1.126891035431284926e+01
1.148313282183722706e+01
1.019028631747361402e+01
1.030599719585901397e+01
1.036669031193816082e+01
9.450568812464398505e+00
1.030108205407823618e+01
1.019998779846840442e+01
1.086077171173397460e+01
9.261729893159365901e+00
8.769563351443098398e+00
9.762143055453256224e+00
9.333934291491349455e+00
9.370686059543917423e+00
8.960585761975401908e+00
1.095507488333864643e+01
8.445355416498815160e+00
1.039329789747027810e+01
9.610902133336240993e+00
1.096243547249939532e+01
1.037960239365369119e+01
1.141350534575548892e+01
9.375922968716238870e+00
9.987158355605984639e+00
9.245540626120593686e+00
1.032953930183232671e+01
8.816588798418404593e+00
1.049126835615687270e+01
1.030173589628733488e+01
1.082611623140044266e+01
1.120070406056138523e+01
1.020406158724158452e+01
1.034922201549569110e+01
9.341061449285216867e+00
1.093674207450431091e+01
9.440556966397251060e+00
1.024690605740181226e+01
1.031987576987653554e+01
9.486953900983255750e+00
9.239062740306984267e+00
1.128505462822419325e+01
8.959527592821071806e+00
9.540741256019963146e+00
9.198444783002887704e+00
1.033487882626392818e+01
1.004452901172313695e+01
1.035913863652304556e+01
9.432129750395921164e+00
9.336969843940952529e+00
9.707130269987851889e+00
1.029468992537453431e+01
1.110790383919724356e+01
1.090646075935844372e+01
1.034898186755499871e+01
1.122324567421669528e+01
1.045974454887458194e+01
1.037746774965740393e+01
9.383041618944488960e+00
9.378269947401065565e+00
