1.115638190911831096e+01
1.098122368459338638e+01
1.207974813655263802e+01
9.958894520985387189e+00
1.152550729583166778e+01
1.060500700210336156e+01
1.084693886790695316e+01
1.148970837341371798e+01
1.026413419470319077e+01
1.188262615225650265e+01
1.081085603358152269e+01
1.150685488059832728e+01
1.109319241061801442e+01
9.759580999039748406e+00
1.099340994442792585e+01
1.058065963448905578e+01
1.043663155348325233e+01
1.128285676694713047e+01
1.121281924534923036e+01
1.053376365917153912e+01
1.059767074652753394e+01
1.035578057017949760e+01
9.297368073942058331e+00
1.217652767551311044e+01
1.022596666893275952e+01
1.044383855921477711e+01
9.329861497275388160e+00
1.112931960464541881e+01
1.115084208621548356e+01
1.211768296061585559e+01
1.105805952537195225e+01
1.120944433621898639e+01
1.105910291961324354e+01
1.035199815201197282e+01
8.397654185387507297e+00
1.031069589796545571e+01
1.098119303599917984e+01
9.457818813736265540e+00
1.145597981799965837e+01
1.066156355711334847e+01
1.172305030132469383e+01
1.030899981136363941e+01
9.548988649112068572e+00
9.400547172693457298e+00
1.130906712562306993e+01
1.028624186541018481e+01
1.018554526315544351e+01
1.144613089268206885e+01
1.100490314070054332e+01
1.046466134219057587e+01
9.675945330453844306e+00
1.047177035682667068e+01
1.134985106759425477e+01
1.147399765515346814e+01
1.123498716707113587e+01
1.061704030281868860e+01
1.085078457684494602e+01
9.000989292034873301e+00
1.116833303983499981e+01
1.182782122248959666e+01
1.082159951638395690e+01
1.135882744532934829e+01
1.117892084211284676e+01
9.979667528424648992e+00
1.088942427088503706e+01
7.399917244037175657e+00
9.289650188725298463e+00
1.221596247292649728e+01
1.046613517247713254e+01
1.132135441925178831e+01
1.184409905795745210e+01
9.321436665658927367e+00
1.143371253572005664e+01
8.468628237635376976e+00
1.122304175896158718e+01
9.520819130313167733e+00
9.955297257179891446e+00
1.115492863269070511e+01
9.406258354750320905e+00
9.509862807998688439e+00
1.174363031272820024e+01
1.076310195798194513e+01
9.676538681142002218e+00
1.039201798159232837e+01
1.067478446430220451e+01
1.037036152907198527e+01
1.044381819905735043e+01
1.088399808577858074e+01
1.209226728104446202e+01
1.001640053107847450e+01
9.262321096973979095e+00
1.098052444836256392e+01
1.082946059847191655e+01
1.040811027620508256e+01
9.431040823621687608e+00
1.037405142719935114e+01
1.047957426223097066e+01
9.910714471802730685e+00
1.036661193020734828e+01
1.031778665555154362e+01
