1.058856659405106448e+01
8.404482888296890053e+00
1.072939702040472021e+01
1.126982809063911262e+01
1.116647279368780055e+01
1.042898769805585424e+01
1.060131810105841232e+01
1.104502731375838920e+01
1.043852988897647904e+01
1.023087403001337670e+01
1.089972306703032956e+01
1.147489606834199449e+01
1.023161952470090519e+01
1.046032836665449217e+01
1.021428227542960521e+01
1.242568802771785741e+01
1.063694848093603440e+01
1.117192628690491851e+01
1.025159905136621852e+01
1.019819383468695762e+01
1.038088002667529963e+01
1.042550818482655295e+01
1.054160024699480047e+01
1.070000309685697459e+01
1.049459327340031045e+01
9.374391045825392510e+00
1.148951814567700680e+01
1.118982703653051836e+01
9.206472506682921164e+00
1.018127002156216854e+01
1.133447906419237228e+01
8.499091482298615219e+00
1.197172542388065608e+01
1.190323827167068593e+01
1.197605710264631540e+01
1.100291277081339558e+01
1.007982044903081231e+01
1.161136051966201244e+01
1.047626963969298686e+01
7.391849556778995911e+00
1.093183683036759213e+01
9.319129921462268484e+00
1.135969581603847800e+01
8.190050643936878316e+00
1.025007081227136041e+01
9.622389230004507965e+00
1.116841123832198157e+01
1.085021776416039430e+01
1.065117623034631400e+01
1.115534403569128585e+01
1.071048512054515278e+01
1.116542617911461832e+01
1.171831484167541504e+01
1.214711255194421646e+01
1.040391801287979767e+01
1.039340168852083046e+01
1.041200600895840189e+01
1.016265449209322114e+01
1.102320523578486977e+01
1.054294866707891920e+01
1.073834056539006632e+01
1.034944126275271259e+01
1.141580845287639789e+01
1.024796298670048778e+01
9.687541516399251762e+00
1.068760265325477654e+01
9.654200690135105845e+00
1.076068998886684902e+01
1.068981450406697320e+01
1.158553440889520303e+01
1.033958935935451962e+01
1.028370943840300633e+01
1.046265427456565433e+01
9.333271222771747588e+00
1.069405227856850082e+01
1.142208457427444479e+01
1.057375552751962644e+01
1.185895469521081047e+01
1.038300469008017934e+01
1.157743543345164206e+01
1.173422503218085389e+01
1.143855394791039970e+01
9.326033304631767606e+00
1.037271362613755166e+01
1.105824935817273236e+01
1.037447902021792245e+01
8.851356866557440028e+00
8.449710408972437747e+00
1.129617009433442831e+01
9.349128653556791235e+00
1.000976186031710924e+01
9.943244422023404638e+00
1.051540040938664511e+01
1.134839082487472162e+01
1.077249595685137251e+01
1.113065979768692060e+01
1.125625479147803354e+01
1.046040410947080090e+01
1.136248979588898855e+01
1.152228380527250451e+01
