1.138218821437287431e+01
1.128862001405614990e+01
9.434154597414869059e+00
1.112917451625217069e+01
1.049895496306903020e+01
1.141772156140885741e+01
1.220062833252615597e+01
1.069356621176424227e+01
1.045272030233154048e+01
1.056437163845149030e+01
1.034049397919040558e+01
1.180502969681589853e+01
1.127526813215742507e+01
1.306942503855209914e+01
9.885048030025384236e+00
1.167608636249079268e+01
1.121396573514638106e+01
1.253501763921174650e+01
9.664307428534558042e+00
7.401924259963373665e+00
1.145334276964620734e+01
1.098379837055337660e+01
1.265239951531897589e+01
1.135570186438329010e+01
1.173108984799925736e+01
1.217766288402558494e+01
1.235459459619100642e+01
1.226376132545798647e+01
1.248453337862750523e+01
1.099173421390263172e+01
1.256680562627192899e+01
1.166794269765343728e+01
1.100209062124047144e+01
9.383159519140557236e+00
1.135483836000496538e+01
1.156811092136249286e+01
1.041852055313664493e+01
1.110126625145176682e+01
1.260403261570629141e+01
1.243697517159711374e+01
1.147849075549848230e+01
1.031564598200349714e+01
1.028685333686702386e+01
1.306013614572890624e+01
1.042614697061402751e+01
1.153436758203660162e+01
1.193204045950199976e+01
1.189717279155754248e+01
1.153357950308594582e+01
1.169155309983152868e+01
1.106430562279489749e+01
1.272775939841939596e+01
1.117802819105449608e+01
1.042646825408478506e+01
1.102443377992594087e+01
1.039952766852525556e+01
1.179899334177037140e+01
1.215930185923106244e+01
1.127248999251892059e+01
1.135878502664093936e+01
1.019204954761313076e+01
9.456804026563904841e+00
9.741815919915481459e+00
1.033557178080549477e+01
1.112219759854992063e+01
1.126220720497963690e+01
1.045822255835812697e+01
1.228525469545652093e+01
1.067831170351930226e+01
1.238897913990491695e+01
1.217969112898824591e+01
1.006027444411907013e+01
1.213439073901669474e+01
1.146175555269885926e+01
1.235321731288803448e+01
1.152639675687184706e+01
8.420280881479845547e+00
1.012155102427456832e+01
1.247476025995684523e+01
1.114183829714271745e+01
1.127467589577476126e+01
1.211966540568184492e+01
1.245268011645123707e+01
1.237338320360093213e+01
1.139659565134685160e+01
1.200550894395738233e+01
8.326382474444097070e+00
9.477995953098275805e+00
1.227805439695954348e+01
1.240297631530982514e+01
1.232306667280039569e+01
9.324947705578823687e+00
1.332140137216011411e+01
1.139703373358949001e+01
1.029342337498569471e+01
1.228498378844415306e+01
1.253863641112016758e+01
9.638346488723858130e+00
9.948086302511251588e+00
1.166062316796546305e+01
