1.129409669712747721e+01
1.014884231863235620e+01
1.004644929280097010e+01
1.024484653851036420e+01
9.798138851876172950e+00
8.443527469503280258e+00
1.112577281473170210e+01
1.121611770849206913e+01
1.131148729798389141e+01
8.467587489762566477e+00
1.115988919184046324e+01
1.064913153055519679e+01
9.345363820977366842e+00
1.040351006811240175e+01
9.988840474879477682e+00
1.079905310196335044e+01
1.033151194209842849e+01
1.139751556551400746e+01
1.224655768623403063e+01
1.038713604696628501e+01
8.925635112365846169e+00
7.442594013407598297e+00
8.391329723318904144e+00
1.024475455926335243e+01
1.137634928159592818e+01
1.260205986187933824e+01
1.136614283034572281e+01
1.067786847888845081e+01
9.669276850147591418e+00
1.154879441609475776e+01
1.130462749004479228e+01
1.107799081074618464e+01
1.026585177169424945e+01
9.392951607284571125e+00
1.132079863230391936e+01
1.129805876711728096e+01
1.212663572879258389e+01
1.038189045061425908e+01
1.099948648852578614e+01
1.127440171420960979e+01
1.123763685015794600e+01
1.225672750557700574e+01
1.025300057242381868e+01
1.145796015568902071e+01
1.033299353841393220e+01
1.030578205844989448e+01
9.329236139748026346e+00
1.061504051588199538e+01
1.014750683739075932e+01
1.015730399704122178e+01
1.045995128626368142e+01
1.145162773731867567e+01
1.146836643815639256e+01
1.049731462241789615e+01
9.369937387356866765e+00
9.519323351074584494e+00
1.055770711309624588e+01
1.129506825539836079e+01
1.086904094249069530e+01
1.259115329388375315e+01
1.155327138827137645e+01
1.062807150023310498e+01
1.320809567127023421e+01
9.376960979045950495e+00
1.040037928612157003e+01
1.128987910134567407e+01
1.238812942406202389e+01
1.004099484892904570e+01
1.029151799013681057e+01
1.216564093022702586e+01
9.770388996700049233e+00
9.731542132559209080e+00
1.148480971747245150e+01
8.436504528513408374e+00
1.096425485290036406e+01
1.030872473363268504e+01
1.052693168295375870e+01
1.072285888004770094e+01
1.070787537904269371e+01
1.058208097600339315e+01
1.081326491339306806e+01
9.458377712161695428e+00
9.446584649807402201e+00
1.120205025007077282e+01
9.426831754546443065e+00
9.345322278248119119e+00
1.086100748435908692e+01
1.146144447468481609e+01
1.024778339607219912e+01
1.194458062243902496e+01
1.011131396555245310e+01
1.030781792240696504e+01
9.478669714217049957e+00
8.410055029428578521e+00
1.122303562653363862e+01
1.227916002890670732e+01
1.033785139784367324e+01
1.125496145297820760e+01
1.031283702029504390e+01
1.119991292716220954e+01
