1.224147331858330112e+01
1.024111362720327811e+01
1.212092787795485904e+01
1.142290749295892027e+01
1.249760662499040187e+01
8.411347017972198969e+00
1.117612497995306242e+01
1.021312412709664486e+01
1.182134062026663912e+01
1.097274992137300487e+01
1.036277314985566278e+01
1.235152404206734644e+01
1.173945129073190330e+01
9.481570639021962066e+00
1.228226457223851042e+01
1.102158998423125524e+01
1.180191735117378293e+01
1.131980992719800483e+01
1.044543516976099795e+01
8.524937153754988728e+00
9.580895305641142556e+00
1.079513562622034684e+01
1.126543954555035931e+01
1.102558856820698097e+01
1.157831384986698176e+01
1.157690685353397697e+01
1.193719957179447810e+01
1.029361581672117154e+01
9.703793059468917903e+00
1.295568217549448953e+01
1.112510459163893373e+01
1.198968906385627164e+01
1.238122848657956965e+01
1.040513415040856238e+01
1.136574632790806660e+01
1.164962043564873362e+01
1.227133544116566455e+01
1.201070541970984173e+01
1.107692276477358639e+01
1.127602923391985890e+01
1.215502475294172413e+01
1.188003939227796657e+01
1.039764809075053265e+01
1.077860132278695637e+01
1.211707230083042397e+01
1.171699776350716959e+01
1.228532223190309658e+01
1.108335412694476574e+01
1.137746774857907717e+01
1.306489919952354839e+01
9.149329246566836105e+00
9.639601600120339953e+00
8.448977101470466877e+00
9.484006640729127469e+00
1.238141558849131307e+01
1.078646224589480518e+01
1.086284899277743321e+01
1.015795614137110547e+01
1.016857437658853414e+01
1.032339003855623183e+01
1.234869519737823396e+01
8.334053616843533518e+00
1.126305059309445511e+01
1.151412458618620072e+01
1.146245496577183864e+01
1.024327585620945591e+01
1.154081830542290454e+01
1.205641849971500612e+01
1.104288572931683632e+01
1.139134122974037489e+01
1.037957002046069910e+01
1.236387314597200238e+01
9.303033618541768135e+00
8.959230247981224693e+00
1.131007760068551349e+01
1.098397899732449545e+01
1.073966907005479676e+01
1.129804507544363368e+01
9.253471073136697811e+00
1.145341096273128123e+01
1.134836612050364302e+01
9.350737794611168496e+00
1.027393728603906986e+01
1.035999724351472295e+01
1.047614520250206560e+01
1.005809457011640973e+01
1.204272428965274244e+01
1.141115584501191549e+01
1.270070267767727579e+01
1.127542578515951810e+01
9.222471820430612865e+00
9.423301068240039768e+00
1.052407272945685968e+01
1.067666214281782011e+01
9.414286741344545462e+00
1.190804003283615309e+01
1.088432619453944383e+01
1.161552767041830236e+01
1.129712888115348157e+01
1.054522896333330451e+01
