1.230112236674822057e+01
1.420672156391893104e+01
1.038262132104468272e+01
1.199186790580354511e+01
1.204869025129833737e+01
1.121296956092662889e+01
1.343089383115877133e+01
1.028960968782482865e+01
1.042527426642493182e+01
8.370970512076532088e+00
1.342265878715796745e+01
1.256192054529797630e+01
1.281060039784786220e+01
1.369683244859382576e+01
9.397205092019651929e+00
1.292701164503782429e+01
1.369645174434927526e+01
1.042338325220997675e+01
1.235186482560660259e+01
1.125337271431719444e+01
1.207876023549407307e+01
1.211904984470032964e+01
1.085873236239662276e+01
1.396969295614772477e+01
1.120702059144460172e+01
1.203360437530040805e+01
1.352934159078894005e+01
1.271123199018675365e+01
1.469798646471861048e+01
1.400970057973491834e+01
1.318629259072247173e+01
1.628552049311755212e+01
1.149195468542946230e+01
1.589474910445118105e+01
1.394105940654478637e+01
1.189770202739997629e+01
1.502337648533071857e+01
1.314503493278028756e+01
1.029499687680677233e+01
1.044262864234252142e+01
7.407332934916649236e+00
1.130650016216723408e+01
1.222489072458568238e+01
1.345912007821784684e+01
8.353893551213168678e+00
1.235882435929287482e+01
1.227439900874109568e+01
1.239402813739799747e+01
1.137358831575163798e+01
1.342634266625566397e+01
1.132819247575422672e+01
1.426454099343823678e+01
1.192875749614802672e+01
1.213516932606091814e+01
1.011402299482970690e+01
1.139408817771311178e+01
9.920214727181463132e+00
1.117842472355848926e+01
1.207290945375068425e+01
1.127168579271534732e+01
1.512486306058112540e+01
1.135043119516794619e+01
1.246185323219254570e+01
1.381792571335976838e+01
1.488174295218511745e+01
1.475066678531432451e+01
1.138622328983202614e+01
1.246672455939268254e+01
1.201527596162683942e+01
9.489075150163737149e+00
1.364653926480913881e+01
7.303659562286318518e+00
1.007813512846292703e+01
1.041614348899376985e+01
1.334501524661876637e+01
1.127273528128602109e+01
1.309545588493129920e+01
1.312932920165545170e+01
1.235634511043614125e+01
1.227178421245524653e+01
1.398209324061109093e+01
9.366998142401161687e+00
9.332263293851184471e+00
1.041523982958256767e+01
1.305126203445357014e+01
1.266921786850032561e+01
1.345429225157895736e+01
1.209099837157656054e+01
1.123343190223032906e+01
1.346038446762838525e+01
1.457431801100644897e+01
1.135343372040833820e+01
1.216889198401345062e+01
8.353659714185136309e+00
1.148436515266779345e+01
8.391960155044722924e+00
1.130648298740232960e+01
1.245780231041947239e+01
8.454014479163950213e+00
1.381915911251057238e+01
