1.372637141975486053e+01
1.333629968328123638e+01
1.432099133548438452e+01
8.249358148835865379e+00
1.156666850159119342e+01
1.622312257026601046e+01
1.242671969296703516e+01
1.256161560443995207e+01
1.731656414980215075e+01
1.671623950303670370e+01
1.237288156837751707e+01
8.406838275180154696e+00
1.406892494426576690e+01
1.639731243131469896e+01
1.560095022538993526e+01
1.320799483538311314e+01
1.387225696985661116e+01
1.418967920263736993e+01
1.039646021957030975e+01
1.068566533192121959e+01
1.230289934215300640e+01
1.469214125623790324e+01
1.159960850825787304e+01
1.307967129024575215e+01
1.579198608967354822e+01
8.475042579926725494e+00
1.019682252403258893e+01
1.317562112529137153e+01
1.278709158921636124e+01
1.116322845789366269e+01
1.627294167319082874e+01
1.529074464766555330e+01
1.358942246029063838e+01
1.241461755814193602e+01
1.138450706217757968e+01
1.493764554944295675e+01
1.221701009296278961e+01
1.168666054450756064e+01
1.230892090554101514e+01
1.354443750937454993e+01
1.128525475761882824e+01
1.203753011344619139e+01
1.499978346606319057e+01
1.038036664722933899e+01
1.515966686090568771e+01
1.197905783539426494e+01
1.800235990990904256e+01
1.073258137179125704e+01
1.455760735118463423e+01
1.014364750510766555e+01
1.764269282300719155e+01
1.039612581707016581e+01
1.631406501453354707e+01
1.048291384578763896e+01
1.226498622740250966e+01
1.661047216860847797e+01
1.041323405850238615e+01
1.134233163073523087e+01
1.457933816532596083e+01
1.507312149744655549e+01
1.047161525875238652e+01
1.578021160860522976e+01
1.333395738037991940e+01
1.123852175335072978e+01
1.532053741504411803e+01
1.558306706237985573e+01
1.538298911392164037e+01
1.507674205601350259e+01
9.317785895349091518e+00
1.322689930019931914e+01
1.238009906053597931e+01
1.278019272884710311e+01
1.366576596152337864e+01
8.480174445723505983e+00
1.289608055608413650e+01
1.133609561015653178e+01
1.375060130734225261e+01
1.096542571344386729e+01
1.323981947247029822e+01
1.249454432690307470e+01
1.678414470244692325e+01
1.396929948988619685e+01
1.032700643561439868e+01
1.509122444332434476e+01
1.237477400285036033e+01
9.626641571083313309e+00
1.561447184861870596e+01
9.224252205572353702e+00
1.546633043139318531e+01
1.256557661653833513e+01
1.136487557987562624e+01
1.237393907579870600e+01
1.528074953704487093e+01
1.505870040819838707e+01
1.237772467625678097e+01
9.355365706156838712e+00
9.368458512069981481e+00
9.463742407047172733e+00
1.294683704782745437e+01
1.138244358559744107e+01
