1.264658126478115996e+01
1.407595427923254583e+01
1.500092614592282914e+01
1.141275602434421010e+01
1.250598756689376856e+01
1.330344764792856438e+01
1.261312539972756319e+01
1.039160800296789411e+01
1.226558181526547386e+01
1.040754215232271029e+01
1.071619031321174731e+01
1.310569143553605720e+01
1.043924913547957445e+01
1.084730624264237164e+01
1.281153071818092393e+01
1.184296487125700814e+01
1.220421841335610047e+01
1.229893546452471753e+01
9.358338889812202410e+00
7.774005451787481036e+00
1.279033934225409119e+01
1.194233081686819808e+01
1.073450722580502870e+01
1.280713019336718261e+01
1.264280268125464346e+01
1.311407896180413779e+01
9.955342975183643972e+00
1.122921222794487583e+01
1.337170719579961009e+01
1.391554782396336343e+01
1.247738524369883351e+01
1.402032352387903558e+01
1.104868827756857108e+01
1.280220525320877734e+01
1.136138115255479519e+01
1.530853260572580510e+01
1.137047363815779022e+01
1.133983447065201311e+01
9.493693919777895118e+00
1.139055493985288159e+01
1.096845982379426410e+01
1.327892270020947052e+01
1.047272059618050299e+01
1.189184560690574699e+01
1.305185813463789479e+01
1.324873590123685396e+01
1.497523453982144304e+01
1.178320387449820927e+01
1.239098784617904592e+01
1.121928615688640285e+01
1.370765482478675068e+01
1.011724804535688627e+01
1.228198097741939776e+01
1.021029081796751825e+01
1.024490125017003272e+01
9.794514900081773945e+00
1.494227124538471507e+01
1.154271674908567391e+01
1.327573819436607572e+01
1.288716181729267873e+01
1.559663546755005115e+01
9.403450690993745198e+00
1.146627866609903457e+01
1.327998401708240550e+01
1.127362257958838399e+01
1.130934561957548112e+01
1.016247397562947974e+01
1.361101364336384378e+01
1.278829060971956011e+01
8.383226179331705552e+00
1.226846764049346206e+01
1.239099448951670368e+01
1.513799709114018732e+01
1.035617277362437960e+01
1.203468204462937940e+01
1.217974670601583043e+01
1.187930131811332757e+01
1.400021736888347590e+01
1.044406433533993450e+01
1.275257526629052585e+01
1.040306461184000852e+01
1.137840012385912125e+01
1.301801933257202393e+01
1.440113545926236149e+01
1.144377035302008672e+01
1.277003844586253400e+01
1.040767990848065416e+01
1.342034885790921450e+01
1.418039675190734705e+01
1.306936570344102400e+01
1.230632032240650631e+01
1.466198178397154095e+01
9.949335210564070664e+00
1.470524689246349759e+01
1.234022611328924413e+01
1.250364399006023675e+01
8.223636118135305040e+00
1.465618526943035071e+01
1.195456937394853902e+01
1.152250561621779745e+01
