1.418326049005395539e+01
1.584224830291598707e+01
1.124329591065061607e+01
1.297340902034182264e+01
1.333193203926527914e+01
1.519649478321736247e+01
1.159076182977199032e+01
1.043236608833496781e+01
7.321159193468201209e+00
1.549964420451561153e+01
1.111068682128601992e+01
7.341415812367277915e+00
1.336897358408334746e+01
1.334069087333601011e+01
1.381582026263265561e+01
1.204877126553815003e+01
1.441281367026964766e+01
1.625823298857446986e+01
1.244219768251246450e+01
1.230058570386617944e+01
1.390516266434589987e+01
1.047780792637514224e+01
1.722593310717194726e+01
1.215466319734403733e+01
1.137375867442834654e+01
1.429390328122229903e+01
1.234203542232148898e+01
1.813862279598451011e+01
1.203934013424021288e+01
1.407311461241102357e+01
1.387805674297299241e+01
1.476613309481589198e+01
1.401236073500354173e+01
1.282951365961026369e+01
1.376923226778703757e+01
1.293938726827343544e+01
1.325118647471156130e+01
1.436044507630423439e+01
9.452403382542305721e+00
1.457217544675329179e+01
1.323592592230761333e+01
1.555859838613145740e+01
1.140599606332712490e+01
1.202372788373285495e+01
1.624108697076166052e+01
1.365335424335768266e+01
1.495033985992235515e+01
1.329584544754800213e+01
1.329698911492113034e+01
1.014708022861604775e+01
1.235184744114279987e+01
1.055784787049034712e+01
1.438520885358960832e+01
1.357225610743654087e+01
1.823881809290923428e+01
1.426750537761092730e+01
1.481564885807628151e+01
1.447458278331517789e+01
7.426507206039749676e+00
1.224494470416910552e+01
1.575812017212450122e+01
1.056108541653708244e+01
9.638614837069642505e+00
1.259379466914958812e+01
1.198155722084324282e+01
1.474793480870547491e+01
1.322503361572900715e+01
1.587727314372794929e+01
1.022297520531161297e+01
1.299931226111158011e+01
1.144653953021377646e+01
1.581760383244008494e+01
1.135107511321966456e+01
1.126898754418579429e+01
1.699692179912335632e+01
1.568592883018559547e+01
1.384895677306009176e+01
1.329101947929532734e+01
1.558330889611133863e+01
1.577734659915613413e+01
1.614809446103790336e+01
1.426774375456146160e+01
1.045824920937992708e+01
1.584346477714904289e+01
9.214093224742574861e+00
1.431779085497060322e+01
1.447480275523494520e+01
1.334188824410004415e+01
9.346501414882650849e+00
1.335456216104378413e+01
1.020555278618014050e+01
1.310768441669026529e+01
7.559839703213954820e+00
1.425260371944694171e+01
1.108942717552253399e+01
1.162594433844543929e+01
1.235800154729939315e+01
1.284687531508799196e+01
1.132910422378482274e+01
9.380341394905839181e+00
