9.731504942584320972e+00
1.634849051020267297e+01
9.202651484414065663e+00
1.411990579880174401e+01
9.998593293599807197e+00
1.530901616857262226e+01
1.921558840441429084e+01
1.205787164810118028e+01
1.033586908102793345e+01
1.516410604691759900e+01
8.373295787059342743e+00
1.503827749010639181e+01
1.019684252391859047e+01
9.400345649633736755e+00
1.329800766539272772e+01
1.744722529120661036e+01
1.850515201702621226e+01
1.545648139949183708e+01
1.073639559632370677e+01
1.017030836165495167e+01
1.153407777846280169e+01
1.536667811254397442e+01
1.083191618571128423e+01
1.040272893089476014e+01
1.022172670115272908e+01
1.060361497095458816e+01
1.956758789407667720e+01
7.999004078897647751e+00
1.001745753578752129e+01
1.084851979068333883e+01
1.393757220694996768e+01
9.256068532514241554e+00
1.822680076526944859e+01
1.179909539588731171e+01
1.882031208633609864e+01
1.477896342471801105e+01
8.418993800114829895e+00
1.840918902020146675e+01
8.611873904658414958e+00
9.316880457453384778e+00
1.670933582209493906e+01
1.220293401930885935e+01
1.558191432907172391e+01
1.045925183017325644e+01
1.562431599533518600e+01
1.136271601470560277e+01
1.610980234376193110e+01
1.699563810206756287e+01
1.232666477000272209e+01
1.335118766245896893e+01
1.915855393731207812e+01
1.283604829362672284e+01
1.133273814015561776e+01
1.245279325121532388e+01
1.299495936033142485e+01
1.826078786928914965e+01
2.665009503154743342e+01
1.563929495582082296e+01
1.320073161988743315e+01
1.498274395392366465e+01
1.500720965525409056e+01
7.414309825837894330e+00
1.537777115217184942e+01
1.133769104212827372e+01
1.127339713245591568e+01
1.829338554093592606e+01
1.141494727779633500e+01
1.477554992079903151e+01
1.313470553483016445e+01
1.656031991846827012e+01
2.302500336562849625e+01
1.518062687016965029e+01
1.241978356630152547e+01
1.422352481362021059e+01
1.136232657881779851e+01
1.999963042846032124e+01
1.320531319096064671e+01
1.373319975944585813e+01
1.473387852661218389e+01
1.478441288357317518e+01
2.015539140981159605e+01
9.737127749605910765e+00
1.593492202328419793e+01
1.364904048788862312e+01
1.646664491986098255e+01
7.230645518871987143e+00
1.039923794782148114e+01
1.721654907070936602e+01
1.128818013196417169e+01
1.141492978492407140e+01
9.020685695971875973e+00
1.325133752716691404e+01
1.891553901680374139e+01
1.245455801502529347e+01
1.669179391022399983e+01
6.852864868066668613e+00
2.199433124668604123e+01
7.560687461551456323e+00
1.046613777675834278e+01
1.884024487328132125e+01
