7.351316201965268249e+00
1.019566921913951063e+01
1.049126214829948722e+01
1.035787133542431349e+01
9.452093684494441206e+00
1.495877750159629116e+01
1.051621194750079447e+01
1.311097626014819184e+01
1.234159679392301179e+01
1.291471806547260037e+01
1.226274751953102005e+01
1.261978255018055606e+01
1.169487599033596759e+01
1.079809333918447223e+01
1.075402161531554768e+01
8.963048962356612748e+00
1.817132889568921073e+01
1.879757752385079783e+01
1.456559551649741380e+01
1.730881316049055130e+01
1.208212664483175303e+01
1.690447085414340833e+01
1.480941651702152839e+01
9.222884178589586313e+00
1.327519411519624626e+01
1.114463914839840086e+01
2.242158913962510169e+01
9.491418250647553734e+00
1.867974147023529596e+01
8.318261927638674891e+00
1.242938639818047442e+01
1.330490074867136485e+01
7.514376973377192570e+00
1.222334313265750083e+01
1.531147163372914655e+01
1.340610145233558548e+01
1.507753725642227138e+01
1.435635745591609869e+01
1.709403912013297955e+01
9.837548511019713615e+00
1.852317447872923140e+01
1.696598945301910888e+01
1.708804325634481103e+01
9.782736765840830628e+00
1.326675183037861316e+01
1.114321396012547538e+01
1.318437321539151519e+01
1.171796548704140761e+01
1.041311072225325773e+01
1.037403130417342112e+01
1.041440512558152243e+01
1.694646557080309179e+01
1.638033815681591321e+01
1.205535981434739945e+01
1.121296997397597828e+01
1.541662938774897285e+01
1.616569995017610140e+01
1.154859381252943962e+01
1.316726381215915076e+01
1.564226499499032208e+01
9.200310380814457289e+00
9.278634935155452013e+00
1.050282180292442646e+01
1.437060100977517507e+01
1.441649664801228603e+01
1.040463565412919600e+01
1.538170022920577296e+01
1.120509775265886532e+01
1.023190499943037679e+01
1.296605440756623651e+01
1.322290930905183970e+01
1.720952972139816595e+01
8.334716889507831183e+00
7.028535814373525703e+00
1.484610246630681907e+01
1.623179452726468952e+01
6.597832938772087097e+00
1.586582492829300861e+01
1.138620399940946193e+01
9.439236380055513465e+00
9.371088729164831932e+00
1.382577273964776410e+01
1.443417816327317560e+01
1.117431862170645473e+01
2.215012024622699016e+01
1.229420643590143847e+01
1.544260093450424343e+01
1.889641179478799415e+01
1.335304299419803797e+01
1.381163022886087077e+01
1.594122513003520858e+01
1.316204178348247922e+01
1.422408156907187582e+01
1.232474687640049105e+01
8.400114996275346968e+00
1.567489721084526977e+01
1.543875695130736325e+01
1.389236671600803241e+01
1.236708723438677815e+01
9.374771866308492463e+00
