2.047361888188355294e+01
1.076417412959959208e+01
1.358996690737520296e+01
1.216906463710818542e+01
1.310116469804509975e+01
1.632130489539736473e+01
1.131355179277426259e+01
7.394501821244190864e+00
1.802280198602581152e+01
8.220789585928811150e+00
1.289138147610348462e+01
9.272138747070002296e+00
8.449486788025030393e+00
1.057924038964282865e+01
1.035168088902811867e+01
1.442325249364335349e+01
9.455977636627478589e+00
1.266665954335961430e+01
1.247039049551605672e+01
1.138401637076044892e+01
9.894006514806973129e+00
1.046993144906938333e+01
1.040698462905143984e+01
9.766823758830295077e+00
9.854823199047014981e+00
1.366351819685372782e+01
1.024571785906096011e+01
1.123083909508574507e+01
9.377007445241927641e+00
1.669866397432219784e+01
1.116221477642086413e+01
1.677617611059735481e+01
1.175735794794747591e+01
1.225369434623768328e+01
1.631455827749841347e+01
9.361252917663836826e+00
1.704462303789219391e+01
1.541724197506841953e+01
7.496109037143206422e+00
2.156309887564670902e+01
9.537409474462979375e+00
1.738143451943678386e+01
1.503048110441056195e+01
1.292008268878760369e+01
8.987895514934468366e+00
1.228373760819988370e+01
8.980984186934005464e+00
1.112122465850047348e+01
1.134715553031158919e+01
1.151253967658648492e+01
1.623749075523230800e+01
1.020305852222406706e+01
1.609827904124077591e+01
2.185595154676259355e+01
1.021936736044782990e+01
1.127267892400515947e+01
2.052096714152638768e+01
8.832086417428895331e+00
1.512377348896260720e+01
1.601902436128315088e+01
1.518340819858795321e+01
1.022730744046849338e+01
1.454220773039247305e+01
1.170101878920780791e+01
1.344814108444621326e+01
5.005099721866135276e+00
7.420604426776860052e+00
1.381123216334277437e+01
8.655819494994005936e+00
1.023353268304607155e+01
1.649731403227194804e+01
9.492816513236526532e+00
1.392745504386072675e+01
1.271513503523848954e+01
9.619626799869372746e+00
1.322941068813923238e+01
1.283982561591090032e+01
1.213714143567768211e+01
1.317898465468887892e+01
1.683565507343660883e+01
1.037115290338726581e+01
9.267239057980656725e+00
7.794432544485120573e+00
8.321727113843252255e+00
1.074094015611641417e+01
1.135333822734967768e+01
8.208415415354727074e+00
1.150231767230164159e+01
9.703021911526880317e+00
9.012236520811478968e+00
3.439886103217836055e+00
1.120832623796281702e+01
1.529885644630240371e+01
1.956651088770217584e+01
1.225749077731446945e+01
1.093713234911556320e+01
1.346613822909390912e+01
1.491011879100765114e+01
9.861350123167788695e+00
1.836092515724670093e+01
