1.070000603907914005e+01
1.266641329613774047e+01
7.130303927656821195e+00
9.370246357013051863e+00
1.881346959744306346e+01
9.414795462644955037e+00
9.255789077342750915e+00
1.596158161893744243e+01
1.129924266357356188e+01
2.037818333794471926e+01
1.012537548357692074e+01
1.222060872010245980e+01
1.347706530686221349e+01
1.097282185601380355e+01
1.415452577764115105e+01
2.359570913672430237e+01
8.424796458115455522e+00
1.785138069515391024e+01
1.329720678572215675e+01
9.409994228688454143e+00
1.010784994265618764e+01
2.093042193493684522e+01
1.573501913951360720e+01
1.111317863620427637e+01
1.332554412501462160e+01
1.250356148966116265e+01
1.459440917984524866e+01
1.547871932539708340e+01
1.134650377377098351e+01
1.108798671224538701e+01
1.883634087821569381e+01
1.644848147055270715e+01
1.200706407525161978e+01
1.861408766164068496e+01
1.041270749660669104e+01
1.513680932896874332e+01
1.258815530194602950e+01
1.046139698284645014e+01
1.195646655456744156e+01
1.831313500444489861e+01
1.319258012811781988e+01
1.628798432641662330e+01
1.369208920500156168e+01
8.328828188806664201e+00
1.441847301172621698e+01
1.829055971687859028e+01
1.615317448203908768e+01
2.262683091746386665e+01
1.392830907407528152e+01
1.540285465357458072e+01
9.000558650903416336e+00
1.244494215678317772e+01
1.821273187438904628e+01
1.109589522178688803e+01
8.547611816504428361e+00
1.828112625595888829e+01
1.244586397392689570e+01
2.011704268117375705e+01
8.427194284665867841e+00
1.819112518171046844e+01
8.812382519506662959e+00
1.636570677132576535e+01
1.336726411587645913e+01
1.136533335987448368e+01
1.508009924597187634e+01
1.537861643168920800e+01
1.198486120969320545e+01
1.227223876464592500e+01
1.029584193112883916e+01
1.233713433434179585e+01
1.224963357297806432e+01
1.337978106006615420e+01
1.826925162523769686e+01
1.034336395741883408e+01
1.508838113535417591e+01
1.062106957546757968e+01
1.325745948312425071e+01
1.495436973258298075e+01
1.603213463449795029e+01
1.209598676895423885e+01
1.782214351865588853e+01
1.507098785593814405e+01
1.087851793102110243e+01
1.093105738025750640e+01
1.662208932695133612e+01
1.183812568634694529e+01
1.400257018583635649e+01
1.107984108681333169e+01
8.153645939494284178e+00
1.443408162879708101e+01
6.801276538677774930e+00
1.228329851868982203e+01
6.705214332445286196e+00
1.572752289951251825e+01
1.941212075509465862e+01
1.175315384420549947e+01
1.274674448300333118e+01
1.397815539327365286e+01
8.120953290718793127e+00
1.398996389086698322e+01
