1.231355379943779660e+01
7.314995912278733137e+00
7.654396835179788638e+00
1.251573710164715969e+01
1.026785743512556337e+01
6.589286233261055337e+00
4.598247862406664943e+00
1.165091130216448967e+01
8.436737694924461906e+00
1.170910940222658425e+01
9.869711357100566573e+00
9.438431397623940455e+00
6.573940304565178749e+00
8.479630836955999840e+00
1.005424296480956059e+01
1.206715846429925243e+01
1.121279195406520124e+01
7.667248670730414162e+00
8.038809950607550547e+00
9.724054926561523260e+00
1.386577156871788041e+01
1.219652936401090670e+01
1.067690716132225504e+01
6.110630433541531126e+00
7.043079279144432547e+00
6.324519375228351059e+00
9.453879628562985360e+00
8.686494486860809161e+00
9.421541920260043668e+00
7.525997428875875528e+00
1.587881329259010599e+01
4.528531384593331488e+00
1.187367436395146392e+01
1.381141889235652798e+01
7.517871273345346772e+00
6.913417353842871371e+00
9.104978884931448135e+00
9.921088439716678309e+00
1.036268910138132959e+01
1.614700725028473371e+01
6.529972485849905972e+00
4.422953064408303270e+00
1.155999932108528228e+01
1.133638244721353239e+01
1.297746731238393281e+01
1.050945833697512732e+01
1.029792421659208834e+01
5.250759156376510361e+00
8.475457977614663463e+00
8.078108994028879053e+00
8.405394447168216487e+00
1.285725274183051248e+01
1.608771411080410019e+01
7.475907000624385290e+00
1.044190119083507184e+01
8.365404104075611968e+00
8.712921086886053601e+00
7.885439465476993703e+00
9.768484999352617493e+00
1.039945936020890649e+01
1.146907619533544853e+01
9.073688698502818895e+00
7.792949119420875093e+00
5.147140197288991637e+00
5.497808351660320447e+00
1.005884335480328318e+01
1.151121070676477665e+01
1.478306780969158041e+01
9.506992689584341960e+00
9.221345229049841663e+00
7.864726404871264620e+00
1.523467639786549199e+01
1.338454431823077151e+01
8.942599356571205860e+00
1.034747704559689652e+01
7.557233498975055141e+00
9.362896238444934127e+00
1.079920959407694525e+01
4.279894954571136445e+00
1.310367587810269718e+01
1.035082679628856717e+01
9.995684322302738067e+00
1.102297668005920706e+01
1.187587506737421883e+01
1.267363506931245887e+01
1.203208586096707222e+01
9.367258992133262296e+00
9.395466820824848853e+00
7.889629975200020517e+00
6.993815863649648357e+00
1.166887841534403236e+01
7.365136263704689767e+00
7.164119271505805742e+00
1.135500666492742283e+01
8.744012348227165887e+00
8.080024852665202317e+00
1.041810901453555971e+01
1.389953316872465550e+01
7.967536782649998983e+00
1.328467057615035962e+01
