6.642982806815945551e+00
1.089981536262891382e+01
8.883873141169813081e+00
1.041804299201674233e+01
9.042392596269914762e+00
1.557618460032345986e+01
9.814427380198910811e+00
1.270480057371344884e+01
1.281473148156441866e+01
8.381891264272683273e+00
1.415442881063670200e+01
1.460799299286451891e+01
1.045622934044939001e+01
8.677336243291012607e+00
1.010336753793021458e+01
9.079853999631712469e+00
1.588397691224544417e+01
1.162404561387486623e+01
8.093891007930855253e+00
8.463355858883383931e+00
1.416840019785651172e+01
8.829683942254352047e+00
1.134167682020841816e+01
8.941396630678601909e+00
1.446080440226201169e+01
8.549625016211939155e+00
1.384498317266079503e+01
1.056365700406197483e+01
9.657645539129369183e+00
1.393889742233392326e+01
1.032695371097181436e+01
1.179946444955987062e+01
1.072593407110334418e+01
1.226248241828857388e+01
1.245058761336508368e+01
9.413726848015492976e+00
8.045587832675797912e+00
1.013142820484650741e+01
1.182628261595054298e+01
1.082568922307579662e+01
1.027854528504709641e+01
9.313981880249381007e+00
7.486587761556192433e+00
6.709469097143042404e+00
1.220920272235066051e+01
6.236908468794013061e+00
1.406832320089192301e+01
1.214343667695568385e+01
1.140069507609555188e+01
3.316943228686987322e+00
1.008877758711306960e+01
1.236923983022365192e+01
1.123551266770589585e+01
1.115417437779749399e+01
8.492958674624901505e+00
9.406801644217196667e+00
6.398531385454967690e+00
1.437357173718402592e+01
1.195826918292234176e+01
1.015687101015208427e+01
7.126534650296778572e+00
7.463428202706172243e+00
5.926005885390559058e+00
1.069247671698637348e+01
1.245990883400680538e+01
1.218673934436558604e+01
1.556189265946822964e+01
1.305805387353558089e+01
1.042710068755597064e+01
7.884964831263350682e+00
8.978834235917711126e+00
7.261875321915926662e+00
1.044065700016683174e+01
1.263097512236095810e+01
8.859275295656692251e+00
1.504762982740092347e+01
6.654023538092915580e+00
8.558314708368687462e+00
9.946099962869746847e+00
9.379350160236048950e+00
1.077492880288679444e+01
9.006437764813730595e+00
9.351401906973675793e+00
9.404726068707184083e+00
1.099888450111299321e+01
4.135091556674371560e+00
9.430150179893018958e+00
1.237972705842360277e+01
6.425654591090541601e+00
9.436000143874844426e+00
8.840033879044925769e+00
8.587376224090666810e+00
1.989379550600999735e+01
6.414528815616294288e+00
9.909671557234752015e+00
9.415630542212857890e+00
9.624686021515941547e+00
1.279001156292924613e+01
1.029697856491065977e+01
8.357313621441040397e+00
