1.118380483079346455e+01
9.366231481687563587e+00
1.236292004294253211e+01
9.467457769592453332e+00
8.468857247658991838e+00
9.368129818967375400e+00
9.405627431691087281e+00
1.202478551742945001e+01
1.235202087690011830e+01
8.615965346589463891e+00
8.368571786752031727e+00
1.028691525825589892e+01
9.293616583617561488e+00
2.028186142998636754e+01
1.442930298602743555e+01
1.281503418982812903e+01
7.808781728295574709e+00
1.119634590830840892e+01
1.019963039085485867e+01
1.202996393095868477e+01
1.112419008830476130e+01
1.138905861438505873e+01
6.584012914210457090e+00
1.055458824714026100e+01
1.035651825271133397e+01
1.459602659006067071e+01
1.428977504603169812e+01
1.425167661447080292e+01
1.035932044293196519e+01
9.808661906813856746e+00
9.344203586607847001e+00
1.133601270142529138e+01
1.314275806752130471e+01
8.521360333753886351e+00
8.879876316500860511e+00
4.739036023177656709e+00
1.414853567532976975e+01
8.122051996893084436e+00
1.110754303611076921e+01
3.584183449533353549e+00
1.632859426108140610e+01
1.129536407538483012e+01
1.030261458458582169e+01
1.449484130141625116e+01
1.284754491410638799e+01
7.555607868607762789e+00
9.972518014377202533e+00
1.877275539032820362e+01
1.067861992853080366e+01
7.340484606520943700e+00
8.148085564744867781e+00
1.521500246486361618e+01
1.909199345319732899e+01
1.232634130333901368e+01
5.334073098846062955e+00
1.470435520941642338e+01
1.014315652787626298e+01
8.711190906723984995e+00
1.138961018268725667e+01
8.207392597404835399e+00
1.576690336652742985e+01
1.190091470173515020e+01
1.254303911036862473e+01
8.353770058712067126e+00
9.927551997844645371e+00
9.897462162187652623e+00
7.286998909399251545e+00
1.624249844695450662e+01
1.042006618802890117e+01
6.832097086370144012e+00
9.386207416773654444e+00
1.228788080517831816e+01
1.413719709574991334e+01
1.101526929860206927e+01
1.149237119683246000e+01
9.807739183620146406e+00
1.070717054687009728e+01
1.016331583633192182e+01
7.361937414864404339e+00
9.286555458515742600e+00
1.159456508042651457e+01
1.492636253000668667e+01
1.246503607925521706e+01
1.888955680475303822e+01
1.295689195327862997e+01
1.135874800301413678e+01
8.383132234291865714e+00
1.325668976454742065e+01
1.134710455317482669e+01
1.302875698959427275e+01
1.754462062947837708e+01
1.087079947304111194e+01
1.266050578562655460e+01
7.436494055047328189e+00
7.353329737337443106e+00
1.031332502508674942e+01
1.104754154269112121e+01
1.004931371220835956e+01
1.108620197469538482e+01
1.235840831664228645e+01
