7.535128356985504539e+00
1.398774956179394202e+01
1.075727319911272062e+01
9.315509985566125195e+00
1.507404715891507330e+01
1.197108133250389272e+01
1.529637401439015498e+01
1.328382012720553718e+01
1.081512601644584848e+01
1.108530779368541985e+01
1.283152687092287181e+01
1.128003656930105159e+01
9.449095279319816854e+00
1.727035231094984269e+01
7.473584442814550144e+00
1.339249127976316700e+01
1.018036958521500956e+01
1.594879360756556252e+01
8.878612534568649295e+00
1.076219024303268590e+01
8.780283831626409352e+00
9.338870486173846075e+00
1.676135739779791933e+01
2.258267742323738858e+01
1.395481790541849421e+01
1.017035347651244948e+01
1.056532270503868887e+01
1.625221368471662942e+01
6.424940918563287084e+00
1.319654427242674544e+01
1.684993332366771313e+01
1.136403755931524096e+01
9.384124010486383227e+00
7.421468366032439867e+00
1.322027688212083696e+01
1.402791587219016556e+01
1.133769908105014856e+01
1.327017824881157537e+01
1.016744702173676984e+01
8.371103770827227564e+00
1.153514421319397165e+01
8.458475504056956140e+00
9.230987533393060218e+00
9.824933102908824267e+00
1.504185141161546113e+01
7.478381465697555797e+00
1.428520496213238467e+01
1.235135028563954407e+01
1.329690806228815880e+01
1.346214218981103627e+01
7.342274683816356173e+00
8.446407265533245834e+00
1.387572779853941718e+01
7.441434757698582203e+00
1.314219250502608638e+01
1.119309906265937293e+01
1.301942301379155964e+01
1.048004666064634272e+01
1.310751329440703472e+01
1.048797344384504093e+01
1.517599140078348441e+01
8.887343484578838826e+00
8.363875550842374551e+00
1.491610308217807912e+01
1.724210337702834295e+01
1.205594654177870417e+01
1.834562951700684863e+01
8.635850180865773495e+00
1.112005945550333053e+01
1.428045811941270138e+01
6.289587978403361035e+00
1.338932447618938504e+01
1.026058111274744000e+01
1.013689463621478914e+01
1.226638911789678943e+01
7.212453952840136573e+00
1.487892329190078300e+01
1.393255123706568455e+01
1.040299362035789343e+01
8.093475565755953838e+00
8.989658813544583182e+00
1.009001225266238322e+01
1.280165081660154236e+01
1.138727979091058629e+01
1.132380126910670626e+01
1.039953414542357102e+01
9.524680137704541139e+00
9.422687718435753368e+00
1.043127259605962287e+01
1.023427128630381944e+01
1.181815081657799382e+01
1.021332632694512554e+01
8.429175920042355941e+00
1.335698530548764751e+01
1.384271576306660734e+01
1.184748747156185722e+01
1.284027690353839368e+01
1.143914887769000721e+01
9.407135143251727172e+00
1.006877333617289771e+01
