5.988250490000750936e+00
7.550921044523525083e+00
1.179744508261562963e+01
8.294194450178656197e+00
8.242850172607770531e+00
1.109507626920793122e+01
1.112607076405139672e+01
8.836292318168482041e+00
5.213512067220982260e+00
8.071458021485398149e+00
8.674906800220968606e+00
7.904456465309291247e+00
1.278009825623050766e+01
8.257407395246563198e+00
1.312564505453528696e+01
1.175336659231271952e+01
6.959894672085964018e+00
1.067908789574065231e+01
1.037870223833151861e+01
7.503082539996849043e+00
7.985895828605468871e+00
2.087247048197181432e+00
6.468891221758397592e+00
8.607620240616185470e+00
1.012150329518374470e+01
9.120856337424598337e+00
5.798120409184986279e+00
5.648891687523406979e+00
7.825672199870074230e+00
7.280732428053581451e+00
9.332333224598098553e+00
9.380526330353051279e+00
1.033373847858013050e+01
5.599664260592791543e+00
8.771467830232133167e+00
7.143533523512056505e+00
6.754132019033812107e+00
8.888559182375832535e+00
3.838181659188015793e+00
7.287890280602025150e+00
1.144973859156717033e+01
9.351788471390936053e+00
3.932838299552912975e+00
8.626522847706173280e+00
5.429195914324615124e+00
9.142396858664550763e+00
3.901522902754239741e+00
7.680836184890842411e+00
8.821311738282066273e+00
7.348691349799094219e+00
1.172360801097811311e+01
7.239823457896045866e+00
1.104647474177765787e+01
7.689034287789443312e+00
9.970983592551426966e+00
8.233554025720753344e+00
8.291953239825287980e+00
6.882375136946516037e+00
3.660785327644848763e+00
6.417245416373592803e+00
1.053775129124954013e+01
6.484965419465962277e+00
7.308155037606441695e+00
1.068132797356308039e+01
1.400490403359557057e+01
8.852419888080085286e+00
1.021744574394005234e+01
9.975192656594060736e+00
1.034157273861717385e+01
7.322653736300170024e+00
9.440265017711713114e+00
1.262342165494445112e+01
7.982954486610609024e+00
6.975909076867308656e+00
8.735953815457463634e+00
1.295854877797105509e+01
1.219226758136816890e+01
9.740437936734894109e+00
1.082249066885073496e+01
8.942525012929412043e+00
9.701138260095582666e+00
1.055102689230926849e+01
8.150311973513788999e+00
8.835901805199029013e+00
6.846098777531870461e+00
9.506909925225167868e+00
4.854963727459426615e+00
8.352597680904198185e+00
7.761412541376512486e+00
9.464823606347810170e+00
2.423888284761580802e+00
4.257634825407108359e+00
6.573338178043797164e+00
7.511415612023794708e+00
7.623574283685315756e+00
6.346906104777975344e+00
4.368356208451451117e+00
6.489658345440881604e+00
8.157318771504668220e+00
9.928018789548147538e+00
