8.075496148954378839e+00
8.806687315347328848e+00
1.010915593684540781e+01
7.360816135231253554e+00
5.230159300662978517e+00
8.832505755824147542e+00
9.196292086743312666e+00
9.963747892340169443e+00
8.772155094024329358e+00
8.271134546068676485e+00
1.041567446933806274e+01
6.598054558668238201e+00
1.133572112001465371e+01
8.588811628219712446e+00
7.459839386561970542e+00
1.400968741632853387e+01
1.407449999673219310e+01
7.225540139372735204e+00
7.173583418361899611e+00
1.005262151199776888e+01
1.025764252590350445e+01
2.994313410588401947e+00
1.075671759213526535e+01
6.277436865735511518e+00
1.084485168066656335e+01
5.987040571437188596e+00
8.887796252152680765e+00
8.864330384982435973e+00
1.100875019845634561e+01
9.144845448417489919e+00
1.045808894020765756e+01
5.146142024460933939e+00
1.069151166542397569e+01
9.674916791920288972e+00
1.018991533459379362e+01
3.010586700506063362e+00
8.779186074154152308e+00
1.190645932938194917e+01
8.354780097098414515e+00
9.127510722138895360e+00
7.399875890644626253e+00
1.294633959128237066e+01
1.025274524512647289e+01
7.437360401019438072e+00
5.071386434021306400e+00
9.305139308028259393e+00
4.776989955543051281e+00
8.746963703493648268e+00
1.242772216234287974e+01
1.029664316222897469e+01
1.007297172315892020e+01
8.714112911112573912e+00
6.148093679757239194e+00
5.606364911795748363e+00
6.532225541073956698e+00
7.381512163721704489e+00
8.229635218625638515e+00
3.781240780132831603e+00
6.143289249658842266e+00
9.330667256890396999e+00
7.800400325893760645e+00
1.264957039290814400e+01
1.029510777290396106e+01
9.441583485163123513e+00
8.031009606463905826e+00
8.005777720203530734e+00
1.179303868680074352e+01
8.618335540432497055e+00
6.807680016904135378e+00
5.874402819606037163e+00
9.935802405779689650e+00
7.335349214944139717e+00
6.816540179372692521e+00
6.653311747662502107e+00
1.219753290776946564e+01
7.462193588607064498e+00
1.126099244222111295e+01
9.710646201514123277e+00
8.647242082892963921e+00
7.813642479570495070e+00
1.006941608485968231e+01
7.202399955590560232e+00
5.412401040047682521e+00
8.297442616761690815e+00
9.316981953270643046e+00
1.472970100417682637e+01
1.073111281813833173e+01
1.003432261412118187e+01
5.610795839151045961e+00
7.803124210144982698e+00
7.073566411275898247e+00
8.158574262162369806e+00
5.076555927828105830e+00
6.521719524075805019e+00
6.444768114533744097e+00
1.135070399183973677e+01
3.607970702891377002e+00
6.412249114379455328e+00
8.464276637035606399e+00
7.732098655147673583e+00
