5.961559882121459708e+00
1.148864088579188092e+01
1.037630306077058151e+01
6.773886493411697352e+00
1.088321769477199474e+01
8.139228586287142519e+00
7.952467360179762856e+00
9.455832431801768578e+00
9.310775841168277722e+00
1.109379393938430702e+01
6.445806929601541668e+00
7.788725932013464970e+00
3.091681588212402243e+00
3.486882965585988980e+00
6.516423076380625012e+00
1.159428012335104796e+01
9.017051502081388392e+00
5.945384502867513632e+00
1.302094371757724289e+01
9.720598786652990597e+00
1.222712436070384179e+01
1.127123643954412913e+01
1.336266136972852792e+01
1.041943835560055653e+01
7.511403565900340418e+00
4.468949410889838880e+00
5.919226711770552818e+00
4.090492642607904905e+00
1.277364326024568619e+01
7.171317393929205863e+00
1.082060237786936518e+01
9.829850610947925560e+00
7.395972465685545671e+00
8.326020192473500003e+00
1.082037827967821819e+01
5.764535562850680250e+00
7.810892763979000009e+00
7.295427229907380351e+00
8.730682015410419439e+00
6.184762937384044257e+00
9.663583423599940048e+00
1.529713835167816605e+01
6.439762205555753738e+00
4.933735006496659636e+00
6.431477394971481409e+00
9.108946285614390348e+00
1.178178352487606162e+01
5.844335424216811070e+00
8.698630391096841663e+00
1.340430506708177205e+01
1.332228558206216817e+01
8.336160913665501937e+00
5.713419648049974597e+00
6.163752299439726912e+00
7.994744767525188145e+00
1.200192880949878926e+01
9.684233340015483193e+00
1.037287102709121278e+01
8.000785110608068962e+00
8.955094099477650005e+00
1.293767182201399990e+01
1.122329060505252940e+01
9.764644469924229853e+00
1.182577158114764870e+01
5.806681561238280054e+00
7.660562931131425835e+00
1.004679962805511728e+01
1.055001214290948397e+01
6.288237487301428175e+00
7.432058395593548639e+00
6.123750107984453628e+00
1.064574720765498128e+01
7.284968087910327128e+00
2.409434145470272348e+00
5.633968889097716648e+00
6.514176886275323319e+00
1.086079751853620579e+01
7.805824945375210433e+00
9.084961418873676919e+00
5.003608419569439469e+00
3.716492669172151597e+00
1.006111469363870903e+01
6.584908219757428682e+00
1.103173814568774702e+01
6.488548818248320416e+00
8.132152280036960335e+00
1.148620997510938402e+01
1.007610983946532812e+01
1.007031273938883409e+01
7.692075873335529224e+00
7.924307602602295830e+00
7.062449311443884881e+00
5.975368001082049574e+00
9.674194956960620928e+00
1.313472146442123822e+01
8.066787893660471553e+00
8.476878531749370893e+00
1.099852419398564862e+01
1.207650838127614712e+01
9.850184056105142361e+00
