1.060235887657262666e+01
6.305872818161398108e+00
8.742560309856417078e+00
6.378976499505726316e+00
8.165415152229337892e+00
8.859070516750824353e+00
8.950434113636791977e+00
1.102535174774977911e+01
9.028062316394430908e+00
1.404957122246089796e+01
5.427927765991177544e+00
1.254209896152247516e+01
5.680256086888448408e+00
1.087981584053255446e+01
5.017347244256851191e+00
6.852234194781783749e+00
8.038964000645085761e+00
1.144644284300242454e+01
1.295021329229298956e+01
6.427477148125464446e+00
5.384807839494494708e+00
8.739690789308280472e+00
6.434730905474112639e+00
1.131414585847127974e+01
5.447394147629427863e+00
1.145955505245543726e+01
3.542099157711485535e+00
1.181002257883756990e+01
6.162620160564965310e+00
9.366841193238011343e+00
7.509735120533533426e+00
9.253548206611167615e+00
7.643460680013861364e+00
9.983713943090519294e+00
1.121688087436732850e+01
5.133219042203871041e+00
1.284989295429425660e+01
5.449604461149635704e+00
4.770043116293797070e+00
1.235586520839408387e+01
6.170157598314777836e+00
5.131172522554126481e+00
4.299747135911659690e+00
7.681899355578575950e+00
9.805201622761396507e+00
4.403576871267024906e+00
9.502314744521985546e+00
1.011848084088323851e+01
8.287171319230504096e+00
7.513112321207223054e+00
6.988714600838675572e+00
5.017779674987127514e+00
1.193957472588338575e+01
1.136478038715497085e+01
6.651153517264563497e+00
1.143436136824221094e+01
7.218891722271520983e+00
7.390513894330498879e+00
1.072775655420474017e+01
1.061013593098855701e+01
1.011969123204555743e+01
7.914218356467664250e+00
8.045854506293695252e+00
8.210080859920138252e+00
1.159603039531724100e+01
7.768151612832846276e+00
8.020780928707669233e+00
1.036378923378588190e+01
1.359304879947922373e+01
9.307671196486648313e+00
1.152755388491420163e+01
1.513494578053573036e+01
8.737404251643663855e+00
1.232782585751911419e+01
1.208032291775846900e+01
9.447802351779792218e+00
6.044895401822052428e+00
1.113103759133498727e+01
8.312330663470229197e+00
8.094684031075875197e+00
1.089942944205882647e+01
7.783631438453132212e+00
1.131644897898577895e+01
9.588774723162467595e+00
3.629099126746661241e+00
4.602266636013777834e+00
9.057851717522888535e+00
8.846375664917587756e+00
9.199773799510918337e+00
4.513322706416361463e+00
1.199301875003814644e+01
6.461168124275644686e+00
1.009534417366955950e+01
7.413327734105974010e+00
1.268801081499559125e+01
9.358159714485879022e+00
7.191369026295528322e+00
1.176556918347588621e+01
1.013109199192589926e+01
8.804340291111484973e+00
