6.999005527541531713e+00
4.400600292697205873e+00
9.613928725937189057e+00
1.162267244048998371e+01
9.540616767518873331e+00
7.961497376889571598e+00
1.008643763966096962e+01
8.230135688099151636e+00
1.066537015418424517e+01
1.061633660143856517e+01
1.153299063909098976e+01
5.248369693068672959e+00
9.604197930853764831e+00
7.791245765245441213e+00
9.488186699995182494e+00
7.350643522528962137e+00
2.432133181643816311e+00
3.065630851533229784e+00
3.619374596624441054e+00
4.584900499537821084e+00
1.337689727453856214e+01
7.842218826043073854e+00
1.080405131182584100e+01
1.098511353882967789e+01
8.588182866339092669e+00
7.814625013255929176e+00
7.137230558773887346e+00
7.947033078359344138e+00
8.480999597000906221e+00
6.659897232320139082e+00
1.363461742916029706e+01
1.143166734911689097e+01
1.105177535586707904e+01
1.041922411268639692e+01
4.803529499081991894e+00
1.081723327866563089e+01
9.109030643296888385e+00
8.590238833824040299e+00
8.973584309452055763e+00
1.112199708512270213e+01
1.304401622114588299e+01
9.964907820336051714e+00
7.252535428777743931e+00
1.190265379327989059e+01
7.113830276397991703e+00
6.395646255495743837e+00
1.021930123411232572e+01
9.761545536463398065e+00
8.164382727606477985e+00
5.160322348454081443e+00
8.356039134821743986e+00
1.430942044915929046e+01
5.166843107644218058e+00
1.151993402589776672e+01
8.864193856126334481e+00
5.211810592552777344e+00
9.129423550026423584e+00
9.319953959562623069e+00
9.030528841463238976e+00
9.876753866970391371e+00
1.346693853382437034e+01
8.665186783446317875e+00
9.191443361735172957e+00
7.518378064464368293e+00
8.085463119777593022e+00
1.370691168693104878e+01
7.578829474019110890e+00
6.001864972049651747e+00
9.804611049397783162e+00
6.906841892564197671e+00
1.013363265097827615e+01
7.235839976664744988e+00
7.487389801250347254e+00
1.058391618433481796e+01
6.797971139126163465e+00
1.045007053946400255e+01
1.068946042614681247e+01
5.657304878077758836e+00
9.504860019529139947e+00
8.136819778475372189e+00
2.832823313123891573e+00
1.170368157116268115e+01
4.263371449595567242e+00
3.667973609288009307e+00
1.237024959480701725e+01
3.476852252799647047e+00
9.824741664461898338e+00
1.158730206518737305e+01
6.796859114778666111e+00
1.063978823807403806e+01
7.425539897607135842e+00
1.221120788514084055e+01
6.485813389073662449e+00
5.442049907911624018e+00
8.710708334811021913e+00
9.758211861110753560e+00
1.184147816699930722e+01
7.808553280798891549e+00
1.134347691073110020e+01
6.874082689088612419e+00
