9.855313622895534920e+00
4.231749737406473422e+00
7.886935258040539409e+00
1.357806711512800391e+01
5.575617407711304985e+00
5.594219216524903615e+00
7.800547933658521949e+00
7.822040396764753822e+00
1.089207595812267293e+01
6.916714536244994882e+00
5.963350057403807192e+00
1.094809796348956965e+01
1.003816450399235016e+01
1.147666518555044668e+01
8.696138086250982724e+00
8.440697878943719701e+00
1.798815445649976752e+01
8.836415007131686039e+00
9.199525189719057749e+00
1.092926448553567731e+01
9.955121766407827977e+00
9.540916755046442432e+00
6.593126884898790507e+00
8.854387646935714784e+00
7.920109505884171952e+00
9.361286322424913209e+00
3.333573816293053937e+00
2.475920032777208402e+00
1.039365664516934551e+01
9.231139733932435476e+00
8.625690709436062420e+00
3.183409072439994603e+00
7.648498974973303888e+00
8.353199497939248985e+00
6.439217328578886068e+00
9.471304789234384458e+00
8.858336840455363514e+00
6.938396189068523512e+00
1.076570842179141607e+01
5.717056662418571911e+00
1.086585102177585860e+01
1.145336438862696227e+01
5.761803861519828374e+00
9.774660737110908215e+00
9.956328039604152025e+00
1.129864412311771460e+01
5.945521670079145338e+00
6.709851781000762294e+00
1.111419483514621120e+01
8.286854900443673344e+00
5.381975989827253670e+00
9.320049224583705438e+00
8.529888575309678700e+00
1.135766903463853161e+01
4.895874553352897784e+00
6.932313329176745142e+00
9.773627243057848801e+00
1.204822696594258780e+01
8.622356039173611819e+00
9.142133576394838812e+00
9.892739534994028361e+00
1.206860701582885298e+01
7.899688509783699075e+00
8.932327520462562731e+00
1.156433582744072730e+01
5.413999004547354055e+00
2.874582789619668510e+00
6.450557298678553764e+00
8.756992228239095510e+00
7.983565322336298564e+00
6.900519017101696129e+00
8.187072756285301622e+00
8.978572593599384533e+00
8.514697971840295310e+00
1.088679359059165286e+01
6.232268000733270696e+00
5.832187093099681086e+00
8.053088402833967763e+00
7.610921053086174837e+00
6.940613360646685770e+00
5.549626405391125950e+00
1.149020033682426600e+01
4.994569407323834476e+00
8.735413922124639186e+00
1.455920339849199685e+01
7.471528646672378926e+00
6.788981104028626312e+00
6.822760635395312967e+00
2.592415824747101194e+00
7.566399726344879895e+00
1.016657614606268289e+01
7.073430772603724215e+00
2.423051784774496564e+00
9.639943543765536305e+00
1.422265733491413053e+00
8.734724491273510694e+00
6.848184473646126591e+00
6.426850134828153926e+00
4.730153278869800637e+00
6.944405630275367614e+00
