9.335781247419463469e+00
9.719330453764532862e+00
9.360235381593392745e+00
7.611219424757807772e+00
9.406574958098699923e+00
9.309789775657884903e+00
9.238242218713502041e+00
9.212892146729851461e+00
8.866312438665401530e+00
8.960017197037341674e+00
8.404436806652020309e+00
9.322363136874617595e+00
9.344812301772618568e+00
8.364610759813064789e+00
8.344255194462544267e+00
9.609043522223380762e+00
1.012066664932051374e+01
1.014369472474727374e+01
8.924159639840032909e+00
9.452853087707163482e+00
8.455127989265445621e+00
8.361841097804608935e+00
8.407842073315293874e+00
1.015922309459396011e+01
9.800960741582038338e+00
9.360366475286202359e+00
8.389940731891838865e+00
8.731007433122755401e+00
8.998354987604567867e+00
9.469903302076243534e+00
8.398066792895487964e+00
9.183259891210223458e+00
8.746482368943754082e+00
9.352298806594713909e+00
8.418330402347912411e+00
8.365066845103866555e+00
9.323881844710692590e+00
8.360474861289111104e+00
8.448085124097081788e+00
9.432197943226848125e+00
1.003996848966389699e+01
9.400942893607874495e+00
7.429442296781906485e+00
7.717473915886175817e+00
8.830244004500681143e+00
9.266641631863548056e+00
9.337767818128064334e+00
9.380398827388352956e+00
8.469235729608712404e+00
8.736464246044024051e+00
8.452907207474293472e+00
9.215548486923522020e+00
1.010237167605143682e+01
9.210626020406982306e+00
9.330645081837099397e+00
9.292813467733983757e+00
9.212316159262693205e+00
9.572209036041801511e+00
8.438880413591917318e+00
9.180972292668110768e+00
9.356390977066588732e+00
9.266669218055010759e+00
9.196988451603191450e+00
9.298317531777039235e+00
9.195272477178532355e+00
9.368896500206657763e+00
9.397297035941441834e+00
9.251818420055538894e+00
9.998673217203506880e+00
8.503224563706442751e+00
8.576285443716193058e+00
8.531063115871791780e+00
9.437060538168008605e+00
1.035911147241984942e+01
9.263335696772214689e+00
8.757211798737786879e+00
7.725739485897253012e+00
9.016926105440251860e+00
8.801934850771859331e+00
8.447149153961376555e+00
9.293160230152706092e+00
9.744627085059622829e+00
8.449751338908779275e+00
8.401931388858482563e+00
8.534069500741018999e+00
9.076875198566309422e+00
9.115679816623309506e+00
9.454665137203843273e+00
9.207160041310505250e+00
8.381302524235650253e+00
9.570982762642765707e+00
9.045840357548748045e+00
8.443688687034061502e+00
9.514358746667204159e+00
9.374575765371204739e+00
9.450714163972710580e+00
8.765644656853847749e+00
9.411590141503538121e+00
9.164411815332302425e+00
9.267396152139676602e+00
