1.004758728700526227e+01
8.740875082679774977e+00
7.750400805034892926e+00
6.184571541055261079e+00
6.036156779278198492e+00
5.827583870648616937e+00
8.986652418119367880e+00
7.426186465262987646e+00
5.103158024702194595e+00
7.774808181685279429e+00
4.437530116993843698e+00
4.850965117564402185e+00
6.778457549304482299e+00
7.649188575583958816e+00
7.714829760223338440e+00
5.967341311906449342e+00
7.741205087904039495e+00
4.372318202812110144e+00
1.144345764747551542e+01
8.660522222226630262e+00
6.064815407960482574e+00
1.035781883198031927e+01
1.039572778520064666e+01
8.894998744889976550e+00
8.978438207907023738e+00
1.164877482897530925e+01
4.210122549634084166e+00
5.391350469900058506e+00
7.783259779379269716e+00
8.364154812157392982e+00
5.043875956388069071e+00
9.085402242068861156e+00
6.989099577873642666e+00
7.410929206186112062e+00
4.575168181032892356e+00
5.601222442653714495e+00
7.114185642630559414e+00
8.275874030177950758e+00
1.007329831530675435e+01
1.336660310415877362e+01
7.735378202385921220e+00
1.284447445429335311e+01
1.117193763386272387e+01
7.070482467902157175e+00
8.641060789681363374e+00
9.829304412455382334e+00
6.715353797755727605e+00
1.203906731357722038e+01
9.870714917264432842e+00
7.166699324525616532e+00
5.195398417856401885e+00
1.096794847243302762e+01
7.763443076255729380e+00
7.687458840373359692e+00
1.106232218659368804e+01
8.493984469687177352e+00
8.632906646281082175e+00
1.008670015807321185e+01
9.617884940661520332e+00
5.883380217475260743e+00
7.637224349578786153e+00
5.161516066342053399e+00
3.139089731911361092e+00
7.870512118862320605e+00
7.483311390265417806e+00
1.022994868125453216e+01
6.528224114406649292e+00
9.148938959360215506e+00
4.256897405858337535e+00
6.988406990946610442e+00
7.186810915914041864e+00
5.433806872760328588e+00
1.021754980382827505e+01
7.681100826058840703e+00
5.466679518827691986e+00
1.372600623497753602e+01
5.367951674256644878e+00
8.293036989502409639e+00
7.541177678978655763e+00
7.823721472691555157e+00
1.002740695436953366e+01
8.213029711042132419e+00
5.309952729534630045e+00
1.054702078119481179e+01
1.489383392564184128e+01
6.093247210174840056e+00
6.581339907467997463e+00
8.427339792627284609e+00
5.956320351879726083e+00
9.940855621736798042e+00
6.358684906073055920e+00
6.152615740041803782e+00
6.264225158587284348e+00
9.929832603267353619e+00
1.071272474652050377e+01
5.575156221617461050e+00
6.146406482035089880e+00
1.022401680203546093e+01
3.248461885482323730e+00
8.094449783512015273e+00
