8.905104719629324705e+00
1.304415170662257495e+01
7.769601280714723224e+00
8.958799936533754504e+00
7.715559116756273816e+00
4.584821623292975268e+00
5.776410644816755813e+00
7.372023199735600940e+00
8.810141419986701194e+00
5.719228020053256145e+00
9.385981777913782409e+00
8.118073981156801011e+00
9.281847850068434269e+00
5.383436126610686046e+00
8.971825821621720820e+00
7.733067269341529659e+00
6.864149334371830946e+00
6.192215496445511391e+00
6.748051980687457707e+00
5.084352870508188182e+00
8.145142049740904611e+00
4.294656668121825227e+00
6.793933263091041397e+00
1.093972419473939617e+01
9.319633221297989323e+00
9.531314113000650678e+00
7.324311426926567670e+00
1.079019092802493596e+01
6.366780745772171457e+00
1.181443702196224699e+01
4.895108026550893499e+00
7.299506253983887305e+00
7.599706345727089030e+00
7.497440414153247801e+00
9.092357670200742703e+00
6.077071113868132812e+00
9.446603726256437739e+00
6.970828098994547695e+00
6.242089539930579356e+00
8.912040164593506120e+00
8.108767837340852935e+00
1.081528399967587895e+01
8.572848073447666195e+00
8.065697503244990685e+00
8.079783142727572809e+00
6.686650642080033791e+00
6.856659407938709094e+00
9.802823302258476090e+00
1.037292251124902087e+01
6.652388584576390151e+00
5.649928671627128196e+00
8.368662982267402128e+00
7.333839668263800959e+00
6.886748163033636239e+00
5.938425629056728106e+00
9.358881945396840152e+00
8.905427534766575448e+00
6.827685613065351156e+00
6.364635253427390005e+00
7.100092465690583943e+00
9.178914623309379905e+00
8.179912912423464633e+00
8.747807153554225224e+00
1.088916220239580035e+01
5.264578216216863282e+00
8.750352855579986766e+00
9.061885032066900436e+00
1.002321255399305500e+01
4.222373320193115731e+00
6.649787075384398172e+00
7.641897921326697762e+00
7.690303368126656380e+00
5.024994848238280021e+00
1.057110610755444746e+01
7.733932044209256951e+00
6.833248693575812993e+00
7.388923735186161856e+00
8.824325220891418908e+00
8.498971245208080560e+00
6.598235941362474932e+00
8.122617835176326295e+00
6.732795084810812014e+00
7.661971268219602393e+00
8.572496945314718175e+00
6.104617363782206318e+00
9.014146397755514073e+00
9.803906066614807457e+00
8.957901331474358742e+00
7.110880734544899440e+00
7.309121048142045218e+00
7.743635158797808060e+00
1.132456230495104244e+01
6.596565264080799906e+00
8.073215746078290067e+00
7.754762134925668349e+00
7.582611442204718166e+00
1.079382064159974064e+01
9.054152503268616314e+00
7.905303266698027187e+00
5.428712296043811669e+00
