8.787173253597140743e+00
7.586753711766680119e+00
8.973498662907328338e+00
1.338349932760853456e+01
5.366425899042111425e+00
2.190007830631647501e+00
5.741376593412990559e+00
7.282412880039766279e+00
7.249591731875271172e+00
5.231321114675886008e+00
7.651404960127151433e+00
8.855764907664642749e+00
8.717941223119140659e+00
1.029668274302050968e+01
6.921127132548385852e+00
7.600536575872978595e+00
9.798369338194445888e+00
7.790123711974013432e+00
9.707175889238195410e+00
8.209592026734796377e+00
1.328628255327681451e+01
3.867656233202784843e+00
3.363568649330934690e+00
5.304595744016268988e+00
1.320748818085862020e+01
7.966828913861615291e+00
8.963126679958213217e+00
6.815674178197904887e+00
1.082680136751508293e+01
8.712134818764880606e+00
2.205240864457633787e+00
3.996894482603073229e+00
5.123117212121763409e+00
8.303685756887572822e+00
8.444644069173040890e+00
7.130979275747115764e+00
1.075158489079295343e+01
7.525898671229741765e+00
7.175421490423266491e+00
7.740841352271065290e+00
6.011421327825742900e+00
7.341009920531640809e+00
7.185278130346114622e+00
8.510698601301861288e+00
5.267605147882957084e+00
7.070580538673877591e+00
9.819186888023626381e+00
7.881948089107282840e+00
6.649663971257051109e+00
6.365762588494812135e+00
9.190059589827406228e+00
6.905389693135554730e+00
8.001487293351020824e+00
1.007726910719798852e+01
8.098664376625821504e+00
8.432346177559280065e+00
6.205102250710850420e+00
9.336202964243756952e+00
7.956887845276322757e+00
6.895704185653429796e+00
7.323431042185881701e+00
8.396501928424163097e+00
1.192458399429442117e+01
4.969629017479659794e+00
8.426745992638124960e+00
1.184290256966634658e+01
9.335392875569784366e+00
5.537825574430420339e+00
1.150209218130890676e+01
4.830584671183614454e+00
8.165892611841099935e+00
1.610839163659270667e+01
9.511393286614234555e+00
7.629524657142471966e+00
3.925745367603263869e+00
8.259550702072306905e+00
4.741915897616651776e+00
1.341216579347814530e+01
7.261839442332750139e+00
9.474321707521530911e+00
9.037393794038665717e+00
6.457056295757431563e+00
4.725399149058842063e+00
7.445690239797221999e+00
8.073937999338724580e+00
5.013263456163317144e+00
3.805902418698317913e+00
7.649769732110964782e+00
6.261350872123368383e+00
8.285174309897714195e+00
7.946789595711497789e+00
5.783285656955635901e+00
7.469437582809958620e+00
1.355858183381576687e+01
9.145098455332936638e+00
6.895931371291387002e+00
8.996155737835110244e+00
8.928212663908031033e+00
8.047281470700029971e+00
4.407944292192416569e+00
