9.757035226490483382e+00
1.033484362807477730e+01
9.202954992355790509e+00
7.401068608122732151e+00
8.350253188208760946e+00
8.396398205553943228e+00
6.486107054362749480e+00
6.598121870513881326e+00
9.175647268031493553e+00
8.933442334369205540e+00
6.957601773510148746e+00
1.103020422450084403e+01
9.371080079518801398e+00
9.959066477269800544e+00
1.029667374103214250e+01
7.711237803441135519e+00
1.026420574945776920e+01
5.791732504021989136e+00
8.610088933448766468e+00
7.347127944904152663e+00
5.540350654553756193e+00
8.698434116918647874e+00
6.059874961304641872e+00
8.912310125466706978e+00
7.393068837737260424e+00
7.728129301328412915e+00
1.079335374847533835e+01
6.198493133493103713e+00
9.609554107733227823e+00
7.668399399959420215e+00
7.133079277473853175e+00
7.670706676447277772e+00
9.607817405752914652e+00
5.928370280495564693e+00
1.169301971001645235e+01
7.348662126080277801e+00
6.960912067250477619e+00
7.070207056309791405e+00
6.186484557224485314e+00
6.866724486716908160e+00
5.041559921199017857e+00
1.595765745346181674e+01
6.858530732049147538e+00
1.098960479701165482e+01
6.725940865315800821e+00
1.140800929266027808e+01
6.382467365641704582e+00
6.929397119000507921e+00
1.086660806835972437e+01
4.535788207338875999e+00
6.706678140626102014e+00
5.668987731903978755e+00
1.055827800911249703e+01
8.362336056485952795e+00
5.590655437356232937e+00
5.666417809304425290e+00
7.013537594403223885e+00
9.897409688578484577e+00
6.677736252855485333e+00
6.704125732546001082e+00
5.599487476200943448e+00
8.183689945857089754e+00
8.861533188999331401e+00
9.398036971797806061e+00
8.967730140087457613e+00
6.694926691863380519e+00
7.418476449045765975e+00
9.704608071536155123e+00
7.914200903092050154e+00
7.886489706798455401e+00
1.326917254253525158e+01
7.870552243420096517e+00
5.134089441279183319e+00
5.663985591812901177e+00
9.461712052041558962e+00
5.589812411092254685e+00
7.517323719368392609e+00
8.104248394726310423e+00
6.360702503842983191e+00
8.356692511103453569e+00
7.403248971837226300e+00
7.813136937059277365e+00
1.351311374080091277e+01
1.235604750757692827e+01
1.357121068132796360e+01
1.048346814769865532e+01
5.269359017513337129e+00
6.750782557798658878e+00
7.649503356510007457e+00
8.497858487138739036e+00
8.486587920748176472e+00
9.069058453455587809e+00
6.820974018641957848e+00
1.382017783032141267e+01
6.500148986392277450e+00
6.225687122343734892e+00
4.926719384296410986e+00
1.333291404536507230e+01
1.191404863783229118e+01
1.000015141701846666e+01
