5.727093972563181090e+00
5.420031057119230944e+00
8.185890923870687175e+00
7.654445933349646403e+00
1.116830132008452914e+01
2.607889878373497616e+00
8.636322116486260470e+00
2.907993722466185815e+00
8.943966939436077013e+00
6.504643115923395058e+00
6.733110808638530287e+00
5.816840130563941003e+00
1.117598470467853389e+01
5.643972291559782306e+00
1.292786904340417209e+01
9.224212695527272743e+00
7.591772816065890161e+00
8.557595734477176919e+00
7.114425966676847679e+00
8.792303270414629779e+00
1.476987743592477464e+01
6.618485766240386425e+00
9.541949354121490146e+00
1.371538774816403894e+01
8.185307027304222771e+00
6.860866634177225087e+00
5.801671122842653183e+00
1.199434392018788742e+01
4.262923548287935738e+00
6.452175922159852028e+00
4.470803633749981465e+00
9.240389663082252625e+00
3.575305507744219735e+00
5.624045113664275952e+00
6.852028729523349071e+00
1.052472249950062100e+01
7.991439806963669845e+00
8.382280375678140771e+00
1.315599408017408578e+01
8.979107850255804379e+00
1.017411032426141482e+01
6.710394093605476229e+00
7.367417183523164326e+00
6.780442233164446719e+00
1.482574072983511293e+01
9.960661538162039363e+00
9.425901160815037372e+00
6.197845023874836379e+00
7.765903949502569681e+00
6.304004780522463491e+00
9.928092820120987483e+00
3.655944284660768151e+00
6.909344854216132426e+00
7.556702064702032651e+00
8.790616045599518813e+00
8.020742296122493897e+00
6.716750699527084478e+00
6.067246553299388445e+00
7.707128633548072649e+00
5.241041189998756344e+00
9.016960882867318006e+00
7.704717653726842919e+00
6.364087991497532570e+00
5.526404421854921090e+00
9.529230409883908237e+00
5.718156878438384716e+00
6.440055100597362525e+00
6.114286387730618166e+00
8.291791816713734775e+00
9.938768222465876434e+00
8.970386237144737152e+00
1.111128535982162546e+01
8.134060635594995148e+00
6.292587934582507536e+00
8.751415469066726516e+00
5.725048147319903968e+00
1.019172323576150241e+01
9.854814994252331317e+00
7.567638720726985291e+00
6.515782770302242177e+00
6.744596209602650383e+00
8.982541907152929994e+00
5.955520109196525524e+00
7.248548841456812220e+00
1.041673305064591482e+01
9.771138558393031914e+00
6.778850898772430078e+00
5.809876596563823270e+00
8.126311853934375051e+00
5.082628037913107910e+00
1.183676454289829749e+01
6.103491180657642623e+00
4.850700115029261461e+00
1.002272697297327220e+01
5.173567635295217571e+00
8.145885067704186966e+00
8.456524987978543351e+00
5.551811148538911667e+00
9.081131522860435012e+00
5.947034016485771346e+00
