6.801853481301365356e+00
7.754896615409703209e+00
6.482143570527655996e+00
9.753388854439503319e+00
6.815451363908968219e+00
1.089796626178103445e+01
6.244242712330806633e+00
8.706091779485118920e+00
1.022058099679452603e+01
6.871371926235897654e+00
7.223906002682690897e+00
1.025521442616279622e+01
9.646824407743425311e+00
7.298444640926313731e+00
1.279351658897126498e+01
4.191235700350839366e+00
3.287856571921755400e+00
6.521689592651303435e+00
6.716965645594020984e+00
9.433101429874977129e+00
6.257762062584337315e+00
5.194350532323385394e+00
7.125095512722809055e+00
1.213791617526051070e+01
6.730036878203602413e+00
6.703227938836687549e+00
5.797130740897165069e+00
8.599865600168101309e+00
8.236464212393853401e+00
1.152735433481519323e+01
3.799631567775691110e+00
7.173177084254018787e+00
8.934399902269818838e+00
9.513105948392196254e+00
1.013728296718654498e+01
4.200267121946842153e+00
1.001791976145897323e+01
4.840164972332186899e+00
6.046342003973051327e+00
8.221873925786447046e+00
7.357268787357771345e+00
6.648710927750834720e+00
6.738589111552511390e+00
7.224486681495502438e+00
7.052500969504628792e+00
8.381892529928236968e+00
7.175816591353838092e+00
9.476116803036243041e+00
8.656465969166166730e+00
4.197583860606288297e+00
6.874837302576002784e+00
7.236633286421406019e+00
6.582140511283286699e+00
1.181927474600260197e+01
6.508437392524818677e+00
1.152271354362886058e+01
8.242279758461169337e+00
3.564783583115008092e+00
8.013286699875477481e+00
1.025553173297551623e+01
7.694285870829867591e+00
8.734530894531145506e+00
6.525761248470350218e+00
1.295095257244366849e+01
7.352384235497903653e+00
9.557810202746999551e+00
1.075524026158601565e+01
1.097834971914895874e+01
7.867670814183939321e+00
7.813616686108310283e+00
6.580313713113591589e+00
1.401574293484764588e+01
9.064655195572621338e+00
9.316916610599893289e+00
7.645989339903977999e+00
1.127636434235419394e+01
6.844490230975104339e+00
1.097216846148279501e+01
5.793119911253851839e+00
5.287888082038529447e+00
8.761418253588741933e+00
8.579060387619986017e+00
6.031302402149569808e+00
5.834679665125382719e+00
7.544102529082678643e+00
5.003131000957405483e+00
8.386443544039977382e+00
6.382564846016588689e+00
7.239087848940533476e+00
7.018010706893329953e+00
5.755903628572351494e+00
8.078144356955171190e+00
8.220744809320345681e+00
7.458546115793713405e+00
1.164275954104843613e+01
6.732025681759212787e+00
6.046098897335079769e+00
8.770157802720408569e+00
6.097675176232289829e+00
7.824410423789128544e+00
