4.962091994878213619e+00
1.068311027278855896e+01
7.699385780935414481e+00
1.085033277017443076e+01
5.259136515604800444e+00
1.202850584837312020e+01
5.659970925971930633e+00
7.430604053681263643e+00
4.750731721900695703e+00
4.780011722360241855e+00
7.644932027521751827e+00
1.082546072650775670e+01
9.062680757376078589e+00
3.667048845979380189e+00
7.335412672903687259e+00
1.084557743461288482e+01
6.077993873200178143e+00
7.519090011018594311e+00
7.911040909428404433e+00
7.498364831040052358e+00
6.362339341156133088e+00
1.099517824581001513e+01
1.129661440578890641e+01
6.709061749545135456e+00
7.375675559569778272e+00
7.331155377969331255e+00
1.160883517314282187e+01
5.986053859321805781e+00
7.129670448098430313e+00
8.796636595362556932e+00
7.964425990203652717e+00
1.481895805213364525e+01
6.766822137377913826e+00
4.939233536059606244e+00
8.332810331739327836e+00
7.205986324276390853e+00
6.854857357631835235e+00
5.662026409712811237e+00
1.190883333102023656e+01
1.074690335907132521e+01
1.326836718563320794e+01
8.671657751767467559e+00
9.988305042840186942e+00
9.738140705715816026e+00
8.341090243908416468e+00
7.331635219888994470e+00
5.615751053907676926e+00
1.362817875085874597e+01
6.092369288478115763e+00
7.016581847272194139e+00
6.366801325242426479e+00
8.352637910702233270e+00
5.781927961286434048e+00
8.731717620150430292e+00
5.808439721143906276e+00
5.192048340494418213e+00
1.019349416738247349e+01
7.483689381973348986e+00
7.527426901391943481e+00
8.126665214758297395e+00
4.416071819874329840e+00
1.025779491703229951e+01
7.948669670657768194e+00
8.039851262611623639e+00
7.339775931894821248e+00
1.051305274370691478e+01
8.302217781213879988e+00
5.101718152489048919e+00
8.508012857525644179e+00
7.491705031855632413e+00
3.715638041483547926e+00
1.044389438105075385e+01
7.680622038337575397e+00
4.632446593111488653e+00
7.006965654737798310e+00
6.329737386433397894e+00
4.808624551196416519e+00
6.682688733744760690e+00
7.021410956157791539e+00
1.007054874908550879e+01
6.950146930786925914e+00
4.939492239201873858e+00
9.797987365970771023e+00
6.607789325269734171e+00
9.913222738224311215e+00
9.024428183715571095e+00
5.192323909371249435e+00
9.090730864786166876e+00
7.420903748141172152e+00
1.134926738312717376e+01
1.105336750887537356e+01
1.213479654411631792e+01
9.389513615516211331e+00
9.343595293957045911e+00
5.655064018102906154e+00
6.266963954797993175e+00
7.337504099954027303e+00
5.272699337799062747e+00
7.383262711889600816e+00
8.581357010877738389e+00
