3.359633183486379515e+00
1.096538376167917406e+01
7.616132337209768899e+00
1.026449878974549001e+01
6.493166142831844567e+00
6.609399302636333573e+00
1.281737410019985468e+01
8.421941929744427568e+00
8.587085559053631911e+00
8.113197817251629473e+00
7.782143312326657458e+00
8.610735118966358570e+00
6.409131918934700245e+00
6.939547208501219977e+00
6.671639452117520186e+00
8.011331933739727518e+00
4.039062700787231286e+00
7.460744357624838230e+00
5.590509509130817456e+00
6.471519611699969587e+00
7.100881111467942652e+00
1.327177790811503222e+01
5.729852465412466955e+00
6.103908458668678705e+00
1.317880420229094796e+00
5.016650683626393992e+00
5.028070587402268643e+00
7.907023618385835562e+00
7.226486706709954966e+00
6.853321792066305207e+00
7.950607212442313276e+00
8.157358622586775354e+00
6.531518817188202597e+00
1.393205861359245645e+01
6.128902917051137322e+00
8.513689338519105476e+00
8.980620848278341839e+00
6.865044994225486086e+00
7.591933566026231262e+00
9.683933429663586168e+00
8.647318132683789571e+00
7.201356090471485061e+00
1.042899668596380458e+01
4.189814704492768271e+00
7.598475908271253410e+00
5.501904299292000644e+00
1.157789091596463571e+01
1.308532024362628299e+01
7.374636464010110082e+00
5.811064179171413713e+00
4.844381564367615134e+00
9.343744676191310106e+00
8.544735969642735185e+00
9.191363226279225529e+00
8.952501033218149828e+00
3.623833710214968029e+00
8.735040176022506486e+00
8.386362163886303733e+00
6.399932272655004084e+00
3.602529089332769718e+00
5.922637745947800347e+00
4.866194100272524636e+00
7.923324908190629401e+00
7.837717776358403832e+00
1.086875052796523455e+01
4.340468603883127052e+00
8.576962983139193142e+00
2.575614772330065527e+00
1.015315164470388964e+01
7.112762996296785545e+00
5.697635595026448563e+00
1.017705914383187071e+01
6.556347733929296595e+00
1.027817904959029427e+01
6.144834329579455634e+00
5.194100735340132502e+00
9.478012224068850244e+00
5.781038195861016860e+00
1.335258335291690734e+01
7.691946060046873868e+00
7.701288108505747410e+00
5.195577863241924277e+00
8.409498144994406843e+00
1.069902177733111515e+01
9.513686914285390372e+00
9.310516886601078568e+00
1.102741538273328992e+01
5.134088336993550605e+00
6.625614159851561880e+00
6.475472996057698438e+00
6.629344291467464068e+00
9.657888336299068399e+00
6.975814332117385774e+00
7.256251012898275121e+00
7.475498502936745560e+00
6.564274824871850988e+00
5.285934848837563038e+00
8.108163531482576403e+00
6.595648730667119430e+00
8.387946222973381438e+00
