4.960327026329117039e+00
6.258680544112181998e+00
1.152250890554433660e+01
7.464821442829527420e+00
8.145317487299992720e+00
8.939019757518128273e+00
4.999815901669176554e+00
5.704703922003557359e+00
9.691656938721665782e+00
5.372213508017120276e+00
9.176738042305823129e+00
1.257041839704589137e+01
6.115480670544751973e+00
6.450229807203784915e+00
6.851786828123068496e+00
9.745372495011267233e+00
6.629240871520074130e+00
1.337896498452851546e+01
7.856649979471601597e+00
7.624247035027469366e+00
8.055876344875837702e+00
1.109302970632298546e+01
7.112060652679601525e+00
6.963671481946160036e+00
5.914546648824390296e+00
6.861824706214766145e+00
9.007544662921704415e+00
5.662079247668214244e+00
6.278342355109774786e+00
7.353669319967488072e+00
5.516373881683569458e+00
1.108010037946765181e+01
7.661445692071951363e+00
5.494796304912501483e+00
1.104075887623006480e+01
5.936225358059423307e+00
6.726540053463795132e+00
5.021447403085918637e+00
5.822607082617602181e+00
7.497157744780053257e+00
7.668297860245776754e+00
1.047708753474991461e+01
8.040022900765428915e+00
9.329566742874277452e+00
7.555761834654409093e+00
1.011063583426491697e+01
6.649884910837657870e+00
7.985876918297871718e+00
6.674468821777665539e+00
1.248572158268167520e+01
4.968196791434873916e+00
9.498235355572054672e+00
8.033229838209104301e+00
1.321196712853438804e+01
1.170798347938833395e+01
5.810356460924949396e+00
7.439350066084265301e+00
6.772670503798321029e+00
1.317670644694926985e+01
8.501035850506800884e+00
1.092644740982215446e+01
8.342802531570404412e+00
2.762767961672719430e+00
1.058849047124298259e+01
8.911739728203913913e+00
8.996957096505218132e+00
8.134674888261542947e+00
9.683932467906700481e+00
9.902104153246854779e+00
8.477964016604902397e+00
7.215746848590278262e+00
9.109026866595714367e+00
7.788804153571601496e+00
6.985002373477087190e+00
7.219498653799448995e+00
8.183009077611716364e+00
1.048258960313932775e+01
7.988096379904864541e+00
6.340977748727230967e+00
4.328142816353144795e+00
7.572634741945888592e+00
8.988582147600975958e+00
9.317456518013532474e+00
9.148761282516220561e+00
9.082965896646856052e+00
8.758451878707029792e+00
7.805161644703839663e+00
1.093363931401978739e+01
7.072673125297348484e+00
8.107379517057898610e+00
9.907589413023806912e+00
8.818652386031558876e+00
9.409435500868585933e+00
7.510160189802884467e+00
8.848286780173070909e+00
4.876785898929532515e+00
6.099159991747045595e+00
7.645731778569173187e+00
7.019333788618315140e+00
7.874996126992414247e+00
