5.729166877832856386e+00
1.032332655591083359e+01
1.186895410933265183e+01
1.052413193090163368e+01
6.855151420542039631e+00
7.568348151430413395e+00
8.884699476460081513e+00
5.495606388645248863e+00
9.527806442026914624e+00
1.182586727879073685e+01
9.042502669998821574e+00
3.159954088927641180e+00
9.204832858536118323e+00
7.621011158472910552e+00
7.459551425287405557e+00
1.220138605163951340e+01
5.958320595655745677e+00
4.910633000946608817e+00
1.028648757105782785e+01
5.794644191479664919e+00
5.662213007704012036e+00
8.194528420150440695e+00
8.727757543418984909e+00
5.966866141754147534e+00
9.739248905444991777e+00
7.389787009552607699e+00
8.056629088124351412e+00
1.053111290366097741e+01
1.336703190711142675e+01
7.377354915657719836e+00
7.540073132834503866e+00
8.744552282212152861e+00
1.098740533679720599e+01
9.543010443719966318e+00
1.021360580453817946e+01
8.549228775133970615e+00
1.292771532791142164e+01
6.521774788789510779e+00
5.507166326002436385e+00
1.183472800731267682e+01
7.367487942150772184e+00
9.546363483591990828e+00
5.951061402231462516e+00
1.072688064035654776e+01
5.875667238058686515e+00
8.553755316597783320e+00
1.218745186335561748e+01
7.087464440744967398e+00
7.846807171063993280e+00
1.232521043872475808e+01
7.591274308618611855e+00
7.659098633803648859e+00
8.385302676276324974e+00
5.129841412211474605e+00
6.139413191949774529e+00
5.801661588394606994e+00
7.329225381292642894e+00
8.595199300453977287e+00
6.890062208805341371e+00
7.569909755196541745e+00
1.454690364946236514e+01
5.802382348919302046e+00
6.638751411777316314e+00
8.150165740809622861e+00
8.623638397779433973e+00
5.587759461130948679e+00
1.099682075957194449e+01
7.874789309532958193e+00
1.025393195290888215e+01
9.248261340620414828e+00
7.665116536868404218e+00
6.725741365784461578e+00
6.193732689807951886e+00
5.908196492848327708e+00
1.027600808786892905e+01
5.006517130638593827e+00
9.745025495274731497e+00
9.160970008625501038e+00
8.257066340017271244e+00
8.496944325296780676e+00
6.998072140137875152e+00
7.569790431995769175e+00
5.913446000008261372e+00
7.326017796309558960e+00
7.961311283359855828e+00
6.647870334582870022e+00
5.981243284631371893e+00
1.087749220828535712e+01
8.953763331659512659e+00
8.755885317159643577e+00
7.756343093439356018e+00
7.178957191857583631e+00
6.624399813318722074e+00
5.385573097620464544e+00
7.149829599250820067e+00
7.999809989349619954e+00
5.933471883438510730e+00
1.002866158906936711e+01
8.792548257406780365e+00
9.633487625373923890e+00
