8.430830285034296878e+00
9.407541121994665190e+00
7.390192570350303747e+00
8.361467156497839781e+00
9.367161216610096375e+00
9.450667733780154123e+00
9.688797482718433329e+00
9.996977119732438410e+00
8.496814182607131727e+00
8.605035609306622035e+00
8.484683933135187317e+00
9.442917399109928667e+00
9.227280713785095401e+00
9.308286239208353408e+00
9.379815102733690679e+00
9.907837849087425042e+00
9.640698422262435230e+00
9.703695396112609117e+00
9.323830494195526342e+00
9.299908013776104099e+00
8.989937266446407449e+00
8.384985729973866597e+00
9.832217536200921870e+00
9.582712778678926568e+00
9.422206299070218449e+00
9.478967436135313562e+00
7.430252092900006211e+00
9.307651031212341053e+00
9.234317948886962668e+00
9.606001742624163953e+00
9.321314307795299570e+00
9.509160991107988181e+00
7.714910515682890768e+00
1.008875981451163106e+01
8.223204395467403671e+00
8.922749849316618409e+00
9.398496312367731420e+00
7.447581030181997797e+00
9.101287304314576332e+00
9.826187462796927008e+00
9.498262495214516932e+00
9.380544623852811625e+00
1.020363452108554725e+01
9.439211180823157576e+00
9.713386954239435767e+00
9.421200120319259241e+00
9.672872043587656066e+00
9.098519686938326245e+00
8.400587487675259979e+00
1.012654791780135710e+01
9.463880556912924291e+00
9.433299034401660066e+00
9.733596178405850452e+00
9.275315454840667329e+00
9.245570895147450230e+00
1.002095510777060205e+01
9.218227918349887418e+00
9.613688223508104258e+00
9.384509088737488014e+00
9.385861125492379387e+00
8.428984249393382200e+00
9.423694571508503870e+00
9.696796890143986047e+00
7.384340993978455892e+00
9.356080843155842430e+00
9.722136867663461857e+00
9.495680201904448836e+00
9.323977614543791148e+00
9.562406599370406823e+00
9.407326732379351242e+00
9.518206961288642631e+00
9.087823375997574615e+00
9.556389663759304653e+00
8.535923150213605481e+00
9.569524482661524445e+00
9.324285403832146102e+00
9.401265006930200840e+00
8.589639013006914681e+00
8.332003026622649244e+00
8.514616409852239443e+00
1.040083654239207256e+01
9.363306988970611755e+00
9.251193565023674736e+00
8.431142474954407717e+00
9.445472958936329988e+00
8.310608972120228088e+00
8.696700759257181446e+00
9.363338586106532802e+00
9.365908588944906299e+00
9.187537298437256084e+00
9.411483994572332534e+00
9.403977288380913180e+00
8.566173277107859363e+00
9.225444524235658861e+00
8.533647191312283553e+00
9.418251434238705144e+00
8.403468886194517040e+00
1.000589989859223117e+01
9.430378444600325594e+00
1.001887798633773841e+01
