4.474784084438255150e+00
4.436397856573785603e+00
3.452764939527552812e+00
2.483710947403529712e+00
2.485241933412191795e+00
3.411689854494627028e+00
2.508684771988162865e+00
2.421402268455034257e+00
4.442567178857164123e+00
2.473057788430139237e+00
3.534247367099477177e+00
2.454215233982999678e+00
3.507254891743183389e+00
3.469624679489751617e+00
3.460565758546352733e+00
4.424077631450563430e+00
2.426063584225749192e+00
2.448058589835280685e+00
3.486819201379755206e+00
4.520873526667825715e+00
3.537616504319898159e+00
4.456793033969327134e+00
5.436374420007210162e+00
2.477832671986657687e+00
2.462261436936645342e+00
3.440981911065252863e+00
3.461384219696265419e+00
3.454716446452525958e+00
3.460304219378318447e+00
3.443664348980230994e+00
3.427224412751776583e+00
3.558898123623153609e+00
3.483311933807271110e+00
3.516783551926945250e+00
2.502337014686550454e+00
3.461675217476503530e+00
2.429770383895499819e+00
3.510448813399636325e+00
3.493516337460286891e+00
4.455896712620565303e+00
2.471081052234954889e+00
3.531955555215648523e+00
2.508630205430899984e+00
2.449614253884438320e+00
2.519259191129018749e+00
2.508044771281869423e+00
4.429701848252288521e+00
3.494238151466895204e+00
3.492464011795449519e+00
3.446080383041240314e+00
2.486670412570327393e+00
3.510116997449990617e+00
2.526238189306241555e+00
3.522769351820000505e+00
3.508754854991947170e+00
3.487623544221968519e+00
2.460258993990267040e+00
3.456512061203271813e+00
2.457835512826277213e+00
3.449541770868941537e+00
3.418216341229034505e+00
3.439117021543936392e+00
3.440660872541629445e+00
3.491128091368986386e+00
4.389063532478224339e+00
2.459215104605483759e+00
3.448087493460361141e+00
4.440325046626089289e+00
3.485014543876096216e+00
3.408773536457475828e+00
2.425684917058094303e+00
2.429099503021921347e+00
2.476229810205592852e+00
2.439818892965918806e+00
4.420598460993775625e+00
3.390960152975174946e+00
4.406031149227006338e+00
3.468919044883613356e+00
3.475894784922781700e+00
3.426461690650634662e+00
3.452740695869483289e+00
3.485644974893455483e+00
3.462364810358038003e+00
3.448552392704497649e+00
3.458379001780630624e+00
3.490015084897041042e+00
4.480002865274025581e+00
3.469208136587290436e+00
2.396054704194105156e+00
2.520252402170276351e+00
2.461019267888187034e+00
3.434471908387072947e+00
3.458358325416807322e+00
2.439698345340336250e+00
2.530319004281786022e+00
2.436341810162392374e+00
3.443610957627375235e+00
3.435266846926724238e+00
3.509519939406978928e+00
3.462767376366561400e+00
