3.465250102745703664e+00
3.460642682521548608e+00
3.481906686646378812e+00
3.380256595452263202e+00
2.475400527947447138e+00
2.483802508436130374e+00
3.450353151509054861e+00
3.420713934923038657e+00
3.506306383454689701e+00
3.442351733937234481e+00
2.472042164083589899e+00
2.512322654951420375e+00
5.457129392459984629e+00
3.490109735105359601e+00
2.472445751195996522e+00
2.442737931473367485e+00
3.403053526423001074e+00
2.485611386607951001e+00
2.476158736114324022e+00
3.412417885467417644e+00
2.456630878604991519e+00
4.422333604496834880e+00
2.409912091931238898e+00
3.409083580367448185e+00
3.524809415456103601e+00
2.438182277483653237e+00
2.509693677215599550e+00
2.451057646067128726e+00
2.475011196032567362e+00
2.451751508671555779e+00
2.574846512294951317e+00
2.450820713186907529e+00
2.504461633387805364e+00
3.444258679916481825e+00
3.456258560516486167e+00
2.494513325483790123e+00
4.431853499225205439e+00
3.519923613027677423e+00
4.472558631710479737e+00
4.478720747013584358e+00
3.470591661277175444e+00
2.464357372998550400e+00
3.472692671135567899e+00
2.458560142962341821e+00
3.435835904366368432e+00
3.447124826290063115e+00
2.439606700450708043e+00
3.500842167263738869e+00
3.497909332521146109e+00
2.479042852031987376e+00
3.462667603814929773e+00
2.451066355654231810e+00
3.480758206616449524e+00
2.491748923293693352e+00
3.445986733471815722e+00
2.509922484675092047e+00
2.470429665454149326e+00
5.448223487718807156e+00
2.476016687191834542e+00
4.463631071202843081e+00
2.459707057672416042e+00
2.558474783223696480e+00
3.463208770112352397e+00
3.497391386444609118e+00
4.466575553445555791e+00
2.466354250245060165e+00
3.521903742366111256e+00
3.477259717721919774e+00
3.474930384666115035e+00
3.516887558344408138e+00
2.508150430672702047e+00
3.506153210748876425e+00
4.501093898900482948e+00
3.492279800080938745e+00
4.439472192365876424e+00
3.517591956834032363e+00
3.540950738143164855e+00
2.449272683514533977e+00
2.516372359820557403e+00
2.458110221708917909e+00
2.433887606673018400e+00
2.503294634898433735e+00
3.447956151585755524e+00
3.447758836245261360e+00
3.466490341724548951e+00
3.435842211084173758e+00
3.505794968374136733e+00
2.510478922026157633e+00
3.459707365968407000e+00
3.476960467504580876e+00
3.499385079534656384e+00
2.498062338066792787e+00
2.470834953584652105e+00
2.463203993665619151e+00
3.461042216585437092e+00
3.426830214831949828e+00
3.454790832212515372e+00
4.467628811826346968e+00
3.457410470613889952e+00
3.499005985655753825e+00
