2.423832329683786924e+00
2.460473227431980714e+00
2.502921974261732796e+00
3.437476186075386408e+00
2.484569066509481061e+00
3.502787421687494795e+00
3.503010198464990399e+00
3.560321578061068859e+00
2.471631815941425891e+00
2.494191418010267558e+00
2.495612759288309501e+00
3.431272904217537612e+00
2.513996136849324881e+00
2.486949139477471427e+00
2.518371125782307374e+00
2.515599327932288354e+00
3.418827477372939683e+00
2.498257305720086308e+00
3.473562222213310680e+00
2.511751288786530534e+00
4.450931790149710743e+00
2.453215992012385271e+00
3.453327972507207022e+00
3.486740819725592910e+00
4.436765196910729792e+00
2.440227209177969758e+00
2.427511726275566772e+00
3.426266239648837253e+00
4.407951977173600433e+00
3.461433601957951911e+00
3.381460832791005622e+00
3.454926412073176412e+00
3.484530638576777140e+00
3.409759529473494144e+00
3.444463988594197001e+00
4.467749514241346809e+00
2.500434958453817469e+00
4.493895233047759952e+00
3.460083334463373905e+00
4.450601146581433909e+00
3.437563581913343658e+00
2.437392026960771840e+00
2.441364505686424824e+00
3.438116036613236837e+00
3.432687307631663742e+00
3.472506406554044744e+00
3.429926027725684445e+00
2.471407510978138600e+00
3.477373204082179203e+00
2.458158387572655368e+00
4.432483790740735508e+00
2.516511705151027289e+00
2.486922112739422985e+00
2.503185050268327050e+00
2.442081527350598691e+00
2.432864055339232667e+00
3.415103597404521185e+00
2.461906512066186270e+00
3.504761116977926250e+00
3.496728419674014710e+00
2.436381111162339685e+00
2.487456795702192913e+00
3.468072536402970307e+00
4.401673628230780899e+00
3.442420951426158116e+00
3.483502626963201898e+00
2.450187934655088995e+00
3.435500601569866586e+00
4.452917903190810378e+00
3.478381654696371950e+00
3.499553169065892533e+00
2.492951582735560390e+00
2.484200684966900496e+00
3.481838779547240748e+00
2.499333993777112184e+00
2.501621568544908580e+00
2.520507773744372404e+00
3.438598158861132958e+00
2.464266027697412209e+00
3.594884048715056846e+00
3.476173816122162030e+00
2.460464734796219410e+00
4.468436753282312601e+00
3.459909674095661192e+00
3.430687476919580536e+00
3.464472514362764599e+00
2.491388384534396039e+00
3.497368629246898397e+00
4.500991046536515050e+00
2.546179154207237616e+00
2.427533924642371499e+00
2.453569914965923804e+00
3.516363668779236562e+00
3.498253239294563777e+00
2.489307365522929416e+00
3.485109384827068446e+00
3.472690581928398856e+00
2.508651536878125032e+00
3.481500961625011659e+00
2.501962061179745511e+00
