4.441853832020874471e+00
3.501695572087573094e+00
3.474703002543626518e+00
3.536869915074600357e+00
3.502995814636824967e+00
2.529294196762035707e+00
4.468440166827165605e+00
3.466940200124041915e+00
5.407950297896316982e+00
4.457315158954877177e+00
3.407992115071019956e+00
2.507161933598540671e+00
3.434530517573780362e+00
4.480217379066026240e+00
3.463691825046477657e+00
2.513577465297891944e+00
3.459068753951362929e+00
2.485971937586068492e+00
2.479857292400903024e+00
3.409712846989795931e+00
2.471311846022762104e+00
4.422514353046846480e+00
2.473925228643558683e+00
3.492021497932397800e+00
3.491244322529655886e+00
2.483080184080141084e+00
3.412500757651783623e+00
2.466855772576706851e+00
3.469288301377882799e+00
3.484950318627856980e+00
4.431590327191447187e+00
2.467061405602843926e+00
2.472174031658787463e+00
3.437024552394694954e+00
3.487490879201020633e+00
2.489245812586115214e+00
3.477298865359864877e+00
3.405233956646867011e+00
4.523589093751885670e+00
2.486112828154432908e+00
3.485810126199379688e+00
3.478580573835446721e+00
3.506719456159961279e+00
3.517141031946691143e+00
2.471529533742618856e+00
2.444753599062610583e+00
2.472480317671174710e+00
3.470319623829059896e+00
3.459859912501812573e+00
3.511866673794394433e+00
3.484322952067060886e+00
2.450061646574996033e+00
2.437124564386259351e+00
3.436040614454525244e+00
3.510615808828764450e+00
2.470932074961626590e+00
5.416774505379219562e+00
4.460761151540969749e+00
2.474662941135868710e+00
3.500809152479389841e+00
3.482122355907371070e+00
2.480847135171351692e+00
4.501332241080300278e+00
3.510660297701733157e+00
3.453298966747144760e+00
3.503383850482466144e+00
2.523554400112088203e+00
3.494665738860604609e+00
2.472642715293900118e+00
2.465479795799113027e+00
2.435590959504252417e+00
2.491221675082232689e+00
2.463168188993540397e+00
2.556468103453342078e+00
3.434254426890495981e+00
3.518089064114221731e+00
2.469538563526075148e+00
4.418212988832027399e+00
5.431972122597481523e+00
2.506392571096282218e+00
3.498532553590600003e+00
2.437358387888793221e+00
2.506154321907731131e+00
3.436188834746377818e+00
2.502696075302420997e+00
3.483501950680591985e+00
2.495182170779297159e+00
4.441880484714224586e+00
2.406928255612545975e+00
4.482002772959595482e+00
4.461893272595944815e+00
4.423960798261938443e+00
2.440039619971530627e+00
3.461653746372043372e+00
2.461319111021366801e+00
3.436305819432818875e+00
2.479828317432910989e+00
2.487929617148969097e+00
4.475585226908345149e+00
3.530452089996528819e+00
