3.430017231959807678e+00
2.431437805260943108e+00
2.500196820673471265e+00
2.456692562767518684e+00
4.513083572267074572e+00
2.544989928704513904e+00
2.485847229393420843e+00
3.475767543820559524e+00
3.465943455081688995e+00
3.474473628440152062e+00
2.567900205477101849e+00
2.454608185623735395e+00
2.460935782648704162e+00
3.483662941141027147e+00
3.491381520437562003e+00
3.459289753394669820e+00
3.499387778193301379e+00
4.438306470044385499e+00
3.452894969123032620e+00
3.410698103022342220e+00
3.404925668489072077e+00
4.460680687225022645e+00
3.486811364139161373e+00
3.540550576780184588e+00
3.455437137851247620e+00
3.487465862769991709e+00
4.459353724397358221e+00
3.458042037938637403e+00
2.442842143522378606e+00
3.432292094875316391e+00
3.464578352497921898e+00
3.483248218573827160e+00
2.445576005396343344e+00
3.375309299721406475e+00
3.552129281340549394e+00
2.474404008036743097e+00
2.437304796436972953e+00
3.453721286654884537e+00
3.515659350730652832e+00
2.463360175342079295e+00
3.413949444140139011e+00
3.476060350293355583e+00
2.529987564989863547e+00
2.435597193863809462e+00
4.404706892201054380e+00
3.484254849262779619e+00
2.484081029976382027e+00
4.444907170956634346e+00
4.417721752803023705e+00
3.484142370771352581e+00
2.482898361496499451e+00
3.467103439914047236e+00
3.480336781861167683e+00
3.421200096336441732e+00
2.412601839480704502e+00
3.516954819668701049e+00
4.452362759937527947e+00
2.523824434654616589e+00
3.499995165463865909e+00
2.478505998089637341e+00
3.523325002038156573e+00
2.522711449927561134e+00
3.475958748532881781e+00
3.514873066403478408e+00
2.435971585560439578e+00
2.554407645622339462e+00
5.405352914371577278e+00
2.451142601087631157e+00
2.465595727445370144e+00
3.477083934393458087e+00
3.451232104761854380e+00
4.515236424833757312e+00
3.426119397723266236e+00
2.484400389368222051e+00
4.460225700139036853e+00
2.522201564963638898e+00
2.526724704491297935e+00
3.469039930254969928e+00
2.476322997709779372e+00
2.492589689414140164e+00
3.550876011885587324e+00
3.480118944528462155e+00
3.430656853026285091e+00
3.507078329038442632e+00
2.483132496413048340e+00
2.478657810308914744e+00
2.481693227238631394e+00
4.464647157310158931e+00
3.433937208768371274e+00
3.443144521041515915e+00
3.500077380436568575e+00
3.483268661594888904e+00
2.524085575501417988e+00
3.543028707251130616e+00
2.510737115599852576e+00
3.518000171057133585e+00
3.432886443600400295e+00
4.431108626851529841e+00
4.502789509610396479e+00
3.488058999355527323e+00
