3.441111095176597079e+00
4.509566901088780000e+00
3.497343911789301707e+00
3.472422955743582396e+00
3.458117520252384836e+00
2.483743517618338448e+00
4.510638328868978419e+00
2.501415741424045436e+00
6.446170711437318346e+00
4.502077099599488541e+00
2.507598109606407277e+00
4.487376409649606046e+00
2.428304363483128725e+00
3.488788636966067891e+00
3.458770362018618982e+00
3.513015356514932908e+00
3.427925978555268482e+00
2.453867403192234509e+00
3.403536680856370289e+00
4.499412613258669147e+00
3.456154057144282810e+00
3.496851416385369671e+00
4.473566890995987144e+00
3.426971807286095295e+00
2.466776976834666790e+00
4.434877708814356723e+00
3.551329460962926454e+00
2.459453881068032199e+00
3.475007213176787069e+00
2.494720034078641291e+00
2.417496373278939625e+00
2.450086899058535828e+00
4.420655248857126018e+00
3.403798995604048638e+00
2.523339774126075241e+00
2.443705117067346055e+00
2.505562883436124100e+00
2.452257787135454059e+00
2.532325423561153421e+00
4.465195269199138117e+00
3.441380313935378243e+00
2.472067363803168050e+00
3.517041131462424364e+00
3.431085521879851719e+00
2.494299670231292509e+00
3.478824900596092728e+00
3.446069181133312842e+00
2.461071663267819787e+00
3.434761185077765511e+00
4.451178432282119957e+00
3.453538530037219001e+00
4.402811578147143301e+00
3.487741088778703258e+00
3.449940815153209606e+00
2.456619549956891468e+00
5.441269939247736609e+00
2.499826334076867607e+00
3.413737333230025150e+00
2.464103313703954967e+00
3.472632879903397640e+00
3.474293417210603252e+00
2.542995377263792545e+00
2.462997782756489507e+00
2.434145069857194255e+00
2.496609870286964572e+00
2.507913374602614986e+00
4.417163289546131466e+00
2.486688522585616123e+00
3.490713510315576862e+00
3.431725924243506309e+00
2.457191914906951435e+00
2.443892276975568212e+00
4.441988426669666978e+00
3.523872151750225612e+00
3.476550995284271917e+00
2.489858864349464795e+00
4.394885948770761885e+00
3.435999537120649538e+00
2.518487191615302656e+00
2.458615872270700997e+00
3.432098158183711778e+00
3.447951719399838133e+00
2.444391790729302461e+00
3.479663267330020293e+00
2.449686371420137565e+00
2.491213593417418437e+00
2.464136830173325965e+00
3.493496476845930676e+00
2.473408585368826351e+00
4.469545711380611408e+00
3.463446429230069512e+00
2.456866973744644245e+00
2.455702676026477516e+00
3.468962734223850930e+00
2.461722921218502780e+00
4.437516453485017109e+00
3.501619977038103571e+00
3.461736983471105589e+00
2.504796130485859251e+00
2.491717831282680873e+00
