4.512464817210666723e+00
3.455611695598626909e+00
2.492709411116643903e+00
2.534388928451642542e+00
2.471945802060525832e+00
2.550823354282466315e+00
2.449450152962733718e+00
2.500832610796556388e+00
2.471029286523757307e+00
2.450885654858430129e+00
2.479618235126091808e+00
3.500544858074119858e+00
3.421078732623839436e+00
3.481256402750621870e+00
4.444688661936198493e+00
2.537854303985099147e+00
2.498604180819047560e+00
3.437217090110092688e+00
3.478123315469408894e+00
3.484273745735409822e+00
3.461931748916883489e+00
2.498086638651206393e+00
3.455567264818176554e+00
3.459362172441503791e+00
3.526828608625202754e+00
3.519472025975103335e+00
2.486327107059462360e+00
2.448544141068914382e+00
4.485205694410998589e+00
3.451801932991218180e+00
3.406276657851592393e+00
2.462453965625684749e+00
3.511285896263660167e+00
3.491627639122960147e+00
3.402456142044367304e+00
2.498195485118046566e+00
3.503110137057262818e+00
2.471776490769048706e+00
2.420600434663205736e+00
4.488523220346512410e+00
2.456447513489980139e+00
4.467616564139327728e+00
3.475692125155900314e+00
3.499238371897704258e+00
2.459654946472415116e+00
3.474273194199886561e+00
4.431189884633249143e+00
3.452725311503885841e+00
2.516822509481256187e+00
2.443748629925512006e+00
2.436559125291064998e+00
3.469638595369235468e+00
2.522651409147723456e+00
4.438225738067522741e+00
2.446994026035596903e+00
3.410839626937203661e+00
3.481319452670525560e+00
3.471527984326882255e+00
3.463416863522807976e+00
3.440811224567288829e+00
3.470788312780918261e+00
4.466103509037909092e+00
3.462929647861150873e+00
3.439606294828084110e+00
2.442095429503813531e+00
3.532618008812894672e+00
2.479053468783204650e+00
4.507799417720740998e+00
3.423160205153332747e+00
3.416194728918206636e+00
2.417091585726581116e+00
2.441307728607140515e+00
2.467794469225851994e+00
3.461673798997645601e+00
3.460721676865188279e+00
2.469015771168133533e+00
4.463127855761409357e+00
3.440050195243412379e+00
5.448312963037288625e+00
2.483522845377760024e+00
3.441614163422428430e+00
2.478946879185738528e+00
2.529121492874597532e+00
2.462365132544969804e+00
3.478713740301090596e+00
3.481838365932341528e+00
3.503069044532153065e+00
3.484377758699284566e+00
2.411015038094788121e+00
2.525201627812445171e+00
2.486311189525458154e+00
3.487402815035575365e+00
3.482418977475239874e+00
4.429259632224174403e+00
2.485723908143190553e+00
3.446641743435790772e+00
3.476716293455461404e+00
2.455800715299873538e+00
2.518146685169045718e+00
3.454084170666068765e+00
