2.498270733996282633e+00
3.521323184433131193e+00
2.475863902492419832e+00
2.469982722926348906e+00
2.508864662296906634e+00
5.430783561107189072e+00
3.443590725268230734e+00
3.458274582991217372e+00
2.470817811430760624e+00
2.493641495882123138e+00
2.465050637989281590e+00
2.495435932842797300e+00
3.490712627169500148e+00
5.421452578384560184e+00
2.472787565966571677e+00
3.456315220725369119e+00
4.460260829405945593e+00
3.405518409665624358e+00
2.431728165902922179e+00
2.464812890222631836e+00
3.428720036493532852e+00
2.457755580225273739e+00
2.499095100609770359e+00
3.447396492679420277e+00
4.550424942158555197e+00
2.448098465774383392e+00
3.494952412524602092e+00
2.497435476693938838e+00
3.453669014452875441e+00
4.501335349120425100e+00
3.464372947417198478e+00
3.511454878008889224e+00
3.502283362227828878e+00
3.432782020460846795e+00
3.549452526853491552e+00
2.470735958924333175e+00
4.461536115355743348e+00
2.434328743018520758e+00
3.481837298580423123e+00
2.509952208125150630e+00
2.532303632728805987e+00
4.497016204338550871e+00
2.498904622401341147e+00
2.453054570468248041e+00
4.498708968929774343e+00
2.491200724746163164e+00
3.418888518658487641e+00
3.472587300517086195e+00
3.466536193932313825e+00
2.503017278738744356e+00
4.464528831850495649e+00
3.505031141762080527e+00
2.415367854108319445e+00
3.430033807221997133e+00
2.525128952299811047e+00
4.478748513616378268e+00
3.465749267196444272e+00
2.515724419615911422e+00
3.458807362907195593e+00
3.468519960964280724e+00
2.426500612293664094e+00
3.496648669024655209e+00
3.468034534930418022e+00
3.503706813160633260e+00
2.515971210568001659e+00
2.512181894116633174e+00
3.459593977495372119e+00
5.417268455283640982e+00
2.484148712784230550e+00
3.506912404972892361e+00
3.486880037397348975e+00
3.490088170922936772e+00
4.536490470859579460e+00
3.467176532232627117e+00
3.506272042140568868e+00
2.521534803245496281e+00
3.469093155491237201e+00
2.488558534220807417e+00
2.467060988397032251e+00
2.503554392614250723e+00
4.453553684723959627e+00
2.467264288157887009e+00
3.514457190539128639e+00
3.549110745433542213e+00
3.491550024190326784e+00
2.495598302443247540e+00
2.472828997650622807e+00
3.406453701904039288e+00
2.487054289238740612e+00
3.499344882699787274e+00
3.415077839725335629e+00
3.475092297405055763e+00
3.449537833131700371e+00
2.414428998562695217e+00
2.511097043385967176e+00
3.446711656036395954e+00
3.434090186131179223e+00
3.497193543207337996e+00
2.463493622515680048e+00
3.518037684158010769e+00
