3.504442676236227072e+00
3.497460009615408261e+00
3.485536253326599443e+00
4.413498768871551903e+00
3.468324958917297085e+00
3.469970471666950385e+00
2.496099238004051202e+00
3.438632551895442369e+00
2.463185307340015395e+00
3.444830017525721821e+00
3.470475532584661682e+00
2.429136049713479739e+00
3.521733106455648077e+00
2.474304155140946371e+00
3.469393983758624511e+00
2.562444216070848491e+00
2.462675342157699454e+00
4.457124146809766430e+00
3.484699755522345122e+00
3.499825471400977328e+00
4.446248760103117093e+00
2.498612993909300251e+00
3.468841494528486891e+00
3.433586349193269438e+00
2.486203219633702499e+00
2.466913206705248829e+00
3.452930601209216910e+00
3.454259247577883052e+00
2.493395871461032698e+00
3.471495690457038652e+00
3.445044444470626299e+00
2.501689823428802306e+00
2.476451174664534349e+00
3.534037490463218134e+00
2.463936379471577176e+00
3.514141497460968377e+00
6.369145340524128507e+00
2.511238871535913297e+00
3.498507480678164416e+00
2.482986211965207080e+00
2.503823540626658684e+00
3.455618342777110996e+00
4.426228500632010565e+00
2.503277805421048274e+00
3.468937580650746977e+00
2.415886702343400749e+00
2.459842572730502219e+00
3.467567370545740602e+00
2.465230158485885337e+00
3.454066951352891213e+00
3.418371585562309356e+00
3.483637999615866843e+00
2.508392481025041754e+00
2.439336082031380304e+00
2.435106148578925378e+00
2.439305655919044469e+00
4.464137981116410359e+00
3.445817777215332001e+00
2.488553236311213279e+00
3.449973956463751268e+00
3.520887440454679052e+00
3.429733298502371852e+00
4.464589926033712963e+00
2.494391254801522795e+00
2.510089885140123211e+00
3.437832388183044596e+00
2.487571594147750531e+00
2.492876418634382585e+00
3.475932864181917381e+00
2.464314877619489863e+00
3.534811674287527516e+00
3.475608523081374912e+00
3.427174225562139132e+00
3.530651065637646635e+00
4.486695818145269854e+00
2.466318336342773865e+00
2.491409610933258190e+00
3.489779002838316657e+00
2.478822426982874028e+00
3.435371880928709043e+00
3.474085684271086549e+00
3.485697479050585024e+00
3.451919715339625494e+00
3.491199477968952802e+00
2.471246232786687980e+00
2.384563581806411481e+00
4.458103101749461672e+00
2.492158678892410606e+00
3.437381249297687180e+00
2.489732265970193037e+00
4.543437370240274831e+00
3.446050827549467677e+00
3.460389545418076640e+00
2.500499289708497663e+00
3.442646087986474424e+00
3.433238929218231927e+00
2.547867988190791078e+00
2.422499771933311230e+00
3.475381581090953631e+00
3.391017411190110131e+00
