2.459957930727696418e+00
2.524700412091843926e+00
3.438217307493018904e+00
3.445369444242144308e+00
3.523236661070442644e+00
3.459101928107695123e+00
4.481513398367983569e+00
2.481418627300574276e+00
3.477233975942515265e+00
2.525150462747958624e+00
2.456633711723556157e+00
2.456048695241233926e+00
3.421444380868892132e+00
3.513497702463971084e+00
2.524832202104726697e+00
2.514226090237932976e+00
3.478908007400868474e+00
3.526373495405295877e+00
2.506622286645361353e+00
4.452293355826469679e+00
3.446707214549796117e+00
2.459142380265926242e+00
3.464457326103329571e+00
4.410875953170766195e+00
2.500826085182567660e+00
3.475566011586961768e+00
3.489891067798315927e+00
2.550348299255366769e+00
3.509914682840322708e+00
4.463060078855003887e+00
3.471625686563595270e+00
4.470485137810870313e+00
4.459790327177829639e+00
2.517264055238858322e+00
4.502976180142967522e+00
3.481565216388270656e+00
3.488520037362685677e+00
2.477196160776256040e+00
3.499173397517630679e+00
3.391128870581237020e+00
3.496454057451313435e+00
3.462416408819812830e+00
2.483588486255753125e+00
3.418663189987320106e+00
4.433937320963981854e+00
3.438060699272099896e+00
3.458125370807609400e+00
3.437963165341591409e+00
4.439193567003097307e+00
3.483271196706077877e+00
3.441041111726248047e+00
4.533379501089407349e+00
2.468722995851446722e+00
2.465362161169456723e+00
3.472992085753952018e+00
3.497333222358425697e+00
3.459175886587540827e+00
3.496179138505203010e+00
2.484768917950037181e+00
2.501619004871796559e+00
2.414887590452302391e+00
3.452112640983308278e+00
3.454374777865750090e+00
3.471053384874058345e+00
3.493729265104225767e+00
2.447453186507583922e+00
2.448261084047041791e+00
3.473328785688242881e+00
3.487260584796682661e+00
3.449309184236490911e+00
2.553859652435177097e+00
3.494017981205530088e+00
3.401928658310870990e+00
2.496522957739849335e+00
2.501403811757417994e+00
2.477268633648245899e+00
3.470754868743517463e+00
3.429757457433379564e+00
3.483468340087360282e+00
3.471511641913945567e+00
2.469680636203099411e+00
3.453938713748807565e+00
2.537926105467471327e+00
2.491324314059626843e+00
3.538739852674620767e+00
3.449495862119969836e+00
3.478666779607369808e+00
3.408739468149218244e+00
3.468991080076859301e+00
2.457439714615547555e+00
3.513526386207999064e+00
2.485916757062394566e+00
2.497890213251815705e+00
2.479432397510935804e+00
2.514218861951315720e+00
2.449725139391794038e+00
2.502031107586173420e+00
2.484608932997926178e+00
2.477872675056085772e+00
3.475125337860079711e+00
