2.486621667961634863e+00
3.459595047873426310e+00
2.455890349696514985e+00
4.437939590358038089e+00
2.446207396395556621e+00
3.439439263694550775e+00
3.515778345309360731e+00
3.444485881727208376e+00
4.419344901878866416e+00
4.476343250641206417e+00
4.462132214289102450e+00
3.435877367744057054e+00
3.484451972873530146e+00
2.490843787499905204e+00
3.493144388554214608e+00
3.487338523278772140e+00
2.515696843552219786e+00
3.459963237454222185e+00
3.526542974233304317e+00
3.469186439765433061e+00
2.468135764142457056e+00
2.483411092913572205e+00
2.530966549321994830e+00
3.518569644629573556e+00
3.440568550584286456e+00
3.495405920186343884e+00
3.475893644717518605e+00
2.452481327050213711e+00
2.460778559337922555e+00
2.465413082184266802e+00
4.449580329990045158e+00
2.488110671898559279e+00
2.453487699284493839e+00
4.484373419427937435e+00
3.501263760161074767e+00
3.523286920611794049e+00
4.437727010578234932e+00
3.456116517464288052e+00
3.457632595926157126e+00
3.519056213343902062e+00
2.436646819427727984e+00
2.469396640277861543e+00
3.492142805116269955e+00
2.428739046451026340e+00
3.482646754332775707e+00
2.481900768227330634e+00
4.458505331375488545e+00
2.464983998939919374e+00
2.437814505048782721e+00
3.435450201828986749e+00
4.491564520991556009e+00
2.466866573872900315e+00
3.422889464396751791e+00
2.403705047582683552e+00
3.426488893990191631e+00
2.465855665190838319e+00
2.526691212624950555e+00
3.496792860136337389e+00
2.476584101844641950e+00
3.491315676792393852e+00
4.477766121271332445e+00
3.431770811067408111e+00
2.480053126725957124e+00
3.498482541371098709e+00
3.414970335898432019e+00
3.489985232570324669e+00
3.462777952480502019e+00
3.467098869336532996e+00
5.401304543740611308e+00
2.540444221408201919e+00
2.464115383141028737e+00
2.472727270708225955e+00
2.509209425187813203e+00
3.484502230430694514e+00
2.458581844227323732e+00
3.510945811952087325e+00
2.429607683702540211e+00
3.461431609765512452e+00
3.510135589958867541e+00
3.503320623148257429e+00
3.425876508689696731e+00
2.444485523878767275e+00
3.532711203847231030e+00
3.466080985505379797e+00
3.472184393268596736e+00
3.490938467193156924e+00
2.495884867648864969e+00
3.476554193610297716e+00
3.460539412596331132e+00
3.431896586971910690e+00
3.426755797955568728e+00
2.527831142285746679e+00
3.480452960614036861e+00
3.514802126652238901e+00
3.510018886880661881e+00
4.441763556619676478e+00
3.510765409356354283e+00
2.504671108024920656e+00
3.451064198949901130e+00
3.471705172471968748e+00
