2.483613869684893949e+00
3.452926623938142647e+00
2.400600329937267574e+00
3.473977418072534906e+00
6.440299740707768450e+00
3.453222072957570443e+00
2.507734987831101048e+00
2.482211401446860144e+00
3.480474493196517027e+00
2.454587919787111439e+00
3.480960467896817789e+00
2.431352786657330789e+00
3.465021345388375362e+00
4.385619088563761814e+00
3.514347197233100406e+00
2.534490740272755005e+00
2.488849084258631716e+00
2.472562118166486300e+00
5.483532487352014151e+00
3.476586516100899527e+00
3.489564491740137608e+00
2.532155034076747135e+00
2.466490946526929129e+00
3.424689003355523287e+00
3.434505593647351862e+00
2.506920206591387146e+00
4.488680292393306459e+00
2.493076285494812083e+00
3.503694556671527405e+00
3.503613876903319824e+00
3.433652147549049793e+00
3.474211346921361354e+00
3.395716304653026985e+00
4.441037909598069433e+00
2.430816253913784308e+00
2.469696349255051881e+00
2.461088439187948396e+00
2.506398310640438165e+00
4.483364636134860248e+00
3.484054854909762522e+00
3.308370986416680815e+00
3.446388041328845464e+00
3.449605178855605914e+00
4.530507465920050159e+00
4.414428856125019784e+00
4.464564223333114867e+00
2.488957978383004921e+00
2.433277601826272285e+00
4.454001013366278627e+00
3.469913366584945091e+00
4.525347892387014959e+00
3.492108759116165473e+00
2.450142363660900546e+00
4.463495026118674325e+00
2.464405461716653978e+00
3.428501721883853826e+00
3.465143087815170997e+00
2.504938670579491600e+00
2.457340830815745392e+00
2.485275686728058098e+00
2.480994483280383189e+00
3.458874931049543022e+00
2.424197628675101246e+00
2.480066088388218404e+00
2.490042149992678144e+00
3.509945411405726912e+00
2.428707041597804928e+00
2.474822294289973357e+00
2.483822120768409469e+00
2.525029762742763140e+00
2.511776710212762165e+00
2.482278720240517877e+00
2.464173314518451452e+00
2.514662949485863219e+00
2.426224643768698730e+00
2.496833117366934474e+00
2.445933628423655026e+00
3.438331215502749671e+00
2.457460396606974129e+00
3.483871429761971061e+00
2.502462700102816129e+00
2.500585256060671391e+00
2.514319013486498111e+00
2.542874688054423959e+00
3.454211750585466145e+00
2.492943323126593391e+00
4.448673561916056229e+00
2.440023966394493371e+00
3.460756842462773708e+00
2.498730807120826736e+00
2.503629958153340773e+00
3.472024357012938545e+00
3.468096058112326574e+00
3.499089872197390871e+00
2.537496470303504115e+00
3.441525719717093423e+00
3.444635338861243401e+00
4.457369681059498490e+00
3.391091519034609369e+00
3.490113304902910052e+00
