2.492914402975049626e+00
3.444806886937475277e+00
4.412488978407909102e+00
2.480778612956230145e+00
3.477326546169838384e+00
3.508422318572153920e+00
2.505247655745911572e+00
3.460864949792709755e+00
3.444245254326623762e+00
2.452956745789763193e+00
3.490985557714131993e+00
3.504358785470021775e+00
2.468910030623780116e+00
4.499500894420386921e+00
2.524701992700657538e+00
3.485170652909320932e+00
3.426257599759944483e+00
2.461739589639037273e+00
3.439030075906303718e+00
3.456259708840945688e+00
3.464693907356652058e+00
2.467231614431982578e+00
4.389774736018825507e+00
4.521341871765269360e+00
2.464362108674316154e+00
2.477622709972214121e+00
3.430638252902603380e+00
3.435911128770991141e+00
3.531411201292482094e+00
2.427810348497992265e+00
3.516237409314687756e+00
3.512385568898647836e+00
3.494830857636781030e+00
2.480869650905708657e+00
5.440345810015614347e+00
2.502540743586817218e+00
3.497613847046518121e+00
2.445573314803629827e+00
2.494982768545612739e+00
2.458485039762310365e+00
3.428551220824671120e+00
4.486802364288063671e+00
2.482333177107333366e+00
4.424139768530012340e+00
2.504083715066496740e+00
3.419317634046941556e+00
4.464881587980936928e+00
2.477690429315329457e+00
3.428750292216144135e+00
4.435128342552116187e+00
2.436912150000567490e+00
3.441987683862810066e+00
2.474446750255229421e+00
2.469921716820787427e+00
4.423425179195917600e+00
3.466561941567218863e+00
3.391157834599423992e+00
3.463364420375334873e+00
2.573267805624689597e+00
3.407492679887980103e+00
2.539162966656371534e+00
2.537955858743024429e+00
4.496517299805256052e+00
3.464954105986589816e+00
3.489905355438879031e+00
3.440014019545586166e+00
3.428319951436340940e+00
2.478153386623055177e+00
4.410029191910409985e+00
2.476503040294274705e+00
2.508125315871343464e+00
3.486178159020774991e+00
3.464641140243551742e+00
2.486317935294333648e+00
2.510395422304571689e+00
2.451354418948164859e+00
2.522148582917120851e+00
2.475342429345114947e+00
3.490669866129649801e+00
3.426161226879072874e+00
2.428564270550162885e+00
4.428900729798271207e+00
3.459528580004016529e+00
6.468263660080436850e+00
2.448873297481360733e+00
3.499622999437503879e+00
3.467176015021983027e+00
2.487610676792860964e+00
2.454885862467269142e+00
2.522916663174399776e+00
4.443439235048265878e+00
3.424313642354802401e+00
2.483161577412535070e+00
3.554351872097964105e+00
3.408512676474213077e+00
4.503341237894749938e+00
3.508597584766522282e+00
3.461333991727931547e+00
3.448220560272807766e+00
2.464900199942435144e+00
