3.472248022048114890e+00
3.396314125546263885e+00
2.440431285251179361e+00
3.475336130660222178e+00
3.451603344544937890e+00
3.375305157201779593e+00
2.514851550922545975e+00
3.413886249063592615e+00
3.458541457910601746e+00
2.468842838621545521e+00
3.437044643298681201e+00
2.514934554043349646e+00
2.469492950899640160e+00
4.439266130516842601e+00
3.505954694760782253e+00
2.484001212378168510e+00
3.458573515061852177e+00
4.513320538158044570e+00
4.447148057180343450e+00
2.412741141816574508e+00
2.483113791844114182e+00
2.468814328444303818e+00
2.473708999913920348e+00
2.568350567685506736e+00
4.447051305527779164e+00
5.552640941933518981e+00
2.521838968795653280e+00
3.483814235178688268e+00
3.470869315205841854e+00
3.498906731070083431e+00
2.468957149258860007e+00
2.506604511130889446e+00
3.471764251143684810e+00
3.502628618277352057e+00
2.444463291725905485e+00
3.545866723620974881e+00
3.478090579358035672e+00
2.505711936663617134e+00
2.541841090623108812e+00
3.494237817623571996e+00
2.470903725276126117e+00
2.461299790513055363e+00
4.419394842169518611e+00
3.493417257411466803e+00
2.445944760904041448e+00
3.419592228932508249e+00
3.435945658863795327e+00
3.480304587079390721e+00
3.521834696335150117e+00
3.448665500024411301e+00
2.482656824115549998e+00
3.433133132098364015e+00
4.459262186025050312e+00
3.473950995329132763e+00
2.468294710381643942e+00
3.463628989767812971e+00
3.502399216241903979e+00
3.552134117260635549e+00
3.525362586350265559e+00
3.447889811774838886e+00
3.494811117680538093e+00
2.456372365665404622e+00
2.481988925191933593e+00
3.458186983467646414e+00
3.428691703413339731e+00
3.455883134445240312e+00
3.468607762072414502e+00
2.502599397868822351e+00
4.371659411880680857e+00
4.497222259932653010e+00
2.457016145489907100e+00
2.494149253670048694e+00
2.494989181991678517e+00
3.499258524562115724e+00
5.431585261806254117e+00
2.416584713306394683e+00
4.441752090061504177e+00
3.463375541462505147e+00
3.493889808677028253e+00
3.466778127666991338e+00
2.428578053433796846e+00
2.468336567866924014e+00
2.528966789956908379e+00
3.457187603821432642e+00
5.491730503248959394e+00
3.402202742159469384e+00
2.508429973958978820e+00
3.465507878580094570e+00
2.437782701934592566e+00
2.485524806631264738e+00
4.400844863136705420e+00
2.509162645810142589e+00
3.465355732915828213e+00
2.492300973054350610e+00
3.507341421006304749e+00
3.514516626690719736e+00
2.440338987792779246e+00
2.421078959531933972e+00
3.494612064220529390e+00
3.456310280244985211e+00
