3.432907975975056480e+00
2.456565504525074939e+00
4.423573543676819320e+00
4.417454294825548189e+00
5.528556896188924874e+00
3.444955210136779744e+00
3.475626574024113236e+00
2.446844735192065912e+00
2.450177480065591773e+00
2.468703236782839205e+00
4.487420596931033678e+00
5.539944039329329328e+00
4.490229179718159713e+00
3.462771070290453501e+00
2.459704629639816620e+00
3.431713695762843130e+00
2.471389114507285267e+00
3.504221556586402553e+00
3.481524817340099442e+00
4.462861751231350205e+00
4.461797671323765258e+00
3.440851840816522511e+00
3.501039030821003539e+00
3.458218708857900392e+00
3.446097401883335465e+00
2.480337784279250890e+00
2.486163590982089833e+00
4.455302752362917396e+00
3.508608607792752299e+00
2.444634060243431328e+00
3.468740544771102829e+00
4.435373521530300067e+00
2.508374107920452456e+00
3.531066902964220322e+00
3.507694936759734983e+00
3.507123007748635501e+00
3.485497483638160698e+00
5.422823905386998433e+00
3.500416634954262030e+00
2.467611564892453035e+00
2.491053238331654818e+00
3.518650413493510598e+00
4.418927457893656374e+00
3.446880716641159914e+00
2.483750278082867968e+00
2.507818243567948802e+00
3.430439704998989203e+00
4.396098251734084528e+00
2.454400297970524392e+00
2.411944013434264900e+00
4.452985062096446178e+00
3.508452592175648643e+00
3.467634565086715526e+00
3.456412023391111976e+00
3.464698195466351827e+00
2.487208045958865466e+00
4.469451897664345807e+00
3.452461155121071990e+00
3.476916788985473961e+00
2.482670152785552364e+00
2.482390675527585966e+00
3.456348080213869967e+00
3.461975687637739441e+00
3.504835478535166082e+00
3.508871073807754204e+00
2.464876462220489284e+00
3.468267921779205842e+00
3.401659141763052840e+00
3.496541936928394989e+00
2.463197688646864059e+00
4.421204111731712239e+00
3.487684160741919115e+00
5.479941424652648330e+00
3.456803782215933651e+00
3.456755037390779606e+00
3.409270824038760583e+00
3.495350479039333269e+00
4.420713395648355970e+00
4.450281383828082582e+00
3.437746680322229409e+00
3.409748578360016769e+00
2.541409250857177060e+00
4.492683531886608073e+00
2.515891221874083428e+00
3.455087338638516581e+00
3.418911879297602763e+00
2.530320833382650569e+00
2.467313397481484039e+00
3.442536223768415837e+00
2.479786786102089913e+00
4.476959741276761662e+00
3.485079125226332231e+00
2.520664459365072663e+00
3.487700912275473630e+00
4.459326706449679989e+00
3.458087204116561342e+00
2.463419402074475073e+00
3.474973495544261493e+00
2.505162138513993497e+00
3.515115298658130438e+00
