3.443145024047288505e+00
4.485768063965831054e+00
3.454603404800990152e+00
3.490524490723526885e+00
2.520219575468875206e+00
3.510124845111543213e+00
3.457870477715720092e+00
3.452199874439922489e+00
3.478862133352179420e+00
2.467519248762489514e+00
3.477866556714812152e+00
3.435357438740651581e+00
2.561899778919062953e+00
3.484862262612156147e+00
3.474987572877525910e+00
3.469726263976674829e+00
3.471799528419428071e+00
3.506109588113409892e+00
4.529291730669381622e+00
2.495371487108401176e+00
4.448061389283586742e+00
4.482039706410803959e+00
3.513644851605441488e+00
3.456017037090855393e+00
3.511780678198031858e+00
4.482042229346891560e+00
2.482362099669490618e+00
2.433981566780127004e+00
3.521663314932252931e+00
2.557502980517550206e+00
3.457026516017155160e+00
2.511971824161448819e+00
3.457946874805312820e+00
2.486508612906537241e+00
2.483009654868912008e+00
3.475269169536696179e+00
3.468296420251378187e+00
3.430651554409712478e+00
3.479450663796356924e+00
2.479501812993057719e+00
3.440533431036581824e+00
3.471660314454350527e+00
2.395549887409645695e+00
3.490983133084642365e+00
2.485835234239635483e+00
3.499123013812816652e+00
3.464588575800413572e+00
3.449748067766297055e+00
3.418094352180560680e+00
3.487707838090185142e+00
3.463819477254599377e+00
4.445141840172057712e+00
3.481816139014993539e+00
3.439065073969788777e+00
4.436019431841302207e+00
2.479699711564766762e+00
2.490214095688038309e+00
4.462901139182013921e+00
2.456061505271814660e+00
5.508676004351665156e+00
3.535670997362615253e+00
2.536375924113280611e+00
2.477618689399049501e+00
2.524189452607890960e+00
3.495438029429132953e+00
2.496902845947889027e+00
2.442426292015443590e+00
2.468479500010183347e+00
3.444526430505116199e+00
2.461106154493382103e+00
2.476512424583556360e+00
3.448680826164480795e+00
3.498887863285932820e+00
4.440717889034361043e+00
3.568842244610777925e+00
3.469764272180276166e+00
3.463189513748442305e+00
2.496438182366915726e+00
2.450577888913165747e+00
2.485944314625663676e+00
3.508898628188968694e+00
3.448098963437371545e+00
4.408079922804261308e+00
2.522226708419169849e+00
3.484626673384727535e+00
3.469774699297786480e+00
3.473038484216767419e+00
2.487729665235120624e+00
3.439500398773544187e+00
4.442994860898035192e+00
3.457533472251956841e+00
3.435292293651211804e+00
3.458131448130311369e+00
2.478838709652336103e+00
4.437043075394790925e+00
3.480389395032735145e+00
4.444895106642312577e+00
2.470997884232170261e+00
3.467385010416134339e+00
2.423507317589021159e+00
