2.525651295845977362e+00
3.502927856075522151e+00
3.491379346872470535e+00
2.473408171146616485e+00
3.473832381909092160e+00
2.462370377248920938e+00
4.453888780221138433e+00
2.476649790764749337e+00
4.484621752270493644e+00
3.529500991162799028e+00
3.424459408349108891e+00
3.465190455087883592e+00
2.497807133834752946e+00
2.477845958354794487e+00
5.476615889735358955e+00
3.450060939870593035e+00
2.449119430294766975e+00
3.488804883750110886e+00
3.508705099668146588e+00
4.414382877393390636e+00
3.522112938739820898e+00
4.460041947459055578e+00
3.481319334280659206e+00
3.508947780346331591e+00
3.496878202770637767e+00
3.457770917784843689e+00
2.498222091359804775e+00
3.473950781313269953e+00
2.482414120966761395e+00
2.432940999321158593e+00
3.489078622852388456e+00
4.539644453472458707e+00
2.520426867188363396e+00
2.493686899526584622e+00
2.515921579535655983e+00
2.428942223053442095e+00
3.442212514217999342e+00
3.537934599379860767e+00
3.455771228978674170e+00
3.437961433595194016e+00
2.514912161945503488e+00
2.452763625076665566e+00
2.463733373003720306e+00
3.511208062960328391e+00
2.518964729408095238e+00
3.439690812189635238e+00
2.519793583885522104e+00
2.502817058569851927e+00
3.543729182303376746e+00
4.444362536676579545e+00
3.425846036337051093e+00
3.453397966075855141e+00
3.421765419268068431e+00
3.496538242038742528e+00
2.384141208537829737e+00
3.475940459643690694e+00
2.469455994678497301e+00
3.455756532721426133e+00
3.453429996819123105e+00
3.468332124699686769e+00
4.515365215404330890e+00
3.443028946907363608e+00
4.479960229335834931e+00
3.485967318396352432e+00
2.486142705266219721e+00
2.448094560721651547e+00
3.477124556304538316e+00
3.438121846228397782e+00
3.491171571954009512e+00
3.414697666621098193e+00
2.446049676033135611e+00
2.503653738992345446e+00
4.499866814247362790e+00
2.493429936313389383e+00
2.494504977155688863e+00
2.455768261820769460e+00
3.483983729798540541e+00
3.478237097956955015e+00
3.467261605361067645e+00
3.436770779033349932e+00
2.460292833683543456e+00
3.511511232555425632e+00
4.438096811043137357e+00
2.457974590279825566e+00
2.507985081893244761e+00
4.477696874930134463e+00
3.450238674981155107e+00
3.503126815283366557e+00
2.486953123447666059e+00
2.503124556137985568e+00
3.461386530271949535e+00
2.455454019882133299e+00
3.451292239197884193e+00
3.466651115976917108e+00
2.543381702031259017e+00
2.471547410373743148e+00
3.440129329187042284e+00
4.436170208055611575e+00
2.467616345665871069e+00
2.517999894153373663e+00
