2.474031035754558516e+00
3.459571242184577677e+00
3.495264891276647301e+00
2.462593261439975478e+00
3.482232609440635063e+00
3.473853101969385460e+00
2.465842664048715882e+00
3.450870123921433219e+00
2.501754285921340415e+00
3.486586283234223149e+00
4.392740435391806919e+00
2.485122780426539890e+00
2.493990816510342601e+00
3.527359804984278036e+00
3.497288657326301120e+00
3.431003306087749838e+00
2.521407032734884535e+00
2.447215757066713238e+00
3.466210898308287103e+00
2.434433904227379042e+00
2.446947969946823509e+00
3.485225864939307527e+00
3.551906724264775939e+00
3.484309928028641146e+00
3.470226792892121548e+00
4.429155412425424210e+00
4.426031685517802572e+00
2.500801190667446772e+00
4.475548619242568193e+00
2.462322664227671432e+00
2.442465736182859004e+00
2.475643317384246256e+00
3.468268446136358207e+00
3.469354684379831077e+00
3.422421097752339048e+00
5.148643557764144063e+00
2.475306119105419089e+00
2.474085380274136270e+00
3.487825684549191507e+00
3.535775154960780320e+00
3.530824670684005628e+00
3.471566703922553732e+00
3.455086136213384673e+00
4.445181667764884104e+00
4.502052626896051457e+00
2.442422024045264539e+00
2.501273913995353926e+00
4.498067571077717375e+00
3.468557009264861879e+00
2.469092971296001249e+00
3.466707256044132546e+00
3.458891128727336284e+00
3.473816031623657263e+00
3.496459815550052141e+00
3.461426086290900983e+00
2.449791018721169333e+00
3.509342311589456198e+00
3.429319996862461029e+00
4.448567535658833449e+00
2.498047030092724441e+00
3.480569587215322169e+00
2.473090789482831120e+00
3.489748313917692357e+00
3.450116654162873164e+00
3.509896982905894802e+00
2.477895606981473264e+00
3.486535487779276021e+00
2.515163793262676695e+00
3.428910910899609199e+00
3.445228347675144409e+00
3.402156114052003133e+00
2.410020413223422864e+00
3.473985859063882575e+00
4.451743975384914620e+00
3.480066818162471876e+00
3.486683956922952632e+00
2.409527868040497012e+00
3.506153054156479598e+00
5.413985798114476999e+00
4.498993158727537356e+00
4.404563145415171910e+00
2.447867483686799517e+00
3.483937673690968850e+00
3.474293141379009686e+00
4.410477863496589990e+00
2.484841611357828217e+00
3.428858095851157195e+00
3.428988287355535292e+00
3.491697347012752584e+00
3.512054164302920611e+00
2.438108225191877310e+00
5.376399361902135965e+00
3.469416554678696141e+00
3.446850635256383910e+00
3.448710203989009848e+00
3.512431129863033075e+00
2.543910835929310554e+00
2.494855988852926032e+00
3.539504614214171063e+00
2.442243638327473487e+00
