3.335645645960797712e+00
2.461882597812143914e+00
3.305137658988820171e+00
2.528127799160169165e+00
3.462955442508051984e+00
2.511273962642230906e+00
3.463072891655310848e+00
2.478836699333077043e+00
4.464948186749350789e+00
3.426303674666625554e+00
3.504085318151397566e+00
2.469997598184790366e+00
2.538416567009900149e+00
2.463171809468785334e+00
3.496386975243876094e+00
2.504508572808874067e+00
2.479941427103567797e+00
2.455538432680085759e+00
2.493887321660654077e+00
2.504040926370247444e+00
3.527928106574026224e+00
3.465137963634271845e+00
3.509320662364056709e+00
2.465435058949291491e+00
3.434610869433187830e+00
2.483982311754734607e+00
3.463392093338744093e+00
3.477750782027025700e+00
3.498006815902080291e+00
3.435504462916345592e+00
3.503805499346018149e+00
4.492685738648918736e+00
3.430066846195057639e+00
2.493413255750365654e+00
2.519158250120330678e+00
3.449483287108691343e+00
4.283917930726740764e+00
3.475191507646492095e+00
2.457992643464722349e+00
2.513586583996718637e+00
3.501937736187663575e+00
3.437576548504080343e+00
2.419897764434772114e+00
2.473500340420855981e+00
3.491487881183500175e+00
3.519855178563096931e+00
2.495687051609395635e+00
2.492811036680335768e+00
2.535204675698344623e+00
2.422589028842928371e+00
2.402697288767817074e+00
2.428074458577361483e+00
2.501317670847914787e+00
4.519065028126362904e+00
3.442675219661258446e+00
2.464875068438714401e+00
2.467566407678013274e+00
3.473433520179973755e+00
3.493693627613031261e+00
2.468652406919753961e+00
3.487944931463919485e+00
3.444938989412546171e+00
2.493277707032613311e+00
3.514374938848861429e+00
3.453228597374555786e+00
2.443059310402991180e+00
2.477058717881587935e+00
3.489601051710133017e+00
2.505571596234479781e+00
3.490879692957309377e+00
2.452953716644884263e+00
3.422457190410664207e+00
2.509240818810206886e+00
3.524880975742599620e+00
3.447665951162046660e+00
3.433253781543107674e+00
3.437134666872009081e+00
3.441133608093344787e+00
2.468492269405377915e+00
3.474427073925302700e+00
3.477554882026413274e+00
2.522189543109495613e+00
2.481554884929157545e+00
2.500871217858612550e+00
3.457437609629466113e+00
4.465236548753328982e+00
2.495753675237392777e+00
3.518859369256637226e+00
5.481308824059068385e+00
3.486279743779177931e+00
2.481268708329229966e+00
3.445415803699571899e+00
2.476127053117063159e+00
3.501069847297071380e+00
3.519183888637831714e+00
3.481790647689199325e+00
3.474470559171153106e+00
2.495843067065197207e+00
3.410195734514235077e+00
3.457864504877699030e+00
