2.495618288792949890e+00
3.457365580977488140e+00
2.475277066063174658e+00
2.521499102627981603e+00
3.472610458931458588e+00
3.438360792249304243e+00
2.426121298204424903e+00
2.520067177132498060e+00
2.445996207316138094e+00
2.520603134556473002e+00
2.534244909321269557e+00
2.432858062117592812e+00
3.500253559653196067e+00
3.480499271481816148e+00
3.445427708316223026e+00
2.506912498957951208e+00
3.472691467357994721e+00
2.474419020691694282e+00
3.472420580077327568e+00
2.526961874245056805e+00
3.458672341811437345e+00
3.490015647902182216e+00
3.458988113643170603e+00
3.423514503793905650e+00
3.500711287790764903e+00
3.489135749577260359e+00
2.448555347037450591e+00
2.483770979959641689e+00
2.533036512250191219e+00
3.473285620467360335e+00
3.438982185100644795e+00
3.431336767868807591e+00
3.223577438624727343e+00
4.446815452209969877e+00
2.474201249414354375e+00
2.473500316376852304e+00
3.508133715459017754e+00
3.463750099126277071e+00
2.505915340103389788e+00
2.512490876341538115e+00
2.512677293002667067e+00
3.441929468189715458e+00
2.435321536301028544e+00
2.446616569006174302e+00
3.408989443651223361e+00
3.459818395005651137e+00
2.453164651575891586e+00
2.455593809111786374e+00
4.455290814528141574e+00
3.303381151374590985e+00
2.484051792963851035e+00
3.464888027976273044e+00
4.448482753555368596e+00
4.458981690210221061e+00
3.465291330698086814e+00
3.504961089685578735e+00
2.512160763055859558e+00
3.517034476545870536e+00
4.351806213907792653e+00
4.474638606019331277e+00
3.418717847389824538e+00
3.442943038588050619e+00
3.479095963805712177e+00
4.496611575783990844e+00
3.458233774302044594e+00
4.606781782200530806e+00
3.453328911610569651e+00
3.437713322541189331e+00
3.489635000281203325e+00
3.450481106482222060e+00
6.079770412880697528e+00
3.423424793502635843e+00
2.474736312676812044e+00
4.137048596756166319e+00
2.492204265667174568e+00
2.500121991399318233e+00
2.447695355072768031e+00
3.463588249950500408e+00
3.496950887499212790e+00
4.441200830332906691e+00
2.513489890726598563e+00
2.508229265880341785e+00
3.471374208324156108e+00
2.471160438528371639e+00
3.528274305838427605e+00
3.483026480558541582e+00
3.505769182036704734e+00
3.419257037535133215e+00
5.422610141781926352e+00
2.477057256182904954e+00
3.474007925856481105e+00
3.482471267149047200e+00
2.528236491010820153e+00
3.009151218939355665e+00
3.484729336841212888e+00
3.528799439457915632e+00
3.465346792927107789e+00
2.463180424018391879e+00
3.472638706486059768e+00
3.509098445427085267e+00
