5.434348914639062222e+00
3.487775097899164400e+00
5.426397616585078687e+00
3.485295164414433877e+00
3.422162131581089728e+00
4.473651298340792337e+00
2.457410000848775589e+00
3.477006833875186942e+00
3.419893367805314277e+00
2.478993510132507794e+00
2.401422354737853482e+00
4.502173327421500559e+00
3.468525995089442038e+00
2.489447398132969003e+00
2.463674608166334767e+00
3.534635817267170133e+00
3.424743021641745155e+00
3.412432722111764072e+00
3.509078940913898936e+00
3.479643592283648168e+00
2.461191077921857318e+00
4.390436951879452820e+00
3.449959109579029182e+00
2.455385610714195810e+00
3.458967296113598433e+00
2.512128041090327724e+00
2.503081603029328139e+00
5.437475157950312443e+00
3.445625106956323069e+00
2.438964860389392086e+00
2.492987822383890162e+00
2.466120481947275955e+00
3.515345630804441956e+00
3.472757784018306815e+00
3.486330412795592970e+00
2.438003359336540221e+00
2.476988379601692269e+00
3.445497339317679319e+00
3.438523174018587980e+00
3.456568309761609115e+00
2.492215374409867845e+00
2.459108669160544824e+00
3.486200670259314460e+00
2.527659011993667271e+00
2.458610398910312522e+00
2.495397519147388277e+00
3.433092321214265219e+00
3.418491966853117070e+00
3.411357542825325329e+00
2.478688431580664542e+00
2.445502456564227156e+00
2.553030381316603314e+00
2.466544256853461459e+00
2.505753191521403078e+00
2.501939226489658274e+00
3.454582845998399598e+00
4.493648370566768691e+00
2.460260405367062475e+00
3.433774649124402778e+00
2.418987062518628495e+00
2.446178607741619437e+00
3.433425939758804724e+00
2.487893708796415027e+00
3.486717718646516140e+00
3.465140037437591136e+00
4.438581758572137659e+00
3.417261279815134944e+00
3.406736745285082524e+00
2.499448361595964396e+00
2.425392025553994468e+00
3.527229962472619107e+00
4.488423408533257053e+00
2.495920010335558992e+00
3.464956981295724603e+00
3.478991472233129212e+00
2.497024334438780802e+00
3.425326776362097814e+00
2.454003612522407174e+00
4.472326211752188918e+00
2.556898322816991254e+00
2.414880448659028733e+00
2.482405732966993295e+00
4.487240351960671170e+00
3.417180901094392098e+00
3.420584747767264400e+00
2.448351625563383482e+00
3.461594071218193847e+00
3.423760898291410282e+00
2.414843247592704412e+00
3.476488968443807170e+00
3.472439786486058111e+00
4.452043434079723028e+00
5.440673561732242369e+00
2.489104060489950143e+00
3.437184756722346357e+00
4.410171718343656622e+00
2.451120355215829605e+00
3.433424068267954876e+00
2.479718250490394293e+00
3.459579123749076057e+00
