3.470739569831260418e+00
2.464978035941408407e+00
3.465783734646235903e+00
2.484804969903780858e+00
2.419918690523230609e+00
2.484483638523216520e+00
3.499107610634553112e+00
3.441613291302636934e+00
3.452141771342873700e+00
3.464835883211876411e+00
2.546003084849419285e+00
3.488510261229621268e+00
2.473841898261001759e+00
2.471518591698505407e+00
2.481086720493179243e+00
3.479732772256118878e+00
2.480314871386356312e+00
3.436539194981723888e+00
2.443182487094665678e+00
3.505311184198872443e+00
2.476955948105372673e+00
2.488557878855956584e+00
2.509978522179173055e+00
5.467215614232584286e+00
2.487921379357525442e+00
2.444067257536159499e+00
3.459099242054347378e+00
3.507719261106500230e+00
2.540414991862097516e+00
2.435985879011782540e+00
3.450818805878793860e+00
2.495860971633738323e+00
3.466463177119751826e+00
2.452800022717022799e+00
3.504602170457753019e+00
2.479063445538622901e+00
3.440513756233835263e+00
4.492651042659119298e+00
4.472341328991406684e+00
2.462809002068697684e+00
3.444074493968531492e+00
2.515766751372625176e+00
3.538979689489118119e+00
2.473225682784927937e+00
3.483726446219615802e+00
4.219205161558911676e+00
3.533244460850309299e+00
3.479733196304795495e+00
2.463595781365613746e+00
3.445411047364379975e+00
3.399638778982262632e+00
2.445529209694109252e+00
2.497978880586674499e+00
3.428580932729531128e+00
2.488229423597463796e+00
3.547744008478262767e+00
2.553580775475638553e+00
3.465640630994347049e+00
3.423109858249553383e+00
3.479817669765410848e+00
2.508394526989639939e+00
2.491066485864804392e+00
2.510114764926626663e+00
3.534569498073710125e+00
2.444505156394330303e+00
3.508751272333190396e+00
3.532826322274339681e+00
2.462623452717775940e+00
3.434575060576380956e+00
3.464636702254694889e+00
3.461010875517092522e+00
3.437322571924609438e+00
3.548976350081319175e+00
3.447282127440123300e+00
2.452248880815222964e+00
3.469164502682385631e+00
2.463526032119605524e+00
3.460199054446743361e+00
3.500064741126004630e+00
2.466249957658210423e+00
3.465238574573997088e+00
2.524093586580800075e+00
2.442825005840806085e+00
2.516000707703251571e+00
3.445882066912691055e+00
3.494591270904346292e+00
2.505181722837476421e+00
2.469958637379521704e+00
2.483439321090530338e+00
2.464928450397574355e+00
2.477908024299265488e+00
2.468688205716719430e+00
2.515352056738637376e+00
4.466376183432753777e+00
4.457683736969080712e+00
3.477554093085075237e+00
3.503511959330629200e+00
3.457540946812414973e+00
3.493900906758566904e+00
2.509750160056852586e+00
