3.552818489555553239e+00
2.461149809856751247e+00
2.505383104922074722e+00
4.519953453867602278e+00
3.483533436856459886e+00
2.516213930367524387e+00
2.462334814323945409e+00
2.519743041599709077e+00
2.518896826071665984e+00
3.422421364930972487e+00
3.528556499600041807e+00
2.478305097799446077e+00
2.453073682691616852e+00
2.454312662721862104e+00
3.502219330093198746e+00
2.494843293221784553e+00
2.488375250013439732e+00
3.451713783955961734e+00
2.516346703181805200e+00
3.516052211541444539e+00
2.552849252277962666e+00
4.392554803883840009e+00
3.504990142574060386e+00
4.477270409879222868e+00
2.500591554967425356e+00
2.530573196094322075e+00
3.521638822522362045e+00
3.496660615405859929e+00
3.440819586389681106e+00
3.465273216448828908e+00
2.474463515076823938e+00
2.477667513008401379e+00
3.494179267029500213e+00
4.505583569900188934e+00
3.471457678229132426e+00
3.440464658916530194e+00
2.397861812212454868e+00
3.475054136498560986e+00
5.267234731292615102e+00
3.447071853643092432e+00
3.479785889285996525e+00
3.463165441383268650e+00
2.475682250111264082e+00
2.437846170494520237e+00
2.495628449158131534e+00
3.446964438529206642e+00
3.463138150730609599e+00
3.518114289481775181e+00
3.496285773188692936e+00
3.477273152001333134e+00
3.517269930747467743e+00
3.470562313672872712e+00
4.419015044401469972e+00
3.509768100549774061e+00
3.524423413015693285e+00
3.511878944277030623e+00
3.483740716776709156e+00
3.454586114052007328e+00
3.433308412855001990e+00
2.477360662757913001e+00
3.404591134618506487e+00
3.452144912739512517e+00
3.472312661228774466e+00
3.543110211289826506e+00
3.472195211329745401e+00
5.423652620561059123e+00
3.428561645868945629e+00
2.445262947317727420e+00
3.557128623161275094e+00
2.509601856540792486e+00
3.451998616643927598e+00
3.448265461846525159e+00
4.481430844657838364e+00
3.526739122366484569e+00
3.526470861455598182e+00
4.477575700225139954e+00
3.480290690109123286e+00
3.424547550477272662e+00
3.426747076613378962e+00
3.512981906480730832e+00
3.465310129504559189e+00
3.470665734819411430e+00
3.449353302204376082e+00
2.463764996428476461e+00
2.496725663325952027e+00
4.491855419509906966e+00
3.427666681141317007e+00
2.448996249059979036e+00
3.465720539533198696e+00
3.464341264766526152e+00
2.472264323136730724e+00
3.457655492985659773e+00
2.435260550038660377e+00
2.540223463593178632e+00
4.440376607359151073e+00
3.481659793649553691e+00
2.527481835057120207e+00
3.471228163188579963e+00
3.435109472026510957e+00
2.425428837251980774e+00
