4.476136754217836966e+00
2.504646387089328741e+00
3.436718652676553187e+00
2.508495907854298324e+00
3.468784419686539167e+00
3.391577188157259393e+00
3.306869401921748164e+00
3.436865951399368679e+00
2.522391289134652492e+00
2.508227753375951163e+00
3.448374988084958126e+00
3.494662762876986406e+00
3.463459445663237712e+00
2.516345565388145911e+00
3.466561254565902583e+00
2.535997684774068617e+00
2.487906971444070248e+00
2.505636477126909067e+00
3.456043078228503429e+00
3.468990703265706799e+00
2.439111735863867203e+00
3.305351844514382353e+00
3.472677156256961162e+00
4.466732716889028509e+00
3.415208402862225601e+00
5.466833265369881012e+00
3.496412235699199567e+00
2.537180954550801282e+00
3.475811469461179914e+00
2.478128712017494628e+00
2.475558376848105979e+00
2.476889291519815739e+00
3.470559268792356544e+00
3.483374993723646895e+00
3.487978067656556380e+00
2.508594416845709052e+00
2.465431737360221032e+00
3.485257795606275355e+00
2.442866117149625982e+00
2.450957364998883392e+00
3.483094610659122736e+00
4.386217209330212974e+00
2.486310467000143021e+00
2.441824174772781575e+00
2.513954279473149978e+00
2.519102249150032335e+00
4.455190549635190678e+00
2.456960523360383508e+00
4.525946591567961974e+00
2.498016586046603926e+00
2.478925929579777421e+00
2.453594238685230522e+00
3.470221845156199691e+00
3.446940559597126530e+00
2.528235241774568376e+00
2.502674383421900739e+00
2.472005438954434364e+00
2.513424205305025083e+00
2.558224879700293997e+00
2.465690178197437632e+00
2.471050648531656346e+00
3.461790742544132993e+00
2.481774987938048849e+00
2.468575062349255056e+00
2.489469025831493099e+00
3.454329203238137413e+00
3.465161623461523455e+00
3.464238955117117325e+00
2.561961902780628186e+00
2.449794225075339060e+00
2.523439866176214963e+00
3.434129582120138746e+00
2.484941053117265319e+00
3.439095670263254245e+00
3.453580918435160463e+00
3.469940740956069192e+00
2.498988376455983040e+00
2.434087534757427562e+00
3.434005844944294505e+00
3.453380941366591905e+00
3.485753937173709627e+00
3.468464823807399178e+00
3.418962910501124774e+00
3.456126511817669833e+00
2.433687405688230498e+00
2.479090285615854317e+00
2.467618892363605543e+00
2.490523953584894201e+00
3.473589316225955681e+00
3.388261437313571101e+00
2.506440589075350278e+00
3.448368379917255755e+00
4.464148471139125718e+00
3.461445942263031039e+00
3.506727691188713969e+00
3.432156436781544251e+00
2.508423284123463937e+00
4.361671117179629853e+00
2.538610307665053689e+00
3.467752754713668395e+00
