4.487194507428807988e+00
3.517808621806096436e+00
2.510738522099119407e+00
3.460699782985949380e+00
3.439510631499246518e+00
3.453307455910419765e+00
3.470798366857754225e+00
2.455973558073746066e+00
3.326552314858233661e+00
2.497572797287682889e+00
2.482100187630505772e+00
2.452594438059778614e+00
2.431521683900581543e+00
2.416544857753659237e+00
5.446904771317006677e+00
3.470899188037912086e+00
2.462766605670638320e+00
3.409754432206488328e+00
2.453136630709409793e+00
3.423271900566082326e+00
4.382963223574952494e+00
3.427116515650863615e+00
2.512856145170272892e+00
3.447948763164927932e+00
2.446385300834223564e+00
2.447507546820873348e+00
3.467545315716235699e+00
2.474791448630097701e+00
2.525399446780523416e+00
3.524840017768763545e+00
3.463006064824270425e+00
3.520406449304710694e+00
3.500297652567081030e+00
3.427702451953219320e+00
3.499599804314009077e+00
3.507682804544694832e+00
3.485635412763180785e+00
2.481163327981950495e+00
2.459676082529433927e+00
3.467082062071158877e+00
3.499416662781580367e+00
2.505504194606570145e+00
3.511440868030327067e+00
3.484173350599854668e+00
2.466705056727448220e+00
2.450989533054324987e+00
2.442197128737680245e+00
3.526645805490310703e+00
3.512159043367033107e+00
2.483913284469110305e+00
3.461744426631824023e+00
3.403545671474483836e+00
3.457427661238342331e+00
3.543997724294769558e+00
2.492751226756606986e+00
2.475893864976972392e+00
4.452335768648445047e+00
2.461891628371067231e+00
3.508608770387126707e+00
2.567690192046077513e+00
2.508382340041894754e+00
3.461716242147677480e+00
3.421965653575347321e+00
3.464965157013778274e+00
2.539708467977052297e+00
3.462844119102034490e+00
3.510639122873768780e+00
2.501983851375156664e+00
3.452437405244285884e+00
3.472049164117000153e+00
3.558547913569558130e+00
2.453550304027915629e+00
3.478620949009849195e+00
2.452764016846141093e+00
3.523060083438211976e+00
2.481524557176844947e+00
3.436788116185039321e+00
3.457688560563898950e+00
3.488379224371900733e+00
4.461764052575716732e+00
4.459647760270950556e+00
3.441566896550338317e+00
2.460137624988134153e+00
2.449678284445041765e+00
3.478081179651281385e+00
2.492297849385158415e+00
3.531194076165040219e+00
2.507180150988907119e+00
2.527576879115717823e+00
3.446568295752325373e+00
2.506331698760118520e+00
3.451527702181519164e+00
3.498376638538952310e+00
3.467043849389771282e+00
2.475146681929210946e+00
3.439073322777305819e+00
3.505017660848605221e+00
3.455915911167218191e+00
2.471952216894711452e+00
4.435953457332848515e+00
