3.523438171490690607e+00
3.503150055903390570e+00
3.426997006659964207e+00
3.461519198727333713e+00
2.535644689343904190e+00
3.500592699923619211e+00
2.468770877756128801e+00
2.434605057834484665e+00
3.453291697078696210e+00
3.456957481203316807e+00
3.429177980198347075e+00
3.497299480301836017e+00
3.509766370957122739e+00
3.478456080240230008e+00
2.486257006704327921e+00
3.516196604763643929e+00
2.451309627989595175e+00
3.420862965368377306e+00
2.501504133178401368e+00
3.497918527538444344e+00
2.504116210099147199e+00
2.465359385610794707e+00
3.408515681080806381e+00
3.443411226965578109e+00
3.486658306804974572e+00
4.406884060664227221e+00
3.483940780617220678e+00
3.443249904014815677e+00
3.480619934259344017e+00
2.455472940973823626e+00
3.397603034471901928e+00
3.437342135173667934e+00
3.451630308069525199e+00
4.445211623624100383e+00
3.425421113638172255e+00
2.526977456035252700e+00
4.463529452353894200e+00
2.476051003069704937e+00
3.411650838283625031e+00
3.503625145216783032e+00
2.497372108661227941e+00
2.494956334236133166e+00
2.512135084832302745e+00
2.527157129923828904e+00
3.456769125360876327e+00
4.431407538696187309e+00
3.465073196249787824e+00
3.487541511047544063e+00
2.512904090996074036e+00
3.468002334776922879e+00
2.456108928672745773e+00
3.443499521594631574e+00
4.475921037054984453e+00
3.516506729770834561e+00
2.445419379976068619e+00
3.469313781762388249e+00
3.461381324017041905e+00
2.408462068405853085e+00
2.486500638818277764e+00
2.486347753415896200e+00
3.496989465636744843e+00
3.463161000174907578e+00
3.483986863222314323e+00
3.329516156030412510e+00
2.514281155789540367e+00
4.425348963413748393e+00
3.455345972057644488e+00
2.458450899360560715e+00
3.457772740890748597e+00
2.577852738849791159e+00
3.467289744314005606e+00
2.513705518820422924e+00
5.502869762130327302e+00
2.475924468204216744e+00
4.465207614411066395e+00
4.467469276844520110e+00
3.516946805856788316e+00
3.449942195339343876e+00
3.504699918129826397e+00
2.446376393228220092e+00
2.504873287914906488e+00
4.424543247125348522e+00
3.495252231913072549e+00
3.417118374998063590e+00
2.477729011880654753e+00
2.483102332305501481e+00
3.492223439750721692e+00
4.445430377493972074e+00
3.457413878036369681e+00
4.428074405806638580e+00
2.477261465834021070e+00
3.453272524836091151e+00
2.445027738179012644e+00
4.499670239390724191e+00
4.321007857158632781e+00
2.418879402187919858e+00
3.425933796254954089e+00
2.430516527825664408e+00
3.496158634945654597e+00
3.532975301843243265e+00
