3.563075792172153644e+00
2.491480677506480834e+00
4.465999419494899314e+00
2.483360739845518417e+00
3.514856705703877982e+00
3.448401864314659893e+00
2.530328807829632876e+00
2.478527424450800432e+00
2.486276777467653520e+00
3.469168321044211911e+00
3.477562955493691543e+00
3.466231550708366527e+00
3.502115368836972387e+00
3.485871279326078653e+00
3.512798099483058323e+00
2.415357839456344191e+00
3.451818792135536551e+00
3.449767850626947574e+00
3.533477903997080727e+00
2.468295083976988380e+00
3.383730773430932537e+00
3.486776211425770988e+00
3.491254964284375539e+00
4.457123907518624861e+00
2.437723833562312592e+00
3.501658949060223236e+00
3.478388112399003695e+00
3.475940817546521622e+00
2.478968010704113212e+00
2.531998680722348460e+00
2.506219286306734961e+00
5.268281140657776085e+00
3.519344981867464472e+00
2.461681833189117263e+00
2.526424575339259793e+00
2.490721928663474749e+00
2.483033724899438077e+00
2.467013396075645737e+00
2.512742050881973999e+00
3.502605751877477580e+00
3.483587746129864549e+00
3.464871193930561866e+00
2.468544834421101175e+00
2.482269328579266077e+00
3.483936970315175685e+00
3.446987420814882963e+00
2.423039616240657779e+00
4.470517813664416806e+00
2.468367981988161208e+00
3.409270205422925581e+00
3.439717484453309382e+00
2.505806567341808844e+00
3.483921874633592708e+00
2.425124779675636777e+00
2.490143356014501652e+00
2.461002465273011808e+00
4.422607968481351293e+00
3.469953490934722051e+00
2.452545572816167585e+00
4.433671924737828007e+00
2.471580744288041753e+00
4.443909978368809632e+00
3.454104258591171206e+00
3.487467410107629284e+00
2.502291983435324330e+00
2.503727704979942015e+00
2.458246030363971713e+00
2.466876922459141586e+00
4.407906852645959717e+00
2.478133107870710283e+00
2.495855034704927533e+00
3.470626943382031815e+00
3.470213179659163316e+00
2.505117864332774058e+00
3.480151980795303412e+00
2.507679088084362462e+00
3.532026336782326137e+00
3.495309550702191181e+00
3.471710244453458216e+00
2.471420185480142973e+00
2.512525026263910721e+00
3.488653889662277408e+00
2.491297188374073546e+00
2.448894876236503482e+00
3.442507051696446219e+00
3.517012291135989788e+00
4.454375034343350137e+00
3.428521387119617625e+00
2.493827625738459286e+00
2.435888231659789405e+00
3.454851171210836291e+00
3.462660503507645871e+00
2.461988791238684193e+00
2.476116312970175315e+00
2.485682292462229714e+00
2.556021944319474937e+00
3.495693240932808532e+00
2.450222434383470649e+00
2.404813577163936511e+00
2.495834690058122085e+00
