3.493898403065985203e+00
2.480222548754860590e+00
2.451657125285853223e+00
3.440128095894262383e+00
3.481324888651972760e+00
3.452663606775292493e+00
3.491210294315902463e+00
2.487853169530389152e+00
3.466671430621691918e+00
2.468084296012078571e+00
4.468466269621013787e+00
3.523710831042369040e+00
2.477493864814603874e+00
2.482878988682463817e+00
3.494173589397498336e+00
3.446366600044877160e+00
2.489566085514831606e+00
3.502351046356218855e+00
3.481951207241901880e+00
4.435797479533030163e+00
2.490246556113952181e+00
3.494033568942355394e+00
2.425993756158801862e+00
2.504719219233586092e+00
3.471090948032345302e+00
2.450384102291006005e+00
2.453137064659599353e+00
3.492487403448173211e+00
2.467993484814682503e+00
2.385052780701742758e+00
4.483703120726786118e+00
3.415536875622749768e+00
2.443652978137123011e+00
3.558614475292291690e+00
3.437902047792571025e+00
3.500970747496491065e+00
2.511867403517579866e+00
2.478288944511564562e+00
2.505550462131616918e+00
2.492277528552755417e+00
3.526708248345165941e+00
3.455537080776545977e+00
3.464825218953500485e+00
3.459483960340435704e+00
3.465767864865012537e+00
2.472788376149399170e+00
2.470215782726443265e+00
2.505398914449099124e+00
3.405302029052844404e+00
3.467405186849300769e+00
2.470548653348589418e+00
3.504459286681918417e+00
2.491047653375728643e+00
3.451731971682367561e+00
2.494583155979976485e+00
3.412907615589895194e+00
3.459205869437611103e+00
2.437169441214540822e+00
2.497346155523544553e+00
3.481637153612165747e+00
2.472495581281902499e+00
2.495575031120583098e+00
2.530585172434907992e+00
2.464076898480427325e+00
3.436121514671844235e+00
2.439359411696872204e+00
3.438324515206163667e+00
3.484911372950547204e+00
2.481325512006783196e+00
3.499832421918430914e+00
3.476392930332213638e+00
4.458920741484853956e+00
2.490769306576612330e+00
4.492187615740810713e+00
3.435488906758255023e+00
3.431867720499248264e+00
2.521059647911116919e+00
2.483338612593992245e+00
3.438411243599015510e+00
3.405341859702617047e+00
2.483232743646141660e+00
2.521953362589639536e+00
2.516198289341162742e+00
2.543900915060522738e+00
2.424462665010099105e+00
4.465942059661395014e+00
3.436416794452993972e+00
2.483674784629640531e+00
3.535879974684644100e+00
3.517598913385001858e+00
3.421188825084627183e+00
3.497694447955236541e+00
3.448732116129280101e+00
2.527588737370525251e+00
2.456900405387938857e+00
3.558800708639367372e+00
2.463822405339750610e+00
3.500743639280364139e+00
2.461709054520544893e+00
2.401694708301076897e+00
