3.526141249622332552e+00
2.467862776004477343e+00
3.433093266139982447e+00
2.484579498117810648e+00
2.444607635776146815e+00
3.456101446171064406e+00
2.478805131620439361e+00
3.437454405235942811e+00
3.507404824653748143e+00
2.448739102611729113e+00
3.428075511954046029e+00
4.472375836112633785e+00
2.501702178368247598e+00
2.632478785077553951e+00
3.450697402296521332e+00
2.502205394948666672e+00
3.454211476649666768e+00
4.524833125910529219e+00
3.500572282996313511e+00
3.478764578458364287e+00
2.484048563578253876e+00
3.492943027388018429e+00
3.465986669449840019e+00
3.483531014991886110e+00
3.458487543069907577e+00
4.505185285265451256e+00
2.492586355630716177e+00
3.472486495627677527e+00
4.514423590746694082e+00
2.533641076367211475e+00
3.466238955828560009e+00
3.483914438664563296e+00
3.528344104523108093e+00
2.481084757596393242e+00
4.487340222963688952e+00
3.523032448012827444e+00
3.439629509650552031e+00
2.540159538125289274e+00
2.507906414090331992e+00
3.488838558388729805e+00
4.495392162804433767e+00
3.433258968421070367e+00
2.484598211362489817e+00
3.480480698692679731e+00
3.499810109971206007e+00
4.461373998752596215e+00
2.493185121411757521e+00
2.460165750366122506e+00
2.475709876941172283e+00
3.514125962720147101e+00
3.461173162252262347e+00
3.494114492951251538e+00
2.485867634857008568e+00
2.517722370297504675e+00
3.461459161406489127e+00
3.466112813916195190e+00
2.472091079816464809e+00
3.452504379422391523e+00
2.532857920608447611e+00
4.483311699413705220e+00
3.010141082011496660e+00
3.532731038370123144e+00
2.452713428932301820e+00
2.509154839766281064e+00
2.493645723220652144e+00
3.463395333219103644e+00
3.495212916233211509e+00
2.548392774376580849e+00
3.440585511344086633e+00
2.502077090746972488e+00
2.487623700500121160e+00
2.475362057512271896e+00
2.464131960265284693e+00
3.484836763534750137e+00
5.504251397906611665e+00
3.485055398808837079e+00
2.485189905788798725e+00
2.469657553433147523e+00
2.455024662075723008e+00
2.477611459547838013e+00
2.444807054768852073e+00
2.464497194576919625e+00
2.472771940718303085e+00
4.486031260838880819e+00
2.474567197885705117e+00
3.350450222918264220e+00
4.404635180383720261e+00
4.453394900111919519e+00
3.467883028935115686e+00
3.438422096041083176e+00
3.477936681391137874e+00
2.479807886649494364e+00
3.434855113164311025e+00
2.478126702238559798e+00
2.512754388689807605e+00
2.470685134314716702e+00
2.542071581120608936e+00
4.457103537504035984e+00
2.373589573675198405e+00
2.456463462751774518e+00
