4.454404599882235694e+00
3.455993420255490722e+00
2.488455371967440044e+00
4.421489183393610745e+00
2.471443005086711775e+00
3.446535628566059550e+00
3.439029569679753262e+00
2.488872634910785919e+00
3.508284658333066020e+00
2.453919897889716761e+00
2.482368012635221444e+00
2.493504644046196095e+00
3.415711058607576067e+00
3.444148500269768043e+00
2.416861194268415058e+00
3.498343704500549656e+00
4.456677617879326370e+00
3.506565229482101032e+00
2.435592203842452452e+00
3.446583614679893603e+00
3.470827414022878088e+00
3.424489372711759128e+00
3.426910110578006208e+00
4.463581872072003520e+00
3.460694178809124111e+00
3.486546836318540787e+00
4.487691913563691237e+00
2.444086386737168048e+00
2.821189006965396651e+00
3.479898050121001507e+00
2.515785819147237756e+00
2.511001541636502132e+00
4.560507486539250088e+00
3.499284948798469852e+00
2.412911317665478173e+00
3.408400689245256743e+00
2.473962074351041540e+00
2.429092804965413688e+00
3.462777104571403974e+00
2.483234339822172121e+00
2.487979672825904931e+00
2.449645260691146298e+00
3.528500624743737824e+00
2.525975317405934284e+00
3.526487396316619449e+00
3.400025380260224050e+00
2.522662428871549345e+00
3.511015135063028314e+00
3.475551505891466775e+00
2.453955808510923209e+00
3.534115698960041296e+00
2.484536097964190393e+00
2.453912076777627682e+00
3.485823306300944058e+00
3.447451344415779939e+00
3.426800497432682668e+00
3.461678324552628361e+00
2.501134620485538473e+00
3.443332988984764587e+00
2.449570375167708924e+00
3.468674966891294176e+00
3.485040586052144285e+00
2.501087027723921885e+00
4.440915463720809697e+00
4.049248807827119379e+00
2.438167896324833883e+00
2.472604208764961342e+00
2.487562235657326148e+00
2.452188064861063221e+00
3.483329374104875420e+00
2.434882115533989477e+00
2.498776240162232209e+00
3.488101999999873470e+00
2.503974729595637605e+00
4.506227011876468680e+00
3.430860755669859596e+00
3.440869387896503095e+00
2.477535004711928224e+00
2.485843483043598034e+00
2.526203633033655471e+00
3.465986784251905206e+00
3.438855966805002939e+00
3.409897901533196052e+00
2.488554756645497079e+00
2.455941981523511952e+00
3.478452203209952298e+00
3.466909133780851970e+00
2.552250972282379404e+00
2.513969239698128355e+00
2.461702180038658927e+00
3.500913224198932472e+00
2.431031067814034774e+00
2.491406095148506417e+00
2.503188872497660977e+00
3.433849244923645738e+00
3.471020644718755932e+00
3.457628276305757087e+00
3.473751255351020362e+00
2.466517068936415313e+00
2.469676551220189697e+00
