3.433729371242374206e+00
4.460498644507054244e+00
2.398458009679548475e+00
3.451847544171839477e+00
2.550781487176970508e+00
3.470624611411802007e+00
3.409402500195595653e+00
3.468333533309725603e+00
3.516129961708911011e+00
2.477149792235177284e+00
4.452773135226100187e+00
2.536157800074350988e+00
3.472141546742745000e+00
3.425970189711273317e+00
2.461241671992030255e+00
3.235067324731595750e+00
3.526329310152460206e+00
2.421611730533076212e+00
4.513680660906463693e+00
2.493843416709063288e+00
2.510967268192816793e+00
2.493488242873896255e+00
3.458736698939230081e+00
2.471671940295428360e+00
3.495979157702397977e+00
2.465146316835801876e+00
3.557989116415193109e+00
2.479983585670220148e+00
3.485617790204021738e+00
3.504127278694829872e+00
2.492684655135413596e+00
3.449169755439046359e+00
2.487879904662521291e+00
2.489705386002130538e+00
2.459076910763577484e+00
2.512333083681819623e+00
3.546043755345540394e+00
3.487222866249523268e+00
3.510946926601079099e+00
3.461152443205570250e+00
2.526332506771993724e+00
3.447110001450043537e+00
3.478684846626373783e+00
2.488939798951295579e+00
3.421973542052445971e+00
4.471718158162462764e+00
3.528280922593785895e+00
2.472929996902527794e+00
2.446350650804414162e+00
2.439074486777375927e+00
2.496084658812045109e+00
3.459783697885876474e+00
4.418419477042868415e+00
3.446663153174534422e+00
3.498150658810332381e+00
3.305167148877694139e+00
2.491233373432839571e+00
3.456761530928329496e+00
3.477921188336507985e+00
4.434662092003363476e+00
3.485698961966694487e+00
4.197970942482537104e+00
2.486465157068576737e+00
3.507009861559707176e+00
3.450531693702935776e+00
3.480369679546619910e+00
3.496935720004606729e+00
3.454396112131724372e+00
3.490349230526224922e+00
2.478314590259548478e+00
3.432126982410092175e+00
3.536950996689347981e+00
2.470575357479460887e+00
3.470128444568652881e+00
3.490632607500301798e+00
3.482364778805961070e+00
2.502512176750628647e+00
2.487954317608314092e+00
2.461362379622675345e+00
3.493771293955121759e+00
2.510402091109892098e+00
3.394559277594623836e+00
4.413307645265650336e+00
3.341396721500907496e+00
3.466556905029273938e+00
2.541698663414980075e+00
2.455102992614461410e+00
2.513587508496912371e+00
3.447845751401352743e+00
2.463574844149575949e+00
2.483670945834441035e+00
3.467813933490409450e+00
2.384717090027314690e+00
3.479461494442863234e+00
3.528451064420232264e+00
4.528144668783850690e+00
3.503022869689793595e+00
3.450313320624037949e+00
3.510683239613792139e+00
2.454009954392770698e+00
