3.449783839995927526e+00
2.501532249421833942e+00
2.432011696415994795e+00
2.471478370375331579e+00
2.430549802002100357e+00
2.501868894696309464e+00
3.478536965150167415e+00
2.449763638093481077e+00
3.474638420818073836e+00
3.489895571871439728e+00
3.471071022623635205e+00
3.401332739358899460e+00
2.513642931032554095e+00
3.429277775280403340e+00
2.470484251348546323e+00
3.462109474035810042e+00
2.497488544390241483e+00
3.502053201077909073e+00
3.483454859685569449e+00
3.409000851630324291e+00
2.482198332314704103e+00
2.516115901117530029e+00
2.471469754906525207e+00
3.435808487221987839e+00
4.501821539189881705e+00
3.491504042292643994e+00
2.457994103405656272e+00
2.491178650858282495e+00
4.488203858767271015e+00
3.477016821518037482e+00
2.425099019638554232e+00
2.433904098987518250e+00
3.456284917767830311e+00
3.520393878075552596e+00
2.458950760714988970e+00
2.455718704299315380e+00
4.469077322665604868e+00
3.518401368611609570e+00
3.425481092490789692e+00
3.416880140140912125e+00
3.476175521214706077e+00
4.486835758828664034e+00
3.421883274574323064e+00
3.460014225991287162e+00
2.451751503502100249e+00
3.547641811541998536e+00
2.506919561689222142e+00
4.424739546559607106e+00
2.526946530344095887e+00
3.443981911422433040e+00
2.469782440532155565e+00
3.463833031488904979e+00
3.472635949413363843e+00
3.459768663104493491e+00
3.465252293058596944e+00
3.422131525709482869e+00
3.492562709151417089e+00
3.522468215367668076e+00
2.506505294918543569e+00
4.457328582232589653e+00
2.481856377169680883e+00
2.481117483778925603e+00
3.363734249906256579e+00
4.408652172847775219e+00
2.473761306623380118e+00
3.460258687131866573e+00
4.575004781606275550e+00
2.438182163473591402e+00
2.544569847137097440e+00
2.483584136249757268e+00
4.444541046215706004e+00
3.514513419898654067e+00
2.452596028758843527e+00
2.481272303193736928e+00
3.479723674451859594e+00
3.509446386144989383e+00
2.519756489276732125e+00
2.531582068942896946e+00
3.457693743601419012e+00
2.519052076242984661e+00
2.501170199063410315e+00
3.487094311903737864e+00
4.435851945867367974e+00
3.447641855033519054e+00
2.457876769311140741e+00
3.461264475649926009e+00
2.455464295584462331e+00
2.492758057974408192e+00
3.527622788443071755e+00
3.490904728610579433e+00
2.495238295239284643e+00
2.461873920707348340e+00
3.486477370546939181e+00
2.474856603337500349e+00
2.480502840969202705e+00
2.438161593365217428e+00
3.449162152841632967e+00
2.444147873167489493e+00
3.487315246658169610e+00
3.415489515370365936e+00
