2.531159057412233793e+00
3.432372132621492877e+00
3.460666702429284314e+00
3.444402409077978788e+00
3.510417784912554851e+00
3.538913505555103534e+00
3.463441564749130119e+00
3.469560392810465466e+00
3.463338466907868618e+00
3.467976937441395346e+00
2.584423247416093972e+00
2.507227607160391614e+00
3.420808926321167398e+00
4.389219612581182872e+00
3.402570114777516253e+00
2.497394966425798390e+00
2.440609294878643087e+00
3.461738005035321031e+00
3.506002008510417323e+00
3.444672847955468242e+00
2.454713715638736193e+00
2.519540978581402690e+00
3.490095516145771626e+00
3.446699918610738766e+00
4.478436813381566850e+00
3.506273499687127426e+00
3.341560765165634717e+00
2.408435680404072077e+00
2.477305066813654477e+00
3.544840662086577776e+00
3.446136757147992835e+00
2.492005741376144279e+00
3.490277143320683617e+00
3.448766114553329043e+00
3.487149579602340399e+00
2.430948908405457409e+00
2.497913548202581602e+00
3.440292564408959031e+00
3.462379781645858134e+00
3.448438213220449189e+00
2.471022919295573050e+00
2.453275634579472175e+00
3.507787725636660081e+00
2.448309709874140871e+00
2.476364556578344978e+00
4.420876516861080852e+00
3.490244346788888397e+00
3.438360638185160134e+00
3.425626266991497193e+00
3.528965035963988583e+00
2.510845010048381898e+00
3.454405598849983772e+00
2.477074076881633502e+00
2.472260830935330667e+00
3.482405183143299610e+00
5.439914177211719881e+00
2.446497783864334252e+00
3.483681122403297969e+00
2.466696044007934852e+00
2.417034271981868265e+00
2.508567596224654750e+00
3.484848190944699553e+00
2.483321272908027399e+00
3.554488684291179812e+00
3.456016875992593107e+00
2.453405237910445624e+00
5.378450584766302889e+00
3.514422783647676241e+00
2.489352182855299578e+00
3.435641053778846654e+00
3.532079151914154558e+00
3.490649232546811920e+00
2.508437792607807637e+00
3.412886692251888121e+00
2.467260308915746769e+00
3.478964249660296382e+00
2.441746397447547956e+00
2.472041423008275896e+00
2.505240715697733211e+00
3.422154846307349452e+00
2.443510651399689149e+00
3.491619605163268858e+00
2.498304080654162984e+00
4.496490432547922467e+00
2.489077211303044823e+00
3.438699153003472286e+00
2.424697678703998882e+00
2.505928564623804089e+00
3.472674138608110805e+00
2.549089628440469824e+00
2.467282995418062175e+00
3.452578758772842260e+00
2.554056544409416762e+00
2.465456819016828227e+00
2.473344516198090037e+00
2.536481607336231292e+00
2.399580262725671265e+00
3.435432857640678073e+00
3.413113642314125062e+00
2.450181288976027716e+00
