3.423569344988102614e+00
2.451397631166002622e+00
3.434578531838960114e+00
3.411371206551561563e+00
3.443165253736269804e+00
2.501884849921635290e+00
2.429739703022627317e+00
3.451112532628155094e+00
2.472733194308742721e+00
2.446709471022215254e+00
2.460360754100362257e+00
3.490083772532475148e+00
3.442632500698836751e+00
3.507231813827125677e+00
3.471480519114089169e+00
2.521439667788202943e+00
2.519051633246907951e+00
3.465463416167966049e+00
2.436316832711286295e+00
2.455666594061503005e+00
2.448711853797767901e+00
3.506962881473469018e+00
2.446554085370440390e+00
3.497528290378925764e+00
2.450730221528929942e+00
2.459965360692784042e+00
4.413655943789312808e+00
3.455947822451629126e+00
3.455938525686843565e+00
2.498737565658621929e+00
3.528020544281098569e+00
2.468882416586525519e+00
3.439706925318049890e+00
2.504760619980342273e+00
2.503436367097632065e+00
2.459695231190468068e+00
3.441121853798100538e+00
3.482210094257847555e+00
3.460199160148434316e+00
2.509522481924345350e+00
2.428564423226357238e+00
2.444747854447431923e+00
2.474829549371945436e+00
3.446260602511876048e+00
3.485792647181171766e+00
2.521815506467810941e+00
3.450043313189353977e+00
3.531898733098523202e+00
4.468509516242480828e+00
2.523574871694867827e+00
3.451508010513907543e+00
2.493986794280430797e+00
2.504007565616420017e+00
3.409905380654417062e+00
2.527352836191968599e+00
4.445678766876967281e+00
2.485645933146654496e+00
3.412485542683047601e+00
3.490602972575926888e+00
2.510779410290598701e+00
2.472603243196793255e+00
3.486850177320467647e+00
3.450373527992748102e+00
4.440764632813127832e+00
3.449854199231917384e+00
2.431432563101614264e+00
3.484521870214884576e+00
3.461860113118918392e+00
2.497137082509836237e+00
3.482209774781251266e+00
4.413553609235994379e+00
4.502280634773812906e+00
2.521860510509152942e+00
2.446778835851912248e+00
3.438471992182799752e+00
2.538057153283266754e+00
3.458090810169485163e+00
2.477658756618294600e+00
2.488901340575815802e+00
3.479018707067207394e+00
3.531197158909910705e+00
2.494284995515473558e+00
3.408713489207594538e+00
2.422521585079486339e+00
2.438775812104378105e+00
3.456078294387006977e+00
3.452364819800061824e+00
4.995146322350356272e+00
2.459931857995559135e+00
3.465981147605682100e+00
2.420347863447315895e+00
2.463199587921522937e+00
2.472059179018863961e+00
3.492467013432718481e+00
2.524996901250544656e+00
2.417379440827251535e+00
3.488414216114977595e+00
3.431653357352857814e+00
3.488755937908512461e+00
3.511266488758230775e+00
