2.445379976481418804e+00
2.527152426254654305e+00
2.465166145568850276e+00
2.501204062409863482e+00
2.499286670995603643e+00
2.455960880101469623e+00
2.477536216071391628e+00
4.424051040643583121e+00
3.499112821121336481e+00
3.432014130132996499e+00
2.494050084217602770e+00
4.428789503227935853e+00
3.499426818979197940e+00
2.447132669421197892e+00
3.523288988761423823e+00
2.454797085842785442e+00
3.409953782897200192e+00
3.536795577440777993e+00
2.484204050273217668e+00
3.458128819523583974e+00
3.467437132004323797e+00
3.549449664911378033e+00
3.506543702184643507e+00
4.472415077141333128e+00
4.440256901529494371e+00
2.439637152675379728e+00
2.469489926290814541e+00
4.494279635329112566e+00
3.413716104455430944e+00
3.521961165525281601e+00
3.535144767938765753e+00
2.507211769809373436e+00
2.431695996278249616e+00
4.478735115338295714e+00
3.400697308690895149e+00
2.487403600542295479e+00
3.448397711053346359e+00
2.464350847826658253e+00
2.525856714639799883e+00
2.467703057104506215e+00
3.500404057923565126e+00
3.434568786513163552e+00
3.514579333547126705e+00
2.463798059112001226e+00
2.467026982900283993e+00
2.463212088518458742e+00
3.486714068230503560e+00
2.477138905906354882e+00
2.459243450804445619e+00
2.529683081024774793e+00
2.491609729669812978e+00
2.517938729500528883e+00
2.533852678976513229e+00
3.466244317664088914e+00
3.487087413962671079e+00
2.510333662142571143e+00
3.493948424195043145e+00
2.440122546562885297e+00
3.490810029890819788e+00
2.502681570274210010e+00
2.491837259208250277e+00
3.464981289713591206e+00
3.530621930650413631e+00
3.422160183307234593e+00
3.587672445110559494e+00
3.456498920971570410e+00
2.446198690133072784e+00
3.520483025953986100e+00
3.432505862901759297e+00
4.414100982293296838e+00
3.392412677815258792e+00
3.487185684405514685e+00
2.555458977894284445e+00
3.407107641480158655e+00
2.450360167919468868e+00
3.458505360187768218e+00
3.467804223743025993e+00
2.513983148959726410e+00
3.455842140014737662e+00
3.472022606599030059e+00
2.484578157952222810e+00
2.480816422353870010e+00
3.498545881584471662e+00
3.464323295193313168e+00
2.457339491282630295e+00
3.470976319830188839e+00
2.462974212335045099e+00
3.541955343195220429e+00
2.445185489754531982e+00
2.442911538592260623e+00
2.464395374298629982e+00
3.420422563939230276e+00
3.475432171721041019e+00
3.520084425830261488e+00
2.489267744402772653e+00
3.563605107997865673e+00
3.437655195155469912e+00
3.486592877103479093e+00
3.522970150633454978e+00
2.445579728081213489e+00
