3.469368757664136105e+00
2.453383612474816289e+00
3.497750299693301645e+00
2.446716354133844362e+00
3.433320126334108213e+00
2.462756172263057319e+00
3.414651485001747755e+00
2.471943678800289312e+00
2.526985976664019695e+00
2.461968628150709382e+00
3.494933716709585969e+00
3.468466037293786552e+00
2.461155630642421599e+00
4.511554833788019359e+00
3.878737944370447721e+00
3.443505509656419328e+00
3.450116858237124440e+00
2.461311151614831161e+00
2.478507359216262085e+00
2.452852372997034180e+00
2.507597808518384763e+00
3.460524963110116925e+00
2.531706635248144099e+00
3.431633177885494046e+00
2.498178633477636801e+00
2.467493960180339840e+00
2.505352666513457116e+00
2.487807861504708562e+00
4.434006639690889706e+00
3.499023857081178690e+00
3.481503832659789133e+00
3.461893563544196528e+00
3.507031693029547093e+00
3.512748887574691281e+00
3.427499994338630618e+00
3.452017920697917130e+00
3.499420685195773206e+00
3.508469929114935937e+00
3.429201121109405559e+00
2.448509112645859354e+00
2.500217929470460287e+00
3.463211448690865613e+00
3.480152953088429868e+00
2.513187695185656434e+00
3.494246522877612282e+00
4.445010483136996982e+00
3.473720932632809344e+00
3.451191727673659226e+00
3.455370882100676333e+00
3.458272778586055640e+00
2.471342192319125886e+00
4.477415254228188424e+00
2.437025721977295944e+00
2.492630756190930441e+00
4.381666868240074564e+00
2.471181590274591500e+00
2.520093812512105735e+00
2.496090028080533596e+00
3.434211176773144469e+00
3.461572848956386395e+00
2.483079125297166012e+00
2.455504968445695990e+00
2.476295951675651530e+00
4.478323544961652303e+00
2.519623440452274821e+00
2.521817440767024632e+00
3.483241499510500550e+00
3.446903235048295322e+00
3.494383732238958817e+00
2.525798784945558317e+00
2.422614399933991969e+00
2.424219725773458123e+00
2.475045465747488738e+00
2.455466924351240365e+00
2.486296412818121748e+00
3.466712985411934511e+00
3.454019297899745489e+00
3.499174920487737594e+00
3.476280647011372960e+00
2.504183869149785746e+00
3.475173199901072874e+00
3.439979431954388822e+00
3.466998640107568974e+00
2.452637370193438748e+00
2.499079293481732300e+00
2.478247885253382243e+00
3.467008732186406483e+00
2.488979213143933666e+00
2.488340175327516945e+00
2.497136539084354290e+00
3.528251448219054343e+00
2.477331422466193089e+00
3.522817396495756981e+00
2.449339856392822146e+00
2.534651054615637555e+00
3.486056858099070066e+00
3.457752498288189535e+00
2.417603876443499722e+00
4.397792326574277766e+00
3.473646430699834475e+00
