3.508702537952975931e+00
3.438204094294607938e+00
3.439985976508286747e+00
2.466009060243889994e+00
2.452788731085966401e+00
3.526399417024631333e+00
3.528467460856175020e+00
3.466351086835094630e+00
2.445270382010997778e+00
2.540413843033485275e+00
3.409349094565683469e+00
3.446416133184533770e+00
3.541280643895615032e+00
2.501578282059958802e+00
2.469206594792570097e+00
2.563082123744101271e+00
3.374257438949041177e+00
3.484880875046961091e+00
2.479661508535367709e+00
2.463966507481069712e+00
2.426492009450606613e+00
2.456178717923985566e+00
2.472666428434072028e+00
2.530047087335824951e+00
2.470989321622659052e+00
3.489880761513727947e+00
3.472173632624654172e+00
3.421137073143680762e+00
4.479953283502999817e+00
2.422676034350773833e+00
2.494622700162347773e+00
3.425417346834974008e+00
2.572314626745927590e+00
3.468417567738063756e+00
4.520071731109618796e+00
2.476128933931067255e+00
2.426693574141824516e+00
2.467930775082441297e+00
3.518925085964632604e+00
2.482974931741025681e+00
3.430054401901428296e+00
3.486247995132580435e+00
3.471942649565204153e+00
2.493511314157351944e+00
2.428313381160927875e+00
2.503208035703742507e+00
2.487491098366916731e+00
3.462257467426556712e+00
2.494429096247581246e+00
3.464315514116492967e+00
2.463615735269038431e+00
4.373703092368845802e+00
2.453031936385807743e+00
3.455596538210582214e+00
2.429860367502201246e+00
2.529347693986494061e+00
2.469556178867725826e+00
3.540395649099104425e+00
3.494912571117688493e+00
3.405951812173259263e+00
2.492421653744173238e+00
4.491119497416315554e+00
2.522659832044410688e+00
3.433961514270226445e+00
3.463098020915493347e+00
2.472240811221339207e+00
3.512050066775364687e+00
2.501987155909566773e+00
2.522381311878556520e+00
2.519750722114520780e+00
4.470718865391836161e+00
3.432257847515109539e+00
3.429670919946240737e+00
3.481844926356672865e+00
3.483372471476506416e+00
2.490202529958644107e+00
3.430197731294632568e+00
3.430794270199257756e+00
2.494271029412019391e+00
2.481042278273192903e+00
2.565488552941888933e+00
2.504714131003312083e+00
3.456199779468230204e+00
3.465615529918907534e+00
3.489826129330412030e+00
2.505103577359995448e+00
3.444700361910509656e+00
2.447855726361074069e+00
5.394177155267151136e+00
2.436165505084024741e+00
4.492536623029717013e+00
3.425534808166720069e+00
4.443100496361422458e+00
4.459381284939715862e+00
2.466502014822885780e+00
3.542779557274845725e+00
2.465932704670768860e+00
2.411044092592952381e+00
2.494233536328448242e+00
2.533499949224973236e+00
