3.478971903058531545e+00
3.502238640976815365e+00
2.529721167798672621e+00
3.411542781165460170e+00
2.506551930368440928e+00
3.459037241284390163e+00
3.483179832085585570e+00
3.444325455984976525e+00
3.402605008776864892e+00
2.491547823757683133e+00
2.459949716321021551e+00
3.468665035546415254e+00
2.417622334016211738e+00
2.449242391527609364e+00
2.498974702269138426e+00
3.442843325864764825e+00
3.454040750718302633e+00
3.461069438112322594e+00
3.496795089086056407e+00
3.465646560494031636e+00
3.476030669757118829e+00
2.486276796627590713e+00
2.437686326514125312e+00
3.452278010707729994e+00
3.419798514221449537e+00
4.536163323915923584e+00
3.517190158038081549e+00
3.493653839780136217e+00
2.440416762669320949e+00
3.540421335101243461e+00
2.482971963454164044e+00
2.459039085859846541e+00
2.462285494632938221e+00
2.441776905398988173e+00
2.411723519344987743e+00
2.451143837332073527e+00
2.500129378567974126e+00
2.467348632726770852e+00
3.430111949901498036e+00
3.452001473278777599e+00
2.498421844826799632e+00
2.493564851234823188e+00
3.472486818965808464e+00
2.425080657860899436e+00
3.439658455018439476e+00
3.512457526495285531e+00
2.446683567858564334e+00
4.536740259759534766e+00
4.491442354993007591e+00
2.459768634126917597e+00
2.439991739713371022e+00
2.471933223355559761e+00
2.445182066564434376e+00
2.513955923790007319e+00
2.498913999433973299e+00
2.480449566198264844e+00
2.485682514817837419e+00
3.526109295264285848e+00
3.486278033478813043e+00
2.442154287950963898e+00
2.501912308375752847e+00
2.551924495733074671e+00
3.485411688422931586e+00
2.511419661901596267e+00
2.458223886786923273e+00
4.436203444029422904e+00
2.456462560677696860e+00
4.475148050846992298e+00
2.435819155284102422e+00
2.467171163276489665e+00
2.563951030060185765e+00
2.478983749369783052e+00
2.518556495890030611e+00
2.459179854270486132e+00
2.467770635536057355e+00
3.472367465044137624e+00
2.504637280164511370e+00
2.494693109036977940e+00
3.452714048599342167e+00
2.489636529952544475e+00
3.454826359948639514e+00
3.498529031576677273e+00
3.517851821630152642e+00
2.531734148416098229e+00
2.531806651035593880e+00
2.465777391441493105e+00
2.520897516354433598e+00
3.488149523062621604e+00
4.428233129264193657e+00
3.434274647116611234e+00
3.460826018748393018e+00
3.450047566442238534e+00
3.424030754786667963e+00
2.491385359694866075e+00
4.477627809446012463e+00
2.494975374416216862e+00
4.427429593106536387e+00
2.460165937110470935e+00
2.508823226076738688e+00
4.450041436599459388e+00
