3.526590760806651126e+00
3.433335562876313141e+00
2.504654474477825854e+00
3.443016428252590799e+00
3.440483803578294975e+00
2.509770360186951432e+00
2.512000444476287342e+00
3.521765397842120837e+00
3.434218180224493988e+00
5.434256429434377367e+00
3.476815079753968973e+00
3.568479914854355783e+00
2.506337798970353248e+00
4.547235153209244096e+00
3.464451839492725060e+00
3.375293066906547068e+00
2.510173229471087897e+00
3.451406532376429581e+00
3.486306339368737461e+00
3.464661905194620140e+00
3.479512929286731282e+00
2.556851058274856481e+00
3.440748068158451911e+00
3.413551309129553957e+00
3.418215947575481639e+00
2.407143562843066409e+00
5.422963332066448316e+00
3.458773885945594095e+00
2.483309527617739487e+00
3.550923630716463553e+00
3.435504402860083850e+00
2.477950033660591078e+00
3.458890480035860193e+00
3.440203750731158028e+00
3.500091821363165767e+00
3.468661098471288895e+00
2.437902359726639379e+00
3.516923399770163439e+00
3.418392384192862288e+00
3.499740729951283491e+00
2.453724897348687151e+00
3.467546550899583302e+00
3.454754628285856999e+00
3.442469604717990794e+00
3.452902193815884591e+00
3.501818966400145339e+00
3.494285197370798013e+00
4.396943718035668525e+00
5.450184795089459300e+00
3.465789612058666869e+00
2.484880967257620643e+00
4.489408302589987798e+00
5.511906673693918179e+00
3.548484889079089655e+00
4.545512180343950881e+00
5.448682309582089545e+00
3.387398269547250429e+00
3.507726301985379713e+00
3.481049184282514197e+00
3.431190569380500932e+00
3.553939201895418343e+00
2.452943376086141658e+00
3.520061374363003370e+00
3.456614938957266681e+00
4.455418205888927119e+00
4.459695295463867559e+00
2.575869360141212372e+00
2.457589584651017844e+00
2.458838883942112918e+00
3.485601265332306298e+00
3.466939027115745642e+00
3.440531065487896889e+00
3.471820762034655061e+00
4.437717628374673318e+00
3.500344962779046831e+00
2.487000152887308690e+00
2.421797925279554509e+00
4.452552352277701075e+00
2.455078730296622602e+00
3.470240935486127665e+00
2.400107838337558253e+00
3.503004470951593063e+00
3.424686022207741320e+00
3.479070579130442820e+00
3.476971086929198318e+00
3.482626900709810069e+00
3.490376139450254822e+00
4.459572194449823890e+00
2.459584828319931304e+00
2.494598287968583517e+00
2.452011386858960584e+00
4.473285038871396502e+00
2.423930726088016741e+00
2.442952266653124038e+00
3.530728037672854036e+00
3.474218543454640873e+00
3.489191364059124556e+00
2.483867454323970048e+00
2.521116720374693809e+00
4.395475525991145105e+00
