2.475449872786636085e+00
2.439675446349571342e+00
3.421490709269994657e+00
2.496767391009604875e+00
3.413482219443658927e+00
2.421710762508283654e+00
4.483051107075927355e+00
2.451386854088671630e+00
3.437261075483606820e+00
3.473106353707756444e+00
2.493682913675176138e+00
2.456962631206869307e+00
2.455996608151369998e+00
3.481976739647508978e+00
2.511527557623357776e+00
2.561701080510117023e+00
2.486050131151377851e+00
3.456134043139906353e+00
3.435795542104345124e+00
3.455763374639858387e+00
3.207660007872265240e+00
3.421304869156526429e+00
2.448353779722565626e+00
3.436704368893405803e+00
3.500749467954042515e+00
2.506024724979578622e+00
2.551489780857035150e+00
3.364485135588563214e+00
3.467849109402328267e+00
3.506953395535891360e+00
3.448359125340332287e+00
2.460085273036030085e+00
4.443578675401623101e+00
4.462417519049631132e+00
3.487179841403192260e+00
3.424954964775756228e+00
3.456392167558728357e+00
3.502747566851100558e+00
3.487093073546660982e+00
3.430237277555905351e+00
2.520283236923043901e+00
2.442112755480432718e+00
3.523434221387179655e+00
2.457269732580825483e+00
2.505569492663489939e+00
3.460796743340926351e+00
3.500586253381683832e+00
2.498950012613016636e+00
2.456735090827267154e+00
3.451418086685877018e+00
2.477043608297142541e+00
4.433357303999487797e+00
2.494930025307179555e+00
2.457287701648681821e+00
2.519938745612828157e+00
4.215424533785718353e+00
3.460884044324994413e+00
4.231653800027342704e+00
3.475816488638626467e+00
3.392953668476521134e+00
4.542250044948029419e+00
2.445229523221564172e+00
3.433470091722722994e+00
4.241706027656306333e+00
2.504551262306974557e+00
3.472165149263812367e+00
2.471755530140180568e+00
4.260380022916950615e+00
2.441902637732959569e+00
3.415182776246454388e+00
3.507970786035826460e+00
2.459792498688943674e+00
2.514953082199603784e+00
3.518806528063063155e+00
3.422076015346131594e+00
2.464391917733625093e+00
3.449771725281570056e+00
3.460133401530249397e+00
3.477717029470321464e+00
3.464162778276174581e+00
2.472291138783150100e+00
3.416620098487451074e+00
2.426452327106937812e+00
2.450120845999791186e+00
3.503369730439692020e+00
3.408262700419014024e+00
3.459827013816306085e+00
2.513867130636176395e+00
2.479549728115241880e+00
3.481910452527483990e+00
2.435562287993695119e+00
3.420785459474843027e+00
3.427655574254873105e+00
2.509089263245267709e+00
3.499284979471005919e+00
3.482162724312940938e+00
2.511005863430951557e+00
2.473709569950768739e+00
3.430345281067352037e+00
3.496543262644903116e+00
