2.540228849070022221e+00
3.456452358251718149e+00
4.371860071535577319e+00
3.488014608243381165e+00
3.434802670603526842e+00
2.533006854199238767e+00
2.491810564409570716e+00
2.494127274832001362e+00
2.475847766847175446e+00
4.171216633839465615e+00
2.533390937710336299e+00
2.476667519969603770e+00
3.551331310501585126e+00
3.383807297283738968e+00
2.521170398859429618e+00
2.480416517378352115e+00
2.482514739027159578e+00
3.559401591958503808e+00
2.461404902272401163e+00
3.440182081720778662e+00
2.459700263906354323e+00
2.458110769808387719e+00
2.522513598083330866e+00
2.404623808233536053e+00
3.500227282063619771e+00
2.544069439121035003e+00
2.493661078472995118e+00
3.441034815677607828e+00
2.451801343996534044e+00
2.451267287073814582e+00
3.433489724352307704e+00
2.515261088020454228e+00
3.513943728650249732e+00
2.488484195392495213e+00
3.459197604667838544e+00
3.436254383727810335e+00
2.470827160565399083e+00
2.542401506808758427e+00
3.303670581397318173e+00
2.490274747087204865e+00
2.486637625533415275e+00
3.419218759423619414e+00
2.447919483770812477e+00
3.417427582988272761e+00
2.470193174710813011e+00
3.479619526146064956e+00
2.683484947841838775e+00
3.456097703447509772e+00
3.480113736232038679e+00
2.536005220998232890e+00
3.446187426881848204e+00
2.486733309595818397e+00
3.510181285906116777e+00
2.529760065814484982e+00
2.486374230670266527e+00
3.422626340070944018e+00
2.532332690518560803e+00
4.315974516326233079e+00
2.469262711198281224e+00
2.477423559069927173e+00
2.462802536034725431e+00
3.465769499890837047e+00
3.461901675518027410e+00
3.494015313570063341e+00
3.454232926299770856e+00
2.427294001374244559e+00
2.458328563844398129e+00
2.463395750500667170e+00
3.433401295505801976e+00
3.469844849183469027e+00
3.428810603276823521e+00
2.433882811654465517e+00
2.455271753035947579e+00
2.515783619633877866e+00
3.521740674850044162e+00
3.497961391481074767e+00
2.464159338209891192e+00
2.464991681367664000e+00
2.469042771280165027e+00
3.425092673376262553e+00
3.523767728844692471e+00
2.521785473727345295e+00
2.488829572897003573e+00
2.463731887155148126e+00
3.498291946483091941e+00
2.486202794697173424e+00
2.531947091671709504e+00
3.376987628389729768e+00
3.431039962133541898e+00
2.486467554263699586e+00
3.470393018535172125e+00
3.379299278222949621e+00
2.481057792382776572e+00
3.531494334381944267e+00
2.481438162359129951e+00
3.408324314658332632e+00
2.485461442488958284e+00
2.505763726438953842e+00
3.488822275660352634e+00
4.523971471055416416e+00
