2.508342537935854821e+00
2.489104352583805468e+00
4.221646848102857064e+00
4.211465033350099141e+00
3.472828633111766372e+00
3.334042028424370141e+00
3.442431651217244593e+00
3.379664284042482869e+00
3.552109191920475695e+00
3.375324492904709928e+00
2.444180131021649771e+00
2.499287778006977767e+00
4.060757120473087234e+00
3.429123575701234827e+00
3.278041796756099302e+00
2.452304702479850551e+00
4.067987214486524117e+00
2.495838201556043856e+00
3.478411239601205018e+00
2.462519820197825116e+00
3.517011098023036020e+00
3.491306122619754593e+00
2.523190453130973232e+00
2.524754958726677323e+00
2.500523351003201444e+00
3.476482556846888450e+00
3.334993015899109903e+00
3.458236963671601938e+00
2.536430206449672209e+00
2.429470585894551782e+00
2.435579186968154897e+00
3.509418491017925135e+00
3.492948270285734846e+00
3.532422517686550911e+00
3.468433467166931461e+00
3.505255689468098179e+00
2.434606821573976454e+00
3.327986264719811516e+00
2.508945606182290344e+00
3.324735431769664462e+00
2.460734690045792483e+00
3.337457796975560331e+00
2.527161818077417355e+00
2.456717042768131964e+00
2.481002962989338201e+00
3.515314616625655031e+00
2.486905474818661865e+00
3.448330140306969938e+00
2.457712036607468065e+00
3.382006636031033242e+00
3.505933846970171075e+00
3.561065648552895979e+00
3.240435233160289030e+00
3.455247831430982242e+00
2.499896624897443687e+00
2.406596772651511174e+00
3.492846756396275953e+00
3.494469202180124690e+00
3.452487017190899898e+00
3.480169910561177193e+00
3.520376549738343464e+00
2.529102715239215371e+00
3.522033932429690317e+00
3.454327597764230262e+00
2.420714459289210474e+00
3.326483442672337532e+00
3.507630910288785930e+00
3.501054697902834967e+00
2.500481257691153925e+00
3.459217038866035487e+00
2.537882091616996405e+00
2.437579137389881634e+00
2.522195397164364472e+00
2.448656025372053069e+00
3.471304408833533639e+00
2.509916948073078302e+00
2.474359871251244236e+00
4.263397524666980409e+00
2.486902751479203033e+00
2.456640361365241443e+00
2.425916573869332460e+00
2.512656131888330702e+00
3.402507258561807024e+00
4.155665702964714825e+00
3.434043186265339997e+00
2.516979531772710388e+00
3.418649789908231096e+00
2.485594898808126896e+00
3.450801804474032064e+00
2.412907564653469006e+00
2.491972325524151710e+00
4.165642458994248010e+00
2.497297843108715387e+00
2.460505868706253541e+00
3.491347021483029334e+00
3.473952180544038093e+00
3.235308957806793284e+00
2.513432742250584440e+00
3.417952920845533704e+00
3.493514821708484153e+00
