2.553042514976149757e+00
3.467084492870991852e+00
2.464196373726843969e+00
2.484817565315347032e+00
2.471984535896558643e+00
3.360169752837590007e+00
2.426002221914675960e+00
2.482530048237533205e+00
2.453814719627587237e+00
2.452835767611047046e+00
3.368275623500066374e+00
3.483814281811200342e+00
2.509761760163979449e+00
3.235476563089781266e+00
3.369409021527264070e+00
3.390313601095037210e+00
3.274995583993040249e+00
3.339215539205709682e+00
2.488217057836599633e+00
3.342200280907685617e+00
3.304290867692291300e+00
3.451014693518237308e+00
3.377763683464510613e+00
3.277272244871694884e+00
2.505540668689707040e+00
2.494308720139148949e+00
3.457597962862225316e+00
3.478879163091485260e+00
3.441505173954608310e+00
2.473525814168370474e+00
2.497544086814325492e+00
3.435144599254986275e+00
3.492088478847238164e+00
4.268166322549929781e+00
3.514972818516664876e+00
2.477616577105641316e+00
2.420540900036341814e+00
3.429557112875020408e+00
4.006867213999425914e+00
3.432468388289952710e+00
2.501531564859213574e+00
3.442232071892927348e+00
2.490080009537111838e+00
3.298359972760283920e+00
2.402346330499544713e+00
3.369946059151531781e+00
3.311211284834905122e+00
4.177009967728349871e+00
2.475201559285392872e+00
2.456101386720213053e+00
2.488310444329545845e+00
2.432004790038053699e+00
2.485422853374448682e+00
3.511770491178518583e+00
2.400602130443949100e+00
2.538543595811377340e+00
3.487270177238856572e+00
3.306655242106836479e+00
3.429016100560606795e+00
4.330650757703542020e+00
3.474186600083595700e+00
3.437921078788704232e+00
3.475368547076275405e+00
3.454643398969314827e+00
3.455072232119415609e+00
3.324823319334092364e+00
3.441682133383147768e+00
3.423846272790585843e+00
4.224386982279605185e+00
3.399962149840757952e+00
2.450568521693512025e+00
2.485390937787598897e+00
2.476264126535825838e+00
2.417139108417436955e+00
2.425822962000172556e+00
3.291051060881637014e+00
2.473820232398026953e+00
3.524521254879741328e+00
2.515404751966838770e+00
4.335485182014975791e+00
3.358479756820107021e+00
3.514429494682556498e+00
3.441308297932579308e+00
2.455349000727917286e+00
4.246320062204150148e+00
3.260619967338255876e+00
2.521104693148337184e+00
2.456284915743109032e+00
3.475450213484302608e+00
2.440113947837831532e+00
2.485891088738077848e+00
3.471157393035552374e+00
3.519572895198192164e+00
3.411995425799375870e+00
3.478152339242933877e+00
3.424619823419269071e+00
4.384105140606420647e+00
3.393322988417434072e+00
2.460014577980486727e+00
2.411182284977427592e+00
