3.472374796640103511e+00
3.435781276021824038e+00
2.469572729123161725e+00
4.442359344674877697e+00
2.423498101386134973e+00
3.505390441400122015e+00
4.466581392629593417e+00
3.441885597131457253e+00
3.478866613677998654e+00
3.505132632291821260e+00
4.435133275072558057e+00
2.489233854243030564e+00
3.483712722872112977e+00
3.468517323484415105e+00
3.452155365076570614e+00
3.471327112379604785e+00
3.461474201845645915e+00
2.528241539852567055e+00
3.445794640035719780e+00
2.484036858794290481e+00
4.401618426323317124e+00
3.380341531998966254e+00
2.462503070312587639e+00
4.468933976221067361e+00
2.476891478702398341e+00
3.477305045094541303e+00
2.496753808337841996e+00
2.459907240367542602e+00
3.492268225146576643e+00
2.476568637994339017e+00
2.463272576355673316e+00
2.526302785437843035e+00
5.508598970136343809e+00
3.478607504567804209e+00
2.434532865049778838e+00
2.443230085266292484e+00
3.516184723709095739e+00
2.466027024182505301e+00
4.455816909945241377e+00
3.477597520714316826e+00
3.454232052462229419e+00
2.544885171076588737e+00
3.530126064472252079e+00
2.573938562297426458e+00
5.472906227439265692e+00
2.483636583948850785e+00
3.502635355175426568e+00
3.439324361469204394e+00
3.477333276710446341e+00
3.426833028254819613e+00
3.495234235227833608e+00
3.493557356402011038e+00
3.521273834011307891e+00
2.491915848438650549e+00
2.473574452145246738e+00
3.404131096677440294e+00
3.447107657657458635e+00
2.425918969782487000e+00
4.441449511063022548e+00
3.463552532937939077e+00
2.444757328255414031e+00
3.482834360369380544e+00
2.467595002533448767e+00
3.456141787609706029e+00
3.409229536401101157e+00
4.398955235804484332e+00
3.457188873109797278e+00
2.521700615078687591e+00
2.416096297891261457e+00
3.482176977995844247e+00
2.503677393570412413e+00
3.475366049974125016e+00
3.462903386965500818e+00
2.495041297747079945e+00
2.468928666342876888e+00
4.458473520529240730e+00
2.483159998929577394e+00
2.498667657494267669e+00
3.446840536527041809e+00
3.455370125482931876e+00
2.475951160902282844e+00
4.509281826720293651e+00
2.502485334870284017e+00
3.465816090439454378e+00
2.434237961932139704e+00
3.489342437159229871e+00
3.488179916375087508e+00
3.515174437728871837e+00
3.469475340719027745e+00
2.446230174287780113e+00
3.529474369443095227e+00
4.449679862214712678e+00
2.524760648271030750e+00
3.496522650819983813e+00
3.548289013341002995e+00
3.472351618183260769e+00
3.471738633236435945e+00
3.448037520966409364e+00
2.477417658618940699e+00
3.519595060807166664e+00
