2.525616872430440640e+00
2.468772781469365629e+00
2.490885512300887505e+00
3.418533042069823225e+00
4.006671845934425491e+00
3.425030473327562497e+00
3.303120511741366006e+00
3.476013931404969615e+00
3.350213533951116762e+00
2.488593205331531610e+00
2.439714213917005381e+00
2.456869178962133748e+00
2.446121485087770608e+00
3.410234171992260865e+00
3.479516533734452910e+00
2.473431098343387813e+00
3.492708027737384757e+00
4.251280546375657998e+00
3.448856584960330984e+00
3.456650030776365679e+00
3.342513212929393962e+00
2.410255948934444170e+00
3.312106796599071590e+00
2.453317297765691851e+00
2.455364816841961062e+00
2.411566787169282300e+00
2.502212282864029191e+00
3.467270305381937145e+00
2.471616726220719151e+00
3.367840852793871687e+00
2.479254413803392065e+00
4.977831791061841926e+00
4.174878034466854793e+00
2.518300834909644514e+00
3.259709257318743614e+00
3.389576177645695410e+00
3.445335244492656379e+00
2.510790310573365769e+00
2.473383236201297297e+00
2.449569194959542173e+00
2.489230029353388662e+00
2.434588216305980879e+00
2.478998338594236905e+00
2.473055025619735670e+00
2.470313640803539545e+00
3.379841402775136228e+00
3.374006990961642583e+00
3.446339502947756817e+00
3.467425432725096179e+00
4.237777299986897894e+00
3.439563037648211363e+00
2.471159423334374772e+00
2.522254753507261693e+00
2.526106317094165110e+00
3.473619586175062057e+00
3.439909751006430039e+00
2.420528891291362950e+00
2.461260034403748076e+00
3.276596632219424432e+00
3.300265746054729998e+00
2.454639899767871114e+00
3.265631241380011485e+00
3.437408729437244848e+00
2.457441555894380958e+00
2.419559872426333413e+00
2.516529238017522374e+00
3.348981853811189957e+00
3.429026221504229976e+00
3.492159153649821768e+00
3.382547920864371171e+00
2.467358608823454258e+00
3.215588571140454377e+00
3.363239769542288649e+00
2.535517474002980887e+00
2.531036329094142001e+00
2.482279723325022225e+00
3.361216860319395927e+00
3.492692882294777590e+00
3.449683138361159696e+00
3.341022844525037616e+00
4.208697603947181065e+00
3.457097916693915085e+00
3.259991464918234438e+00
3.252327643111629918e+00
2.470771251730782492e+00
2.520419615165308880e+00
2.495056793674003348e+00
3.276583630450787155e+00
2.470153171292480021e+00
2.499001165134353553e+00
3.262922739628830282e+00
3.378877466850990441e+00
2.507442229095908637e+00
3.475490107663085748e+00
3.267633423753087740e+00
4.009956428555720542e+00
2.510505325387725417e+00
2.474204421872230775e+00
3.285183868270774799e+00
3.393990476120199329e+00
