3.453183999401886695e+00
4.001741048205347262e+00
2.478307500820241760e+00
2.445539811402230423e+00
3.539642657464217912e+00
3.397046207830805908e+00
2.450651279857679388e+00
2.529450506069958138e+00
3.220155475540187329e+00
3.246570844669278699e+00
2.458381126911654668e+00
2.491625070978513268e+00
3.211373612777137065e+00
3.304351167089421892e+00
3.202167212695836707e+00
2.476419789663371507e+00
2.476536355212807461e+00
2.483208768367655583e+00
3.965841552844122209e+00
2.516547282637719984e+00
2.465365060477438419e+00
3.504088700140575163e+00
3.260101915331862887e+00
2.472286209689833036e+00
3.340988552561113600e+00
2.459455248582092413e+00
4.085176495164207111e+00
3.210722708760103572e+00
3.315950381726656904e+00
2.450535148342676273e+00
4.062703380291791788e+00
3.303383172743311835e+00
3.396615727632053883e+00
2.480427554970180193e+00
3.177706645618479708e+00
3.425058012630532556e+00
3.437412609966346011e+00
3.443527646416682408e+00
2.464969454808675575e+00
3.255953665599506941e+00
3.223546912976372969e+00
2.469206886875829898e+00
2.456792105850819752e+00
3.223847057780747427e+00
2.496978781849664930e+00
2.453064037342634673e+00
3.271299928535424506e+00
2.485316202622300796e+00
3.270611783009358842e+00
2.422217152568311604e+00
3.338017585486029670e+00
3.186588671234268144e+00
2.498156488052017732e+00
3.253743829747689720e+00
2.499439493036023752e+00
3.272667699637130223e+00
3.987703337116452307e+00
3.218600359486325946e+00
3.216686430246957329e+00
3.227296523333354372e+00
3.352581889938315296e+00
3.233669968835813258e+00
3.466299720642311843e+00
3.216376867394868722e+00
3.258702646381521184e+00
2.471953742399937148e+00
4.860389598351199325e+00
2.494789139781167453e+00
2.464989565989854636e+00
2.494912432479817532e+00
2.512411638018411164e+00
2.453225039607153768e+00
2.451234073189481943e+00
3.304555580555526895e+00
2.497829743860138674e+00
3.302521651006970149e+00
3.206943573093038236e+00
3.979407867186416592e+00
3.482553448891430481e+00
3.261559718469322355e+00
2.432828109379810755e+00
3.248830633596763828e+00
3.991764034606097411e+00
2.575824347444877649e+00
2.477438961201120726e+00
4.035830353724755959e+00
3.433216018258996360e+00
3.368058485460294627e+00
3.264407379921769436e+00
2.486949378058450399e+00
2.452956506449423202e+00
2.480802380024010212e+00
2.427206802254150197e+00
2.469554779143821488e+00
3.434533728388177831e+00
3.495192526985284598e+00
3.253387096413121071e+00
3.207793980893142383e+00
3.217388810822418677e+00
2.457595110878175060e+00
