3.416334437192521278e+00
2.495694089884235911e+00
3.317240853918656196e+00
2.488514027108772453e+00
2.492679296904236619e+00
3.352220926917407695e+00
2.484059356169012744e+00
4.102028170052355094e+00
4.223756134905253035e+00
2.472814326730810031e+00
3.469388090963766658e+00
2.454274347309313598e+00
2.496528907447396417e+00
2.431660677886556599e+00
4.172650749219560140e+00
2.534301013553291959e+00
2.478234458224713777e+00
5.720008672570897623e+00
2.441959789548220794e+00
3.339900325036774476e+00
4.396554677151097934e+00
3.317933948864961291e+00
3.512065186383814375e+00
2.522896636078470145e+00
3.316234769462992116e+00
2.461039412568258200e+00
3.453075953212978000e+00
3.236352362152557394e+00
3.290945886884300897e+00
2.468123883850016576e+00
3.277021437208577304e+00
2.486102790478881275e+00
3.237978951567166863e+00
2.522504588789922231e+00
3.380196406704421008e+00
2.471312313929490578e+00
2.486310765228325614e+00
3.426957570927096963e+00
2.525797090075618367e+00
3.443835913591710263e+00
3.226788025562652429e+00
2.447100958457296915e+00
2.425001700944812821e+00
3.323906037077783981e+00
3.418904196572239318e+00
3.283330534794377531e+00
2.498766721387545520e+00
3.417016916510121405e+00
2.478628058535119028e+00
3.310872498470123215e+00
2.508195198299036477e+00
2.560506793193249475e+00
2.496954993686436364e+00
2.502706830474262123e+00
2.473305202997519991e+00
3.367830523179428770e+00
3.512282625647470624e+00
2.458448356060949358e+00
2.481643794852815166e+00
2.476739312541611948e+00
3.463371073908136921e+00
2.521745970586718233e+00
3.381634404749456202e+00
3.424605606712380901e+00
3.948351685847020232e+00
3.396400977515450670e+00
3.408442011381428216e+00
2.460484037780735989e+00
3.470819866254883479e+00
3.412287242565323009e+00
2.461805366191423428e+00
2.513355408137423641e+00
2.433264014108931672e+00
3.263096209902062395e+00
3.483032300356910138e+00
2.493599797369492777e+00
3.438419459613270668e+00
2.449442579128267017e+00
3.409255447117008675e+00
3.501713462244279373e+00
2.458647398952605201e+00
2.477733423899099563e+00
2.453247002934457743e+00
2.529251522332093938e+00
2.515145545070016642e+00
3.451870506924981985e+00
2.476410409585093397e+00
3.281011240779317273e+00
3.426789831889813787e+00
3.309153572378957353e+00
3.524274524845669720e+00
3.415072669551048712e+00
3.351143121563999738e+00
3.326232081343815761e+00
4.157155338355166485e+00
3.347777353907222864e+00
3.402764656302455837e+00
3.478526885562606807e+00
2.472611188325139153e+00
3.332741562698826154e+00
