2.529423615903890088e+00
3.468597214517812777e+00
2.543919435135897800e+00
2.474783266261435966e+00
2.453235362266163566e+00
2.471128203907066556e+00
3.534487798697195426e+00
3.517022702800142397e+00
2.465195322649530230e+00
3.210318511617565651e+00
2.456505449312037737e+00
3.442317320974151329e+00
2.481240119604009475e+00
2.503560375673582694e+00
2.501149237649125112e+00
2.506549716080541224e+00
3.982875968103707365e+00
2.461415732085402208e+00
3.238227507453298237e+00
2.467839542866067770e+00
3.448774854561720282e+00
3.318329478049449666e+00
2.506786382408903169e+00
3.248740906591393252e+00
3.305322804041996410e+00
2.446415584150534617e+00
2.418073121866863850e+00
2.478093580440094090e+00
2.483981288943063692e+00
2.533253301027601712e+00
2.490194187284358485e+00
3.327435837635199345e+00
2.513785093247571378e+00
3.496078879230786640e+00
3.242129569586751359e+00
3.435387192297050252e+00
2.492500809088959546e+00
2.457642049523489636e+00
2.485622881516194926e+00
2.480914627081910684e+00
3.417941423580653559e+00
3.425659629815016149e+00
3.932288572635159962e+00
2.465902316523254534e+00
2.456270905447979658e+00
2.479942090533509003e+00
2.485349202197343566e+00
3.997191876732222759e+00
3.200228177290922460e+00
3.423622504705482239e+00
4.081030673264686826e+00
3.191105802258145108e+00
4.183532340069071154e+00
3.289585310049493394e+00
3.282119823823550941e+00
3.444976925136610912e+00
3.494859789348181422e+00
2.419419667856781864e+00
3.499866589782325121e+00
3.312250543801122493e+00
4.182674634843651873e+00
3.402517586967392926e+00
2.494313710471551815e+00
3.150980050007295752e+00
3.247605607916987047e+00
2.477262103095658752e+00
4.167740137048829396e+00
2.460418345308112542e+00
3.400462840267102660e+00
3.322388996780696324e+00
3.294331247215105396e+00
2.485369049016203480e+00
3.285825529901355679e+00
4.117685381627254060e+00
3.451260354267465136e+00
2.505449686624265482e+00
2.566509734174532209e+00
3.249963045875742917e+00
3.260084241578037112e+00
3.270836956193257539e+00
4.976702121597221584e+00
2.445244956282285997e+00
3.345522680841267693e+00
3.234405953584843285e+00
3.298381356968881573e+00
3.249703292169018098e+00
3.151761511764766599e+00
2.512214260772741348e+00
2.512228658155315042e+00
3.271971829640432983e+00
4.174085954699254586e+00
2.480423493174269911e+00
2.419542422194441045e+00
3.253035997966268411e+00
3.239353475686095774e+00
2.484924505927126326e+00
3.334988726102026568e+00
3.236621661493841007e+00
2.444595949631650722e+00
3.320448063750793377e+00
