3.297025537398710515e+00
3.294180171913476673e+00
3.304155655018608417e+00
3.264233288571999569e+00
3.360943912092197117e+00
3.219617275027601533e+00
3.470672900250649118e+00
2.535864782229842351e+00
3.505142560758282233e+00
3.211755151199408687e+00
2.515519575083550841e+00
2.492641785263224996e+00
2.512941123873880134e+00
3.225589573286648193e+00
3.399453956397057386e+00
3.263107883851173341e+00
2.512959502001266721e+00
3.928651957541056561e+00
4.036380040125209234e+00
3.961141861011963528e+00
2.527480198943236722e+00
3.448403737307045525e+00
2.501253558650437192e+00
2.449796149430517822e+00
2.471342826158427819e+00
2.493850469700906292e+00
3.275399435778002299e+00
2.502021147908248366e+00
3.190995365151518381e+00
2.499653773566066661e+00
2.445612085189901030e+00
3.337025575679500200e+00
2.455078453028379570e+00
3.211787304809765153e+00
4.138870042518777659e+00
2.478049990499079591e+00
2.467078773409929315e+00
3.150454761973033424e+00
2.509367457562555082e+00
2.512752750459746220e+00
2.450073971523543115e+00
2.463281768571388142e+00
2.491754746351563909e+00
3.282198725091474589e+00
3.995947588750758062e+00
2.530881366354719830e+00
2.506018831390257606e+00
2.455315623658684832e+00
4.109996804303784224e+00
3.254713305380859012e+00
3.202360109534668986e+00
2.497651227246808325e+00
2.445459445084685601e+00
2.446754844252220895e+00
2.539266647378136899e+00
3.395830527682961897e+00
3.298249159324297519e+00
3.547648752829730689e+00
2.471094414446427301e+00
2.544340590761410947e+00
3.442509270068732530e+00
3.414716395530568160e+00
3.237976466048383628e+00
2.465233470332155008e+00
3.256305637026762678e+00
2.442276815854934391e+00
3.188054649043036370e+00
3.254765317543562464e+00
3.238338565563236404e+00
2.478707961334349452e+00
3.338818697616601661e+00
3.973209383255699390e+00
3.445363195959530334e+00
3.475367063377276633e+00
2.506388025622775295e+00
3.470327007539116604e+00
3.450904511635984218e+00
3.217664136569474032e+00
3.227311330417485635e+00
4.209439665876227643e+00
4.227965695147392289e+00
2.494203856854034118e+00
2.459206853793026504e+00
3.762001532626935152e+00
3.468832157624390344e+00
3.485619442283454994e+00
2.565657621354850093e+00
2.538559062096182650e+00
4.275431007083886570e+00
4.964473436118788108e+00
3.210923925847952276e+00
2.517009447060819305e+00
3.296248857832372092e+00
3.419629319718317184e+00
2.492921079554395014e+00
3.381860677100410939e+00
3.298111114461431015e+00
3.238428392595553262e+00
2.583935733357964448e+00
2.468618539426254088e+00
