3.374451432584296917e+00
2.457535623305667105e+00
3.488879489682589874e+00
2.461337662442174778e+00
2.440705073897019517e+00
2.488419815140212599e+00
3.269211615110192426e+00
3.488671628927733526e+00
2.520938339700802722e+00
3.311108066688141172e+00
3.372545311174867333e+00
4.214286825326264641e+00
2.470549815607349764e+00
2.539103139294637934e+00
3.466921282255107428e+00
3.289306745193779857e+00
2.450086103621262890e+00
3.454397437304685958e+00
2.448060232650272727e+00
2.461949221428032519e+00
2.426099251647023891e+00
3.454117077929665491e+00
2.409973150113657869e+00
3.546361511421611823e+00
4.319357000072473696e+00
2.509242773853840980e+00
3.271447439470410057e+00
2.498866163223480541e+00
2.436940048379777402e+00
2.535457513895228665e+00
2.485168073383005272e+00
2.485332454877644537e+00
3.467138880351159802e+00
3.278970726142108827e+00
2.502166321848098729e+00
2.478109893522598473e+00
3.489496946988792647e+00
4.193128855295049640e+00
2.506783320294400763e+00
2.529481346329381708e+00
3.293401987935010045e+00
3.405276885511147267e+00
2.464340384519224880e+00
3.282915596298654037e+00
3.476480400681124294e+00
2.487165219548175266e+00
3.413961757141213305e+00
3.297956183384291862e+00
3.487539127280762763e+00
2.487749965223496673e+00
2.496551092967830954e+00
3.463546399643259388e+00
3.337098437777225701e+00
3.487875482587635911e+00
2.509837274252881389e+00
3.978328323129502575e+00
2.461848543093839492e+00
3.516667820389391963e+00
2.496692902131673719e+00
2.459094805799477257e+00
3.435599719150254305e+00
3.435136120775898139e+00
3.325257799933675429e+00
3.465656468418758074e+00
3.489785244175602319e+00
3.414909849248112472e+00
3.333111697809457485e+00
3.507933553061830523e+00
3.402088899068764771e+00
2.489209056343477666e+00
2.458891847444098389e+00
2.484981971377587584e+00
2.490307014885442705e+00
3.514577745588457258e+00
4.167607878839158175e+00
4.157839192704875231e+00
4.187607518363280157e+00
3.441736442159744502e+00
2.506734559375456417e+00
3.285893778515388330e+00
2.435682705578704255e+00
4.018248329793254747e+00
2.447876933179659709e+00
3.354769805164643071e+00
2.509239130340223944e+00
3.293866460315672651e+00
3.326845962951209490e+00
2.491095364651409572e+00
2.430673103962287307e+00
2.445222966480833815e+00
3.428818848900154315e+00
2.500068541863854410e+00
2.472634999976706993e+00
3.328939114371015418e+00
3.394084775627880024e+00
4.973043366790094844e+00
3.267792071380895447e+00
3.304858259801789711e+00
3.439096184045148608e+00
3.420169311926470890e+00
