2.491420251278003040e+00
1.535118270838553567e+00
1.518978084997558042e+00
2.472756804934587826e+00
2.496687166516136980e+00
1.521156701409245748e+00
1.498383243070351645e+00
2.472683197853844383e+00
2.463165697257078790e+00
2.457926160956210193e+00
2.561400673910797288e+00
2.516930412894328395e+00
1.494281970960125383e+00
2.493728185353992099e+00
2.538986916587675502e+00
1.543355015598486091e+00
2.446807735341307577e+00
1.460413717762565566e+00
1.469036184154232982e+00
1.486205640646597104e+00
3.564175770303625868e+00
2.467831035045158217e+00
1.487910499763872352e+00
2.482290527381387779e+00
1.514787880767993089e+00
1.474918232470376456e+00
1.474113381599282624e+00
1.482312928071302771e+00
2.516528540880538234e+00
2.504741289739774945e+00
2.488633109218678641e+00
3.531932687372716817e+00
1.512009593135657415e+00
1.468756166306526278e+00
2.509491066636898804e+00
2.511253605301335678e+00
2.500279139834775233e+00
2.419072814017254824e+00
2.517481416574603337e+00
1.556728966685571258e+00
2.422777593941195295e+00
2.516252414139401150e+00
1.538351008003774556e+00
2.436636309503074305e+00
1.510490542946920867e+00
2.508879454003845932e+00
2.514801768642758173e+00
2.508794918613650449e+00
2.497550396730027433e+00
2.470477256031092139e+00
2.417176930530491319e+00
2.486919298942870338e+00
2.443848494777588254e+00
1.447160376817532290e+00
2.407765622044177878e+00
1.494958697282048110e+00
1.463324378076856336e+00
1.520206385279598393e+00
2.528458001202854355e+00
2.477121539996506527e+00
1.484099823031825860e+00
2.486754022430755384e+00
1.510829969802629513e+00
2.490731594755577039e+00
2.437643923378948863e+00
1.445263248272391499e+00
1.497178687807226849e+00
1.487307639452764452e+00
2.574585407075237420e+00
2.481087311552627295e+00
2.432353713533360384e+00
1.509443221877990515e+00
1.480639204387718566e+00
2.556802379663128733e+00
2.441534268543911423e+00
2.469478724248005186e+00
2.545846945401602390e+00
1.469690850915986946e+00
1.559666047955222901e+00
2.422297237869668329e+00
2.443680217157337076e+00
1.486877674914995451e+00
2.477540907226696287e+00
1.481312208297685507e+00
1.455423277190475817e+00
2.448613979224745218e+00
1.511122006438885945e+00
2.535390119196505143e+00
1.517387835035538535e+00
2.526226046482723753e+00
1.456150226012430160e+00
2.550536476074475090e+00
2.446808745392159423e+00
2.468555276591161807e+00
2.465639218983664893e+00
1.493684548693378300e+00
1.525337605245045802e+00
1.498470947855114810e+00
2.466741206025540034e+00
1.455916451676606549e+00
