1.440401500759683318e+00
2.545972884738113340e+00
1.484684327014661687e+00
2.439752096253710700e+00
2.507970324195142542e+00
1.534933560672114394e+00
1.528579333778316229e+00
2.505242204544304574e+00
1.530488289357776921e+00
3.420807318714357947e+00
1.516043930868097522e+00
1.513981912502468719e+00
2.513834201159369730e+00
2.420965990434158055e+00
2.482526315557614716e+00
1.512767289097848078e+00
1.489755490747555422e+00
1.531792302757960522e+00
2.416596672234273768e+00
2.451004690105240247e+00
1.494982268089957378e+00
2.434942302073382248e+00
2.462917445685113282e+00
1.409761846494114179e+00
1.474291116937618717e+00
2.485300019295734408e+00
1.462904003895771243e+00
2.484617956678710105e+00
1.464701352019092351e+00
2.434185057502962213e+00
1.485887290912457415e+00
2.473469310152105916e+00
1.480908656508863608e+00
2.450185104101352707e+00
2.458658324582039256e+00
2.507167431995200868e+00
2.448266529491962995e+00
2.454742743410489592e+00
2.440833566071451965e+00
2.498195998606903334e+00
2.491599713842324704e+00
1.498878795746490189e+00
2.459414520864755982e+00
2.509696048904880072e+00
1.456332058324059986e+00
1.462548304939164767e+00
2.511764569105562117e+00
2.431220126841713292e+00
2.515387726234755039e+00
2.467045755764917025e+00
2.466563641572051768e+00
2.509477837651081789e+00
1.491703418273920390e+00
3.494331707821349386e+00
1.523152153010710386e+00
2.437655989863606099e+00
2.454234858956941601e+00
2.477453068208994136e+00
1.491067559123750774e+00
2.511074441914185051e+00
2.463551390381612638e+00
1.477348988617676717e+00
1.452774455379580942e+00
1.540530404779392404e+00
2.484447737720352212e+00
1.454102907357137209e+00
2.490086576316520528e+00
1.506229141338575994e+00
2.463807881750292417e+00
2.560184139000876158e+00
1.523770423091371340e+00
1.543856968424249132e+00
2.526577789330310519e+00
1.492412566034127641e+00
2.479643120410033319e+00
1.475793908716667158e+00
2.432757231753519100e+00
1.467611430566750030e+00
1.546593422871701984e+00
2.474938534261782674e+00
2.407110633384240028e+00
2.486898371809213693e+00
2.505500333191433615e+00
2.493484698799953492e+00
2.559415680039160979e+00
2.387746335582048740e+00
1.517825726122463914e+00
2.567364555546526983e+00
2.420734631341863619e+00
2.460428908741506326e+00
1.482910723426351218e+00
2.517013023529698579e+00
2.540143395659260062e+00
1.543242910586482886e+00
2.463258451992921483e+00
2.471575139930120013e+00
2.516315529761089742e+00
1.512092219486670386e+00
2.465752901175978895e+00
1.498232637269890200e+00
