1.497948548977814598e+00
1.502994828631549318e+00
2.478328288846187721e+00
2.460471962701664683e+00
2.482538254359011098e+00
2.473873013804697596e+00
1.470962478114924421e+00
2.451211398236956551e+00
2.449489158775597364e+00
1.485245553457838152e+00
1.528814909856388571e+00
2.487181856654484324e+00
2.536536282357988892e+00
2.572470384547167921e+00
1.503602887982420144e+00
1.483693733069958887e+00
2.485823870076623088e+00
2.462395582936864447e+00
1.466029443477582461e+00
2.493268279668171328e+00
2.448708988850678114e+00
1.471941472195114065e+00
2.474195228833774074e+00
2.443001994537922439e+00
1.547996506431079666e+00
2.486423723083940995e+00
2.436022422362261075e+00
1.473197519446556303e+00
2.467062194931396224e+00
2.468710272866521116e+00
1.511270849211441281e+00
2.444317943838032914e+00
2.496827453402480135e+00
1.463383489729496389e+00
2.503196273565057250e+00
2.440494875575797806e+00
2.454135477383085018e+00
2.506774757846765844e+00
1.438646137800266178e+00
1.446398039032464444e+00
2.521806318625373855e+00
1.477027078479089317e+00
2.501011385605018233e+00
3.449974155677296928e+00
2.477419052816135281e+00
2.511753570561451099e+00
2.466203224493134893e+00
2.480335020443523053e+00
1.512765673284143908e+00
1.442459402986717709e+00
2.445622202772013587e+00
2.444805257048961789e+00
1.439378664033803767e+00
2.489527869593228804e+00
2.448356031750274386e+00
1.481237027902558179e+00
2.499130428846370489e+00
1.505148183839957410e+00
2.458001971650623396e+00
2.483861834902305610e+00
1.510959705796857566e+00
1.463544206515609902e+00
2.478241767409360641e+00
2.514383623808353452e+00
2.439722182173531984e+00
2.461057077700770090e+00
1.484539444455681423e+00
1.514023623481685510e+00
2.451712029744405275e+00
3.462738730107692398e+00
1.472964374190795844e+00
2.510696968819803310e+00
2.517427284263177079e+00
1.492493071263760962e+00
2.537904963665818858e+00
1.585351552437819223e+00
1.512921574922425849e+00
2.468646495893541015e+00
2.509921008630643602e+00
2.475203221712423574e+00
1.521817306420951255e+00
2.481094818468186691e+00
2.422872648537290008e+00
2.515902897961373785e+00
1.530966933662045282e+00
2.464979255914677925e+00
2.497901086841753937e+00
1.493713419536527809e+00
2.437713493787241337e+00
2.476752449627531050e+00
1.442845267837698398e+00
2.488657392933829815e+00
2.443932271921494426e+00
2.458150991283173603e+00
1.407728462274289161e+00
2.468041630373109641e+00
2.462823856638497233e+00
2.494224314747948590e+00
2.568657401179699651e+00
1.538153280046467675e+00
