2.510731986974459762e+00
2.459492833890400298e+00
2.406474516090611360e+00
1.507421332691934790e+00
2.476822326246185924e+00
1.493582106291631018e+00
2.468928188295202553e+00
2.513159715798059857e+00
2.440943593883495577e+00
2.481106430552242781e+00
1.544354248655886330e+00
2.451246589718238500e+00
2.531983728761041164e+00
2.463220585127131379e+00
2.513392061079946949e+00
2.477607987742343365e+00
2.513223217171298263e+00
2.480227511439913268e+00
2.467900879290864324e+00
2.496239815960044073e+00
2.465701551632059729e+00
2.500311903326043250e+00
1.445355351368240893e+00
1.440461122785829273e+00
1.495640028738219884e+00
2.522699841845907898e+00
2.502798028946883413e+00
1.474991912735619692e+00
1.465252669033572319e+00
2.477459798428386595e+00
2.475682060780960647e+00
2.534355494591938651e+00
2.495522528932995421e+00
2.498137799595655739e+00
2.491716323922902543e+00
1.469422149072902917e+00
2.448564094237328348e+00
1.476208131413692559e+00
2.521983815315883781e+00
1.464341457415839542e+00
2.532668707268488806e+00
2.489314316333676391e+00
2.442860252322634373e+00
1.509463342688968313e+00
2.456985601809369868e+00
2.447972613677119380e+00
2.435902269380585405e+00
1.523845202120782671e+00
2.439956406498944297e+00
1.493817062356881609e+00
2.473517854665224558e+00
2.541137816958135343e+00
2.513652446939928620e+00
2.390423157404292009e+00
2.549393073146040134e+00
1.497679086181126440e+00
1.496712382504223005e+00
2.503018331678637853e+00
1.543583313160884263e+00
2.486078212188362890e+00
1.524004956432329472e+00
2.502304959284578523e+00
2.491977925349443623e+00
2.495271382769209900e+00
1.495755159015820901e+00
2.411139029300441550e+00
2.497861828874556878e+00
2.427921449705322754e+00
2.503774330702884576e+00
2.460267714184189991e+00
2.465936262641586829e+00
2.501255265896334734e+00
1.521944457028141295e+00
1.520043932748498250e+00
2.452335418605922968e+00
2.438416006136772118e+00
2.564477617252206798e+00
2.448599529300326427e+00
2.495527882630676153e+00
1.454519917153412223e+00
1.529853017192759124e+00
2.448302647910266305e+00
2.457805903927162028e+00
1.504676880335193756e+00
2.564327933857229347e+00
2.475763396799314453e+00
2.417036095500904924e+00
2.457644080199320680e+00
2.484761912207306356e+00
1.470209367227135244e+00
2.490665434778323473e+00
2.529039316452166286e+00
2.479152562948674365e+00
1.453522266665016494e+00
2.497727704636457879e+00
2.487003529863496265e+00
2.503524667223554712e+00
2.548570442498417243e+00
1.475458202284340992e+00
2.471831132461221436e+00
