1.452756074003876963e+00
2.459436762268516485e+00
2.437736515365475753e+00
1.446550066791380651e+00
2.478380978741065555e+00
2.470453898759663147e+00
2.471960663727307939e+00
1.436701634271633221e+00
1.531200866105546954e+00
2.434669931396878262e+00
1.483126597875718211e+00
1.514542057241007544e+00
2.479556779962791779e+00
1.495745797181144976e+00
2.521947300867636521e+00
2.526097281117581694e+00
1.491980032340701312e+00
1.466287160446367421e+00
2.477991107263254555e+00
2.432926978628888293e+00
2.411542506719790424e+00
2.464599023674399980e+00
2.468764817506555520e+00
1.512715268084386944e+00
2.481803371489544663e+00
2.559482035067150107e+00
1.529192282499647337e+00
1.541324367283381847e+00
2.464661487412021401e+00
2.452080702638074428e+00
2.495173516947970516e+00
2.545563495620159600e+00
1.543513552221167595e+00
2.451569660631129910e+00
1.514150556944899417e+00
1.523199923956901181e+00
2.505980071902614625e+00
2.485869707651735538e+00
2.496928041284471878e+00
1.556821282286304786e+00
2.524649561216738558e+00
1.516948569215795128e+00
1.532249297914470176e+00
2.456279075773104559e+00
1.492207789777068028e+00
2.508581514670462198e+00
2.473382567284906575e+00
1.504400286874859383e+00
2.520017167691866788e+00
2.458316953493562718e+00
1.499248647348601082e+00
1.456465245100072137e+00
2.477288466957301427e+00
2.533864942378706520e+00
2.512693382935967001e+00
1.457676772018231537e+00
1.500104949209147165e+00
2.507462472367485873e+00
2.531092190898208472e+00
2.460876785215305951e+00
2.480606879808216370e+00
2.443937918504841988e+00
1.479974547730215306e+00
1.462517604216364342e+00
2.498851657186138553e+00
2.432968635901512577e+00
1.483944634429004372e+00
2.527361706319859014e+00
2.568224584912660369e+00
1.504094297595096608e+00
2.484404117620433894e+00
1.512281486187710966e+00
2.488490500685433648e+00
2.487694159799361593e+00
2.460011738307955387e+00
2.490364119541165433e+00
2.519620178129167165e+00
2.459693141649395898e+00
2.498608421486147257e+00
1.445501018580358510e+00
2.506470741768028532e+00
1.496495998710889896e+00
1.508392306763580937e+00
1.518872441762048053e+00
2.476036619237589775e+00
2.509151714454726623e+00
1.546398395010909477e+00
2.510407793774761309e+00
2.507756360152262332e+00
2.494927028213434372e+00
2.481029827228058871e+00
2.555390732231705542e+00
1.558012287083619940e+00
1.489457098138663227e+00
1.523327668050568962e+00
2.450101040448731560e+00
1.476019373385709876e+00
2.502445295892943289e+00
2.436659918589416218e+00
2.464532281738982533e+00
