2.444883863767492116e+00
2.465767673096435963e+00
1.483404193324470821e+00
1.480837333603042705e+00
2.503789225031003429e+00
2.557305603972374719e+00
2.459847204690662092e+00
1.514262285613100945e+00
2.484233552690354951e+00
2.468918512559538314e+00
2.533653905697831110e+00
1.461053837185497972e+00
2.473323025392317298e+00
2.466600293020362322e+00
2.448330581661887884e+00
1.437839775268438647e+00
1.457328212302686277e+00
2.469408866160107241e+00
2.449326518943567788e+00
1.508868523909296044e+00
2.481799476188759623e+00
1.526890611682042653e+00
1.472682594805792222e+00
2.549607381562913666e+00
1.490800951159307219e+00
1.448625034005425638e+00
2.500425695585766661e+00
2.459825057809829740e+00
1.516019213579463454e+00
2.525521321308966893e+00
1.483365437414533528e+00
1.500197305368900835e+00
2.433474489317370981e+00
2.514866806274074662e+00
1.482324902597040417e+00
2.455627304134108790e+00
1.541746765270994857e+00
1.511020427158001223e+00
2.429391480125259850e+00
2.494281136865799109e+00
2.467125938028860155e+00
2.484712485702675000e+00
2.516517104738630106e+00
2.482415097551402106e+00
2.501029393821335933e+00
1.514066524899761568e+00
2.442007459382685486e+00
1.455659153969200315e+00
2.408871178826947013e+00
2.607007294568842060e+00
1.464025855991101910e+00
1.485523788484252705e+00
1.553074343354651443e+00
2.454713796986686347e+00
2.449746502173974161e+00
1.450147692242703457e+00
3.445945018720820041e+00
2.451461098873222610e+00
2.521972072480716864e+00
1.478025246505546564e+00
1.477824674839312014e+00
2.473162817509439559e+00
2.531903729781919132e+00
1.464531560847870839e+00
2.474096335314494244e+00
2.529543764606145384e+00
1.458247424197058439e+00
2.487078096638545066e+00
1.523363445201779687e+00
2.485298968563241395e+00
2.484099102547375981e+00
2.485122445002235558e+00
1.520136043292378503e+00
2.501467657446853732e+00
1.519061456619749118e+00
2.390017009770970091e+00
2.479392924907219964e+00
1.492701485416227491e+00
2.511600168469252381e+00
1.474348895608869947e+00
2.537191812657354273e+00
2.497774707519190507e+00
2.494678449475911108e+00
1.498086658474790944e+00
1.461465825097547855e+00
1.453708372374447944e+00
2.468050309337931125e+00
1.502295480388482485e+00
2.517848644174356831e+00
1.454329797215930142e+00
1.441243473214041781e+00
2.480245095634353358e+00
2.493908644109570805e+00
1.501676803748263733e+00
1.511301913950927611e+00
2.440093683311499451e+00
2.496622375781568426e+00
2.454866472189573656e+00
2.477990381034893996e+00
2.466961578461722926e+00
