1.514448047195753766e+00
1.516959369998047258e+00
2.498634916847256360e+00
2.475184015184817010e+00
2.521697753836405820e+00
2.506356568923734596e+00
1.464858933203194491e+00
2.473105724949140605e+00
2.447177937801619407e+00
1.431336276040307220e+00
2.507382137739375683e+00
2.517293378195342601e+00
1.493562657996445830e+00
1.533170490200075342e+00
1.464261741238930270e+00
3.441787574797382288e+00
2.468550025249911961e+00
2.547146253369948266e+00
2.510035470073348041e+00
2.495965634973913883e+00
2.510676426991468091e+00
1.492106411135135868e+00
1.441295207787847144e+00
2.443692393808031937e+00
2.483543498020849505e+00
2.463709420690602503e+00
1.499531589033353596e+00
2.485857209081798747e+00
2.483659306517857601e+00
2.490559178790363593e+00
1.509108078896652216e+00
1.494405433489634616e+00
2.499191168065667323e+00
2.443539873996583900e+00
1.431102713332032650e+00
2.420893992356650593e+00
2.582075515490838580e+00
2.431536109317368410e+00
2.474743223140820625e+00
2.491002667025763451e+00
2.482722005734706361e+00
2.495316317864088251e+00
2.510667628370393256e+00
2.462273279371724577e+00
2.474356610678611013e+00
2.461317465150139050e+00
2.480166660694479219e+00
2.492942247059051208e+00
1.464861081341829685e+00
1.493587239625530305e+00
2.543568348886049879e+00
1.514124153154233099e+00
1.460576678867625988e+00
2.494821779393023409e+00
2.499874168388930951e+00
2.401353931069138969e+00
2.539414148715016584e+00
2.495798965498665645e+00
3.461432792732515029e+00
1.523313375016967619e+00
1.445771384038980534e+00
2.446377111653886605e+00
2.413388421577130849e+00
2.476592157709092135e+00
1.492157320925347141e+00
2.517606826808386433e+00
1.494468375390441528e+00
1.527832710703616037e+00
1.487833999339628344e+00
1.474327307293821887e+00
2.535423484155316043e+00
1.444830827780909877e+00
2.455212708077360251e+00
2.544130336368571221e+00
2.455077555687387392e+00
2.498278791819364297e+00
2.457987808667676521e+00
1.478570471109911022e+00
2.447267438187040955e+00
1.455641072123333712e+00
2.451682316715478205e+00
2.500039804511864805e+00
2.490262849067295114e+00
2.525716529895548401e+00
2.505884163086921745e+00
2.418531254898084626e+00
2.496531110855904512e+00
1.464965110906493839e+00
1.481143463437007091e+00
2.489249844319813665e+00
1.562101648922379793e+00
2.568562132644618856e+00
2.506351320153910045e+00
1.415947493100406351e+00
1.511532010677419935e+00
2.531773395668982296e+00
1.485541326485427360e+00
2.463841245234224875e+00
1.505088153800494988e+00
2.433232530712533315e+00
