1.534744204310013682e+00
1.443359629932214006e+00
2.523486509638624753e+00
1.486836894455055180e+00
2.535174751212178723e+00
1.458948820872000951e+00
2.468865402885252358e+00
1.516386504026711268e+00
2.503158117345752220e+00
1.483111824386038835e+00
1.531385025114672116e+00
2.429241116752486107e+00
2.494864301332003098e+00
1.466859882596192488e+00
1.544487234643328488e+00
1.465239305356252908e+00
2.491231160431872649e+00
2.483836730723209207e+00
1.423825651953487093e+00
2.513061736058851192e+00
2.442079691200044866e+00
1.573895972173718683e+00
2.477539609055013248e+00
2.448759920550508173e+00
1.444038295376924186e+00
1.492148742981631138e+00
2.529870618866609355e+00
1.467912455873304545e+00
2.512416413023616624e+00
2.513840922516353604e+00
2.475792095930650305e+00
2.497364320021444151e+00
1.477026557668758899e+00
2.527253887732612281e+00
2.400285152468374594e+00
2.471547683276220209e+00
2.398316150801182101e+00
2.515693747291440019e+00
2.524902296675822555e+00
1.496436130501701767e+00
1.506802938642114009e+00
1.486756917834607172e+00
1.537854697477465837e+00
1.459555745146825734e+00
2.465807449971192167e+00
2.457848238766289217e+00
1.495212998776682234e+00
2.425949579981394155e+00
2.512396665698433562e+00
1.524466751767234340e+00
2.416455798349173456e+00
2.535469279628941308e+00
1.537363168720661033e+00
1.545136040463666705e+00
2.418927267155106087e+00
2.436226977492992329e+00
2.444691876769939931e+00
2.429918962852368747e+00
2.449900600372334036e+00
1.509808143964044946e+00
1.468935632747232489e+00
2.491376739395417150e+00
2.488984354160415524e+00
2.444312483721027718e+00
2.489205125176435995e+00
2.488297531552299713e+00
2.472108122453737789e+00
1.479003627649369212e+00
2.515875794337378402e+00
2.449092058661562099e+00
2.483766585739454857e+00
2.513462991775643918e+00
2.474942439958608631e+00
1.481747647324540340e+00
1.445904320005456656e+00
3.505116787191944194e+00
1.505280739465923778e+00
1.451291031404281950e+00
1.501600114591072010e+00
2.467268806086190480e+00
2.496636991992852828e+00
2.530118439469951408e+00
2.439506137523397289e+00
2.455024332692489430e+00
2.484215236815757510e+00
2.441856824254310165e+00
2.484728057287716396e+00
2.521711799507806440e+00
2.462775843684998023e+00
1.523264923946580751e+00
1.428930396431365768e+00
2.523900158447873743e+00
1.483985125482649936e+00
1.469940502654140779e+00
1.474690452055174461e+00
2.461602773150678658e+00
1.436579807667877517e+00
2.485301540863816605e+00
2.504840386100527283e+00
2.444243867067387832e+00
