2.475660641058507583e+00
1.501284835554195674e+00
2.505566446569955641e+00
1.490798648621274536e+00
2.537582094501195762e+00
1.457601658883609153e+00
1.506314177479560090e+00
1.443301379794842410e+00
2.481711432922566907e+00
2.434621334935577419e+00
2.460362207014650693e+00
2.505799169297387330e+00
2.483638184647726010e+00
3.494294066780305297e+00
1.478424411561048535e+00
1.504561474635325302e+00
2.473868419405688357e+00
1.451899583631517832e+00
1.456054716631039136e+00
1.460207429280271363e+00
2.484902493760719810e+00
2.478818205803230867e+00
1.537799300446723860e+00
2.434966244786771039e+00
2.460533253352420235e+00
2.428341536521823052e+00
2.500264426029790599e+00
2.445550492827242461e+00
2.392093908031493577e+00
1.489734891232121106e+00
1.475595294442976213e+00
2.472416299095767656e+00
1.451882351357072221e+00
2.414424126938953918e+00
2.485914929464239975e+00
2.497664644972649839e+00
1.461695868772361129e+00
2.490308903632192816e+00
1.515539666702918620e+00
1.545887326779380011e+00
2.423006030529837762e+00
2.478648833494277337e+00
2.490889893474178329e+00
1.529195792518939223e+00
2.529167326195767895e+00
2.501511616441305819e+00
2.431937608822718033e+00
2.484687960418080710e+00
2.504611675997513220e+00
1.536304290590896127e+00
1.480809276206079605e+00
2.462636083572490087e+00
2.481075194812735418e+00
2.517519441078656328e+00
2.520021511627661859e+00
2.529054941458706018e+00
1.474795291556181054e+00
2.466897773026095475e+00
1.480380309703884789e+00
2.466377900539466594e+00
2.470402303175724068e+00
2.471564189953688651e+00
2.447802891693982907e+00
1.505742331665114841e+00
1.504398317188042400e+00
1.473511277901094818e+00
1.473972084320065212e+00
2.432254991999674321e+00
2.426277072507016186e+00
2.516819475454388666e+00
1.553650690686669611e+00
1.465466934844305680e+00
1.439641700874545682e+00
2.456895235197615879e+00
2.464082178784676724e+00
1.427143561084132317e+00
2.475560721367784822e+00
2.473620185279695072e+00
2.527926203111759307e+00
2.447391737211986218e+00
2.445505102956463617e+00
2.492816057928410878e+00
2.446709026143293553e+00
1.455831668096707165e+00
2.525279624124562083e+00
2.488514777254339894e+00
2.477669976955595654e+00
1.477278598019859057e+00
1.475204936062932015e+00
2.463494550422701490e+00
2.442032642117854202e+00
2.480636378975114908e+00
2.560072429196211363e+00
1.541323801941144822e+00
1.515323177540224941e+00
1.422915127030819127e+00
2.483841400039330072e+00
1.482286259901291592e+00
2.446329822175552504e+00
2.484582644759070202e+00
