2.444297183582519573e+00
1.463972075189310162e+00
2.467397692676240428e+00
1.509821662554243105e+00
1.531897159481297788e+00
1.473543234742570096e+00
2.485729963169015289e+00
2.519261485394905797e+00
2.508613225742738706e+00
2.443058011786545247e+00
2.510229117814316346e+00
2.495717515087224836e+00
1.492753852770436263e+00
2.495016981060524053e+00
2.502271347602913920e+00
2.501088956235429706e+00
2.402162979845830826e+00
2.499185139303009340e+00
1.500907618737207239e+00
2.538394657065243809e+00
2.468631641257316822e+00
1.480301997722727192e+00
2.487394306133777988e+00
2.423475015576978642e+00
2.474892910462354934e+00
2.484257209763058860e+00
2.471606344474198469e+00
2.498830693208469178e+00
2.471200610533608621e+00
1.446844832861713170e+00
1.452256366705981128e+00
2.463094282140533942e+00
2.531976773931055025e+00
2.491631646666009559e+00
1.524266465917181179e+00
1.498707279019248606e+00
2.454859782706843685e+00
2.546029894403200711e+00
2.512460728641867203e+00
2.485310222298421579e+00
2.415428285094554539e+00
2.500038632689808527e+00
2.461823423377854425e+00
2.453562753114148176e+00
1.431769756262796678e+00
2.469878433987037436e+00
2.470994653753156189e+00
2.486133042918369895e+00
2.506531289401384033e+00
2.456138364551714748e+00
2.464145676595197898e+00
1.488471326245887072e+00
1.501396972044777067e+00
2.479713715605753599e+00
2.497363053654944043e+00
2.555011786015593422e+00
2.523474472920923084e+00
2.467535040452942141e+00
2.438593415519996643e+00
3.489130591615141608e+00
2.470635241360995327e+00
2.535511759174007285e+00
1.474883900999134356e+00
1.571594048466300242e+00
2.471191763380537587e+00
1.483219818506815946e+00
2.524782033745299525e+00
2.462766020741387063e+00
2.438139801803498319e+00
2.484802666596348963e+00
1.451436128741752984e+00
1.498949345703029401e+00
1.513855929734766459e+00
2.494182160632878009e+00
2.443414637892302732e+00
2.508119688113107593e+00
2.487897116222488769e+00
2.437014626389418570e+00
1.517277630488994555e+00
2.479508642353123182e+00
2.472949124863371484e+00
2.450563291931392218e+00
2.540119081585553662e+00
2.527263460900326386e+00
1.455075600945444414e+00
2.479097141839505358e+00
2.483881688734034920e+00
1.483575621495237806e+00
1.463755553337112936e+00
2.491037859307480229e+00
1.494073574177186225e+00
2.512013935469284753e+00
1.488563326677430965e+00
2.511707265228861452e+00
1.436597175716730179e+00
2.490004709681185702e+00
2.525234529613693546e+00
2.520152490436770254e+00
2.442870183719890953e+00
1.464502936463731642e+00
