1.484953782536188926e+00
2.520126566800698242e+00
1.508093221684746910e+00
1.488688500470756626e+00
1.498474885834536474e+00
2.502150031101220584e+00
2.510753281430540440e+00
2.483575827301984784e+00
1.501040407629673723e+00
2.484047387025468012e+00
2.450585609477497595e+00
2.449502992734823525e+00
2.528120579694064674e+00
1.505961640461832562e+00
2.520677080452354613e+00
1.563319786607502815e+00
2.506301820474819753e+00
2.505752198544159093e+00
1.515170606346588844e+00
1.459826576952833577e+00
2.475333244646579889e+00
1.553640059588583533e+00
2.516340816503773947e+00
2.471493409223287863e+00
1.438522144650191237e+00
2.423114364532156007e+00
2.457764879050770457e+00
2.473632043823863924e+00
2.515000040913592638e+00
2.462076443635846434e+00
1.545786286904174744e+00
2.463462108452516119e+00
2.502738620394115543e+00
1.496326759441466203e+00
2.522021257316867437e+00
2.450068489531056048e+00
2.508246551909928623e+00
1.504473570026080065e+00
2.493392381325262086e+00
2.469864099194196694e+00
2.499452938820488690e+00
2.507893984029555323e+00
2.485929298741099913e+00
1.507402086412463760e+00
1.503190110386756206e+00
2.509656228909975528e+00
2.467763631936920277e+00
2.507232840078874592e+00
1.433723507376368778e+00
2.498064969968230464e+00
1.512332397504247972e+00
2.491890898036197566e+00
2.490012185274105949e+00
2.495493815394115522e+00
1.536071277328815432e+00
1.523867808880714048e+00
2.461778126313775683e+00
1.509692335032368771e+00
2.491753619217718096e+00
2.468791976917298125e+00
2.480064112392530440e+00
1.422965576005522204e+00
2.446585077699563460e+00
2.469341544969556157e+00
2.551906540544872204e+00
2.431174482014120564e+00
2.481122760524388848e+00
1.478356738073697274e+00
2.515941108365173040e+00
2.490804078134032817e+00
1.449482885415652289e+00
2.447190526441342495e+00
1.496706008659280718e+00
1.475798379736020571e+00
1.469833132756891869e+00
1.509151442144137878e+00
2.460698143390423809e+00
2.483147811138771921e+00
2.492405010451713032e+00
2.478676076287633201e+00
2.504842231353790805e+00
2.443536127593963769e+00
2.485522557405539512e+00
1.544741732078166896e+00
2.481713510533767764e+00
1.444128827891557387e+00
1.481136161875945545e+00
1.497792243560221559e+00
2.475384056010971889e+00
2.503045499569264809e+00
1.435476550512214233e+00
2.493745978158984133e+00
2.514965072750054542e+00
2.444122531347599825e+00
1.485669799952313852e+00
1.457302922835929770e+00
2.508942540399219823e+00
1.517815841709096114e+00
1.482348396362745735e+00
1.477323776709872805e+00
