2.526495906980782191e+00
2.460896298318290487e+00
2.468342428869186644e+00
2.510745065144698085e+00
1.566890377834727177e+00
2.498730745272453646e+00
1.450671864648006792e+00
2.497950230303881636e+00
1.544856560971812565e+00
2.474574761102054765e+00
2.518804317465209941e+00
2.516329573193095026e+00
1.511481526526929686e+00
2.421090199099233509e+00
2.500535159743631386e+00
2.515229189045486979e+00
2.485454938401109981e+00
2.446069555202141199e+00
2.461610669314968636e+00
2.394849035455301589e+00
2.477585626933615615e+00
2.441480648203027126e+00
1.483179534207259787e+00
2.444970355131511397e+00
2.502795188015267236e+00
2.515883703521830217e+00
2.499144618549801411e+00
2.482254399802731104e+00
2.434903021594174266e+00
1.460123593782986839e+00
2.500584633320046990e+00
1.472195249905425163e+00
2.457710456145599576e+00
1.493125311005480738e+00
1.507666031807503026e+00
1.472214159649104070e+00
1.536653038444174335e+00
2.507877572173253800e+00
1.505844617894043003e+00
1.519838463105523507e+00
2.504703314893552246e+00
1.522983496409330284e+00
1.480004820756841699e+00
2.463539136862545220e+00
2.448733708966038591e+00
2.448936945087667016e+00
2.448125272889302373e+00
1.515325075946567290e+00
2.502266432244779182e+00
1.506315728730733827e+00
1.442265302995968668e+00
2.522170176631694627e+00
1.526304735941269364e+00
1.554385918591032922e+00
2.533603957695123921e+00
1.545815517819751239e+00
2.505819402264415796e+00
2.493797448321579679e+00
2.444642786922722077e+00
2.483193595865575087e+00
2.440401483551057460e+00
1.508894416556965545e+00
2.457388465906057196e+00
1.546544559399195551e+00
2.453515877298390713e+00
1.420323604619546876e+00
2.459747794301535340e+00
1.518143394317197137e+00
2.469729329433821619e+00
2.457803269788671141e+00
2.483535319646455353e+00
1.515107223023640204e+00
1.544076719379518847e+00
2.544300458470684312e+00
2.481506762091383766e+00
2.464313548738021886e+00
1.454248558145406989e+00
2.545053585582783828e+00
1.441761412579886548e+00
2.528810474983603118e+00
1.493711500186537755e+00
1.521701249993580252e+00
2.449902407628533396e+00
1.455139247660509172e+00
2.467215565472420824e+00
1.522754329945974705e+00
2.542846267718999798e+00
2.504157014541151138e+00
2.479449873263925852e+00
2.496444715817160986e+00
1.430021810021366635e+00
1.454253966584264868e+00
2.456671166748921387e+00
1.471770447060983811e+00
1.504795826660676905e+00
1.484892305702758541e+00
1.543425566570469254e+00
1.532246974873783918e+00
1.456016840554797742e+00
2.506098492269977385e+00
