2.499144360038234147e+00
2.441190740791454594e+00
2.397953011623786157e+00
1.503929491192097290e+00
1.509187067198241250e+00
1.464390181768330024e+00
2.469428167483529890e+00
1.512576782911996043e+00
3.445339570703777277e+00
2.499559200788560975e+00
2.499536762717447402e+00
2.464641773593847063e+00
1.486511650495918824e+00
2.451380455466114494e+00
1.481551258791784065e+00
2.507050474217861868e+00
2.471867098941979535e+00
2.434976217907469653e+00
2.430047609042885970e+00
2.505960083002766847e+00
2.482423857154891778e+00
2.468799858574600936e+00
2.528993423217662073e+00
2.419555993089978152e+00
2.553844207692085089e+00
1.504892164047286096e+00
2.439963560676589260e+00
1.500302249994126313e+00
2.495622261707987288e+00
2.462938375534353241e+00
2.472293492332289677e+00
1.476280294304613161e+00
2.468108314135950110e+00
2.446144238182709874e+00
1.481192623994001423e+00
2.466753039842824347e+00
1.494860289721742674e+00
1.481686569762369787e+00
1.480181035513375321e+00
2.464215437635369099e+00
1.496391930807885240e+00
2.543569674809825099e+00
2.512273928609616735e+00
2.518804988684598012e+00
2.487377841668444667e+00
1.440585287173153928e+00
2.496437693523235080e+00
1.481849997123324769e+00
2.470734085818537817e+00
1.423719513383827184e+00
2.445415900610345528e+00
1.443186864289681903e+00
2.491705010590119951e+00
2.477267907114140577e+00
2.475459946857006877e+00
2.506386556346794414e+00
1.454160379930378832e+00
2.501664682293712527e+00
2.502203319815303306e+00
1.546532054153900937e+00
1.476765071962384601e+00
1.476647274433243728e+00
1.493001204787786307e+00
1.511764667158810971e+00
2.430767241610350737e+00
2.483086497464990217e+00
1.467325846101044773e+00
2.427840111352061570e+00
1.483788437501574853e+00
1.492433493059213134e+00
2.465842622391888561e+00
1.509000030307837248e+00
2.483003680199550089e+00
2.457670910137392362e+00
1.549785998768705264e+00
2.475500099953359623e+00
2.472873147835505492e+00
2.518795446434402674e+00
2.453977774690478952e+00
2.496543506321650785e+00
2.437880822826446359e+00
2.479900180753567884e+00
2.547151339225328659e+00
2.460474982333429317e+00
2.503899828126753047e+00
1.475313295423130722e+00
2.462575574757595476e+00
2.526675561115988344e+00
1.469930742382343114e+00
2.503271096561045184e+00
2.463739283649854617e+00
2.550991217810931744e+00
2.516759460766385459e+00
1.597709334678873327e+00
2.468867719583219600e+00
1.501863731164456262e+00
2.442440812560073837e+00
1.500349774811893466e+00
2.509358529825603146e+00
2.496088259112938967e+00
