2.489294079634298829e+00
2.515256652867183362e+00
2.421537182580357772e+00
1.541461637032662813e+00
2.452605350015097052e+00
2.470977044491080132e+00
2.471552650086565439e+00
2.537617496278842033e+00
1.483445625232004739e+00
2.475629112339062576e+00
1.535822413618636473e+00
1.495792777660800876e+00
2.477865825742984196e+00
3.453264649259128127e+00
2.569574858530944805e+00
2.490659007750655629e+00
1.498089978312535431e+00
2.538315891370678035e+00
1.545918934545393419e+00
2.546534370236852585e+00
1.464330644473353926e+00
2.528328826134487617e+00
2.509784983543079218e+00
1.455985445956377911e+00
2.567323781834321306e+00
2.530484319864689358e+00
2.442444873353298185e+00
2.557545976593835313e+00
1.490273660848092652e+00
2.449421629907665654e+00
2.562651366317452162e+00
1.449784780723260003e+00
1.503869415621935657e+00
1.446875024364250750e+00
1.543881794200890889e+00
1.541717389434428931e+00
1.426068001226374005e+00
1.502349822718638928e+00
2.459510315904342104e+00
1.430597625266169626e+00
2.459193525557753279e+00
1.493855076798232373e+00
1.466336157819814856e+00
1.526848680792658230e+00
2.435106639997613343e+00
2.476023155900651140e+00
1.505167546138909351e+00
2.523655132277146773e+00
1.518958032196577213e+00
2.478030292013702507e+00
1.505362952775198826e+00
2.467607119436653562e+00
2.464995062071727805e+00
2.400842718595703307e+00
1.472797774878398469e+00
2.434536405442170981e+00
2.488467662624040955e+00
2.461254409758248940e+00
2.503893930209633023e+00
2.438915007216904574e+00
1.458539841504586487e+00
1.489939567883733718e+00
2.515881945287681720e+00
2.441007281940094309e+00
2.536287457592921069e+00
2.472474792402432175e+00
2.444448572802814024e+00
2.426936820251871740e+00
1.504733277382210632e+00
2.475703407588453420e+00
2.440107906510042834e+00
1.495874027993915556e+00
1.470941085687655026e+00
2.540207389742202171e+00
2.506677931336193765e+00
2.467809264038840933e+00
2.439215276582094472e+00
1.467210947841089519e+00
1.529738355429755003e+00
3.436607052691482700e+00
1.492537870165949521e+00
2.482484051650716506e+00
1.519842649499994813e+00
2.465939586463021804e+00
2.519351022537696050e+00
1.525579834350449859e+00
2.503427321571787267e+00
1.485983635661030311e+00
2.508160028701817534e+00
1.506980207952894668e+00
1.511213418336734948e+00
1.470941505265784599e+00
2.532503720475796971e+00
2.506709129594004715e+00
2.512192853631961320e+00
2.458122049927121910e+00
2.498704608394638260e+00
2.469404500029160232e+00
2.523127811077882310e+00
2.418679007932003966e+00
