2.479706177816793922e+00
1.469694180634367520e+00
1.479859947594269531e+00
2.419973910332055222e+00
1.446439275769505040e+00
1.525211002918408054e+00
2.473723170837208052e+00
2.527920953717548880e+00
1.479054481970416779e+00
2.454890691276548242e+00
1.517240944389927071e+00
1.495686316976849950e+00
1.546072027063809973e+00
2.481745201502959741e+00
2.501279477145895935e+00
2.466305558166406620e+00
2.458011910756096263e+00
2.413398872155424701e+00
2.456775788498207103e+00
2.519695949706319826e+00
1.470826653014746910e+00
2.526460045468736482e+00
1.493803146084148104e+00
2.481423599598718610e+00
2.422658250719536444e+00
2.512047563425698904e+00
1.438986007915256771e+00
2.438507348863416802e+00
1.512123906652496297e+00
1.466223195848119998e+00
1.547133309617827468e+00
2.435011087444328925e+00
2.473108467099314201e+00
1.481786414069215407e+00
2.544257652992029328e+00
2.460226975710326780e+00
2.475982969287897184e+00
2.440816492915856450e+00
2.469284944297621021e+00
2.465204736177088574e+00
1.451165209842118609e+00
2.487185003629003521e+00
2.523473334528295364e+00
2.495109198074313195e+00
1.509581859325674680e+00
2.520485050633257007e+00
2.469229095413696840e+00
1.590204168115440186e+00
2.473186405055431081e+00
2.441249622988162837e+00
1.489368648217640256e+00
2.516422532306032078e+00
2.518131449562448942e+00
1.517098629922556396e+00
2.504689670226269538e+00
1.484713157757242996e+00
2.488317032410662488e+00
2.427610191545985785e+00
1.497180287670451415e+00
2.514623241620128180e+00
1.466559931002769490e+00
2.503799651016922923e+00
2.497617040630699226e+00
1.521365718971745995e+00
1.514126618302702454e+00
2.476856639703028939e+00
2.489414557625309943e+00
1.504711659503575660e+00
2.550008598614372790e+00
2.501163362847531602e+00
2.477976985264185306e+00
2.427238270614471727e+00
2.469213274475337450e+00
2.532903928335454413e+00
1.501366812778637261e+00
1.437365480011346008e+00
1.442925757307656154e+00
2.441124687776830893e+00
2.514439829944731031e+00
1.433589245312987925e+00
1.544932995495635231e+00
2.486804108849495432e+00
2.461670860505551506e+00
2.435869554079794774e+00
1.476915532977675971e+00
1.555186992813646363e+00
2.465607354579026023e+00
2.482680438657444366e+00
2.437979002369447201e+00
2.461771695279452832e+00
2.472466468591805189e+00
2.513855940400691047e+00
1.454272252278108413e+00
2.504725897888411712e+00
1.458305881234279511e+00
2.436264198859902308e+00
1.469496967594831727e+00
2.537959716073436400e+00
2.456845321258847026e+00
1.488550963001731509e+00
