1.480589702910439343e+00
2.464257782954485609e+00
1.455592668819139401e+00
1.509844719193091267e+00
2.496949545157207240e+00
1.493550848764729544e+00
2.501474371101070293e+00
2.516844882748223711e+00
2.454808582623823288e+00
2.442666828263986289e+00
2.543288482164342668e+00
2.496947359275440093e+00
2.556721545579238697e+00
1.470527075606547385e+00
1.453192475611442047e+00
2.515689276843444233e+00
2.486970405290483743e+00
2.477408543589775469e+00
1.532395690184520820e+00
1.557448297892783717e+00
2.451727230630301513e+00
1.520314121894150716e+00
2.423007412990714649e+00
1.503683150907336730e+00
2.503130887547284189e+00
2.478815214217266139e+00
2.472912598681862306e+00
2.445610158882858265e+00
1.466176985973151714e+00
1.535059061486155674e+00
1.454246437382620272e+00
1.537515588799077904e+00
1.519468417723085940e+00
2.473275346444482548e+00
2.528932315092321748e+00
1.461378292696527748e+00
2.474429568662408041e+00
2.497575503366432859e+00
1.562849476747837141e+00
2.459915714988653246e+00
2.476122120246753600e+00
2.507048726874895994e+00
2.428009446869627830e+00
1.434588382704843124e+00
2.477758084956096063e+00
3.512422293205460733e+00
2.459162441937874366e+00
2.475749773295018219e+00
2.452566434618871583e+00
2.533968650745455520e+00
1.522132336861583557e+00
1.463703552138570396e+00
1.468649984951348353e+00
1.495305002087204072e+00
1.515719455946794136e+00
1.496911015733816130e+00
1.532272547180962619e+00
1.488425666084618681e+00
1.511833174416960190e+00
1.441310499709245851e+00
1.459917447577230076e+00
2.474624993640020421e+00
2.476652977827295654e+00
2.441296455598215065e+00
1.540191552833329647e+00
1.449775089846397247e+00
2.469247922435508613e+00
2.505412727284399121e+00
1.504707581321167220e+00
2.520628040362324018e+00
2.482648862310842475e+00
2.401040428571540986e+00
1.501579867121199729e+00
2.484332217821663580e+00
2.459323641858430332e+00
2.428959165427766465e+00
1.473611450759976904e+00
1.512118514422282622e+00
1.563426718305716445e+00
1.526700220937496466e+00
1.504082809905903817e+00
2.491584679652433909e+00
1.475837484996439963e+00
1.432596491069814792e+00
1.558067008046903457e+00
2.506324455264538731e+00
2.487643323654353367e+00
2.476104184109940931e+00
1.495100655267585177e+00
1.493335840400625170e+00
1.538696815188731915e+00
2.470248837717115897e+00
1.519094318393288345e+00
2.439395292689325423e+00
1.465239660015550172e+00
2.509727147845714601e+00
2.462943948417195550e+00
2.431033670300209337e+00
2.441070561819720375e+00
2.441045890766472048e+00
