2.508594849057230736e+00
1.473665974182472693e+00
2.517398021758952886e+00
1.538304589345950601e+00
2.474452770648956967e+00
2.467312094694590119e+00
2.416629774076783477e+00
1.520588113119887952e+00
1.451575301982328314e+00
1.476955791454490186e+00
2.455804645110106321e+00
2.481091977237277924e+00
2.544279759166721888e+00
2.460531619755954580e+00
2.447822191968758165e+00
1.448107234509551589e+00
2.554031245663024752e+00
2.500359028567712194e+00
2.524633959535805161e+00
1.523373450227186510e+00
1.540588504599486708e+00
2.417885937631033322e+00
1.517450241314445947e+00
1.521858667215456151e+00
1.471835735299821701e+00
2.462122822048980364e+00
2.497026840369344303e+00
1.448362494894608776e+00
2.537924786861744497e+00
1.478840448577493971e+00
2.520362976029224988e+00
1.610869684817803460e+00
2.492622910582813933e+00
1.483993749472059420e+00
2.483999556999970437e+00
2.482854971915644970e+00
1.449785155732493669e+00
2.501467993494903119e+00
1.469329348393918711e+00
2.469244261853879241e+00
2.497886421271874990e+00
2.448592953335140265e+00
1.452420411703935210e+00
2.595996534524554811e+00
2.504433418202457240e+00
2.509511031715187190e+00
2.509432849799387633e+00
2.472751339880527421e+00
1.517984098560333672e+00
1.542883506568847318e+00
1.418563199458078072e+00
1.485572984465909130e+00
1.468942418397840122e+00
2.543296177675367087e+00
1.511236242650069173e+00
2.494014352531722434e+00
2.467253686524479406e+00
2.444234727562860421e+00
2.500935903425486995e+00
1.530858592166099763e+00
1.524455928546106565e+00
2.468303555999770804e+00
2.505505178703558045e+00
1.491132081251637986e+00
2.514500375417724420e+00
2.418599192825942268e+00
2.473093139409460406e+00
2.545659171577065116e+00
2.515886598590348466e+00
1.497557444094871348e+00
2.457356422580474931e+00
2.458427705316248435e+00
2.539812722746146445e+00
2.496894309894198916e+00
2.437472192299747764e+00
1.545309457013429588e+00
2.484371763046107962e+00
2.577435392664348068e+00
2.477135065243160295e+00
2.429324713172892558e+00
1.547446227225492743e+00
1.482328167193123880e+00
1.471929357201118505e+00
1.491092794853531522e+00
2.490411134803596660e+00
2.407785895674781518e+00
1.513431523171103743e+00
2.484270690951131400e+00
2.506958759010934568e+00
2.454507946783452965e+00
2.508762014380955918e+00
2.506239213695533152e+00
1.543675698840073052e+00
1.477905437775761888e+00
2.397560643293777716e+00
2.469650457345576200e+00
1.495875824444890645e+00
2.501353598386125476e+00
2.389611728633438847e+00
2.436802906367379062e+00
