2.460106093527938409e+00
2.496567834426077326e+00
2.534738506330205254e+00
2.471299253605338642e+00
2.498040645418657668e+00
1.510652814295508906e+00
2.451780747414399553e+00
2.583210104214482161e+00
2.471715653936412238e+00
1.463378991400969609e+00
1.482911192830818958e+00
2.431598760876937604e+00
2.460431321921161985e+00
1.522452217951953291e+00
2.510893611809685844e+00
2.428612508724930397e+00
2.432654831765400427e+00
1.475832057059637270e+00
1.416405731193774331e+00
2.514321360480192613e+00
1.507942051990555088e+00
2.456216525018292796e+00
1.545283077209501421e+00
1.509415449586046787e+00
1.516545500128062329e+00
2.486152645695438590e+00
2.437982633653253295e+00
2.506809266446420104e+00
2.525135955284063982e+00
2.432300579288086517e+00
1.464027956941441611e+00
2.508769970651455683e+00
2.493662140469515176e+00
2.555936447422799684e+00
2.482331210049306680e+00
2.509756896622067135e+00
1.500033164435044197e+00
1.503787911231631247e+00
1.525748456069448533e+00
2.445796859781229848e+00
1.498857910448127218e+00
1.513038350481818339e+00
1.471266881108442837e+00
2.467538072473392852e+00
2.417233670358002406e+00
2.471936189394598138e+00
2.468798082695984775e+00
2.447142590518935457e+00
2.450215692321406458e+00
1.500281878085367060e+00
2.477379188868645610e+00
1.505170284216785559e+00
2.485202070409462838e+00
1.434811027460410893e+00
2.502884226498235609e+00
2.478774535337988638e+00
2.464662841515962821e+00
2.451391265708037004e+00
2.465005020614792652e+00
2.503402511657960350e+00
2.429495935886827329e+00
2.473303232386683703e+00
2.467668263341269430e+00
2.454640644356220314e+00
2.497343931057785849e+00
1.475943505906577968e+00
2.483585682898366453e+00
3.442953575380926168e+00
2.463528648502454121e+00
2.464230150791563823e+00
2.468098845213061221e+00
2.515950309587019262e+00
2.529816640837029951e+00
2.477248384533029313e+00
1.459995116843335161e+00
1.461873816277422966e+00
1.580934445426740664e+00
1.477350342384716742e+00
2.476198381613438748e+00
2.504940807571515826e+00
2.444853122674064849e+00
2.489174413408232756e+00
2.483740014432837651e+00
1.500148066901444643e+00
2.489485401035371748e+00
1.461990115945912772e+00
1.512454421531983506e+00
2.490159535271332381e+00
2.502963014489012039e+00
1.473347215924855291e+00
2.495394371757406304e+00
2.542585213283229617e+00
1.510418956516552669e+00
2.476155424195275678e+00
2.482288364609382292e+00
2.467514493765085248e+00
2.467481280053745341e+00
1.444335168389340396e+00
2.423185129817249983e+00
2.474528329431233686e+00
