2.510201950976662211e+00
2.493949584673447184e+00
1.517440897377277942e+00
2.455862626294215367e+00
2.484368363776857436e+00
2.426267077081870394e+00
2.455001837498524075e+00
1.476092966433997233e+00
1.457496747825921757e+00
2.428064320790297437e+00
2.538818992904752214e+00
2.549170194605671735e+00
1.522152086552293948e+00
2.490713228568639970e+00
1.462426145362700103e+00
2.523020677062538741e+00
1.490960471316317815e+00
2.494364294867884357e+00
1.492641363405958987e+00
2.502229829643328962e+00
2.474954819351055768e+00
1.459140917066447773e+00
1.467132062314775665e+00
1.437141680425615631e+00
3.443132333191305960e+00
2.437360240305963544e+00
2.529372298292814403e+00
2.488303275543193305e+00
2.527707503780364018e+00
2.480113283062538976e+00
2.472934227240797256e+00
1.491822254826665528e+00
2.490734787153984442e+00
2.466574529630243262e+00
2.511293089191624972e+00
2.500739081136722497e+00
2.443576174597755113e+00
2.475091840399480603e+00
2.465857495924532294e+00
1.476756644232113835e+00
1.513187061131329836e+00
1.547848549488405778e+00
2.448193430985111441e+00
1.456866720930064085e+00
2.474449334987002924e+00
2.450305443572559749e+00
2.539529522172566889e+00
2.465549830679587107e+00
2.505424782324935151e+00
2.556271132950700409e+00
2.442941798313378765e+00
1.537044337891325885e+00
2.505230047444094943e+00
2.520477691906277684e+00
2.443722688123133757e+00
2.467296906232439913e+00
1.495880164276109037e+00
2.467516587262029937e+00
2.425290615385579773e+00
2.492611942638686351e+00
1.534006458271735873e+00
1.516577978423500950e+00
2.575905767001828384e+00
2.474155250279891138e+00
3.432069800665155768e+00
1.498078261691280000e+00
2.474280404760559104e+00
2.490176527551403840e+00
2.496373211732879849e+00
1.498702930104296227e+00
2.512156032932642447e+00
2.463689971101050258e+00
2.497480236037868728e+00
1.485334020555784118e+00
2.508980415003359887e+00
2.520699932132530297e+00
1.495519800331811533e+00
2.516232318573682569e+00
2.427806626728840289e+00
2.519581108234211886e+00
2.551087109827346655e+00
2.507502097782451589e+00
2.503364848584156643e+00
2.523806276057997788e+00
2.494798676621070133e+00
2.502834686388644148e+00
1.467744771266126458e+00
1.523965409145584982e+00
2.471289486443443817e+00
1.444302617823644441e+00
1.482014193101220068e+00
1.546149961131680906e+00
1.536172296297902307e+00
2.422319101006369380e+00
2.487340627624781586e+00
2.401606108434747533e+00
2.434704565508177154e+00
2.498257197311267053e+00
1.428958539537335204e+00
2.532602642738138066e+00
