2.505588171205764159e+00
1.485088325429448464e+00
1.517875872819279159e+00
2.430812490383862379e+00
2.463833044490271185e+00
1.494508849556097196e+00
2.546254199729224066e+00
2.451389874709893224e+00
2.466377782184025591e+00
1.475403729884124271e+00
2.442501810846245736e+00
2.478348796587131364e+00
2.473799501527489841e+00
1.513470705915755499e+00
1.491205924693976170e+00
1.519586398332103405e+00
1.463174480797582167e+00
2.456539143251937674e+00
2.446158212960557243e+00
2.535495220788381410e+00
2.527041426528721768e+00
2.531212582987204751e+00
1.499351278001686882e+00
2.418044302117697608e+00
2.518422682796363166e+00
2.509901517672572524e+00
2.494639107947234091e+00
2.501995551571487120e+00
2.483210969805385471e+00
1.475174938012018266e+00
1.501176617394579305e+00
2.434095224466095164e+00
1.509384642589106207e+00
2.460017904471488048e+00
1.531706856668954009e+00
2.424556641491921738e+00
2.507401678335002604e+00
2.467864871441210806e+00
2.494849720379214375e+00
2.479512244860405445e+00
2.445983450067720000e+00
1.554662804548520461e+00
2.519339136146100167e+00
2.481330703126590542e+00
2.488970581147532890e+00
3.388535704910877744e+00
2.502959239174363137e+00
2.522684846904992284e+00
1.481564074998140690e+00
1.553208325267971146e+00
1.460904732179802989e+00
2.449253676304532945e+00
1.501246814752470904e+00
2.476700853429532945e+00
2.529243596866820099e+00
2.501140294370274741e+00
2.410941716697236004e+00
2.430107453565123699e+00
2.472058300753098070e+00
2.500061541010639488e+00
2.473468851115836475e+00
1.511569539250844363e+00
1.518723371664178590e+00
2.499626523149808044e+00
1.527769017977176791e+00
2.433867618310091796e+00
2.463879756789931985e+00
2.542024290367212558e+00
2.461290482212759034e+00
2.442581124645998969e+00
1.505027629277469803e+00
1.485931133048838726e+00
2.478765202615834884e+00
2.486770565518444887e+00
2.426775523795920986e+00
2.400505482920363587e+00
1.442069211840472542e+00
1.456064569975128453e+00
2.484163641829389313e+00
2.490143845458979488e+00
2.465988084222689114e+00
2.466386227944856291e+00
2.451487392942224286e+00
2.504115367457990349e+00
2.450183993996009946e+00
2.467265428378162095e+00
2.455791716819016646e+00
2.419040980417327624e+00
1.504588373046823246e+00
2.501887733478965092e+00
1.517626134233981849e+00
1.494589352071279853e+00
2.467467938649610559e+00
1.475184917298586695e+00
2.542484112324593593e+00
1.460290567089300939e+00
2.495511180410801000e+00
1.514959560791113269e+00
1.495025987287527780e+00
2.464225309580855949e+00
