2.461136821330325741e+00
1.490990781124103881e+00
2.431465207525757677e+00
2.445116875695874548e+00
1.445988959716332234e+00
1.460933390116180286e+00
1.502660052677906588e+00
1.445491918816134369e+00
1.498883015430268806e+00
2.490207255883360116e+00
1.490736723521419060e+00
2.493316175712043670e+00
1.545323239189516640e+00
2.418397690666584499e+00
2.453712477328250596e+00
2.445085438752454099e+00
2.483895920273203828e+00
1.522438685250212975e+00
2.497118227839240312e+00
2.510990331815494248e+00
2.481880260231077884e+00
1.507414112042015697e+00
1.481688559117268822e+00
2.449850528740967981e+00
2.465449372744113798e+00
2.475188640031677156e+00
2.488853276945411253e+00
2.468895544694301947e+00
2.540324963217305498e+00
2.522690546299495740e+00
2.489626511152813748e+00
1.530510017447046511e+00
2.505063180789599109e+00
1.505874045312169285e+00
1.443802310636818076e+00
1.473741073750429065e+00
2.474536861665257881e+00
1.503098864140899993e+00
1.488060097153777184e+00
1.453769031384557486e+00
2.461254076204738794e+00
2.428329653110045339e+00
2.514158480638585491e+00
3.486160330639307858e+00
2.466151443337574189e+00
2.473850858839143019e+00
1.515729165255946587e+00
2.540586830983363242e+00
1.534613656189227404e+00
2.500255435758035549e+00
2.507574786982986303e+00
2.484691210289173391e+00
2.525195515480270103e+00
1.466106537189168835e+00
1.490924373698190974e+00
1.505778740866752230e+00
1.488899732930231590e+00
2.487665067675537411e+00
1.446323771840161809e+00
2.512699454823404288e+00
1.507255675096278447e+00
1.489973295468469683e+00
1.481066467987678825e+00
2.478012817325617068e+00
2.457993902835001965e+00
1.533976123071413511e+00
2.500375740353218745e+00
1.505124814221944218e+00
2.497918314960908326e+00
2.492891075982772264e+00
1.487628024813337113e+00
1.491448174043799257e+00
2.557674602353012805e+00
2.447345974249990785e+00
2.474843045881884862e+00
1.515982224837012726e+00
1.542149224759962856e+00
2.488690418365586243e+00
2.421561015436952236e+00
2.556375895277130716e+00
2.457262706021023035e+00
2.474686337304195405e+00
2.571501217031255671e+00
2.450308700261304651e+00
2.484240088600008001e+00
1.463419398799672644e+00
2.499384336507090687e+00
1.515733476834659310e+00
2.488162991856901041e+00
1.505358568783123685e+00
1.440173232506141821e+00
2.499841706551365839e+00
1.461732444117200602e+00
2.476075609980450398e+00
2.474969954273287698e+00
2.479930768838826793e+00
1.480507821942400826e+00
1.468331297304692473e+00
2.545672858618151402e+00
2.510124320096855488e+00
