2.461868867400247574e+00
2.499922630491580477e+00
2.450611187015645509e+00
2.453523779318356191e+00
1.479734300036529060e+00
2.466644924988768750e+00
2.493368134185834695e+00
1.461798612699603428e+00
2.452688616791023346e+00
1.539405074277397256e+00
2.496084255440908617e+00
1.488301555648092300e+00
2.473070099156626345e+00
1.443438285091451112e+00
2.452410482425507521e+00
2.530180328629063613e+00
2.447848889048791055e+00
1.508960197200492681e+00
2.507428285289588832e+00
1.453269495379154730e+00
2.528721240209022003e+00
1.521567260451990977e+00
1.447548098943814310e+00
1.483521020625126807e+00
1.479731883012497917e+00
2.496463559284448408e+00
2.513272612237777537e+00
1.528747810395223450e+00
2.531773287169059472e+00
1.501586861354983427e+00
1.490527941907793696e+00
2.503898700577642078e+00
1.468283303550669494e+00
2.504397069604999970e+00
2.417313286537917882e+00
1.466198256183635529e+00
2.592643653518786451e+00
2.439506500133888700e+00
2.440481515519856703e+00
2.507031528719644964e+00
2.465333242500001631e+00
2.479960822678689780e+00
1.513008706431582917e+00
1.558201075134361346e+00
1.443472509578974661e+00
1.503366347392740332e+00
2.433199420003706592e+00
1.488489989839594241e+00
2.498310664337466402e+00
2.464203691958900322e+00
2.480983149763012818e+00
1.514734812659982000e+00
2.445208164226076342e+00
1.468699601451738834e+00
1.495513116955733413e+00
2.477394577304247836e+00
2.459103505548172031e+00
1.513221038716885403e+00
2.510342029462202085e+00
1.507371734992115409e+00
1.480283061655383481e+00
2.481141167049936591e+00
2.443424286045720262e+00
1.480398288403319107e+00
2.462236256280783131e+00
2.452781653525745842e+00
2.470675394741649988e+00
1.506122101323223550e+00
1.507526711000431119e+00
2.532270887697214867e+00
2.443679320361133112e+00
1.490403139889257433e+00
2.454868035217138811e+00
2.492943112451207366e+00
2.527283383267830530e+00
2.529140232901453622e+00
2.497715983212804414e+00
2.484437237486761152e+00
2.465623693878122413e+00
1.534322707849134382e+00
1.501953110845525075e+00
2.432608118848562651e+00
2.501328988312529145e+00
2.486994836155846933e+00
2.515724590625154633e+00
2.460056838540355617e+00
1.470551426193271949e+00
2.514457274026590028e+00
2.453607749405281258e+00
2.468805679118549978e+00
2.462275037754567908e+00
2.478155250130803733e+00
2.468604163526789463e+00
2.477097031732294674e+00
2.493223858912779978e+00
2.505357322311578372e+00
2.459744147147117310e+00
2.480992763862599926e+00
2.457630878381810824e+00
2.511766732286198067e+00
