2.402068679539376639e+00
2.485009558152627474e+00
1.542596842967169035e+00
2.494179168756629927e+00
2.562866169585018117e+00
2.476815168368124098e+00
2.461940418933945107e+00
2.491384941554189769e+00
2.419818472648988639e+00
2.489745168945371567e+00
2.473613795611402821e+00
1.448221819921788001e+00
2.465092703933827512e+00
1.539934015775796805e+00
1.470600992649051753e+00
2.523868777242006090e+00
2.492580654347232638e+00
1.532522926919483108e+00
1.529762133550281789e+00
2.450543409893731095e+00
1.497420725889829329e+00
3.392128121889057546e+00
3.442447221627583431e+00
2.503378717397053865e+00
1.467004451940671084e+00
1.533081744536712865e+00
2.503046295855799741e+00
2.512950288892854545e+00
2.455907127282799252e+00
2.487404703337878331e+00
2.507529245848577393e+00
1.524185713739625303e+00
1.491685330596453252e+00
1.498131782006245194e+00
1.533445006884840423e+00
2.462187728648755236e+00
1.488460408597476192e+00
1.482966704592029616e+00
2.458713306645517349e+00
2.433590847274328173e+00
1.481462005566246853e+00
1.492565077164633713e+00
2.465046500828067533e+00
1.481022210261636163e+00
1.431654979650293535e+00
2.540842504673104241e+00
2.517861379889477558e+00
2.557358398726087501e+00
1.462702570864049090e+00
2.448710052299713613e+00
2.483240212255691581e+00
1.433225803544376342e+00
2.443167888930774190e+00
2.405746199341689096e+00
2.470443897325016458e+00
2.447665377039129453e+00
2.484274490840904903e+00
2.488880850345529527e+00
2.459995608264758271e+00
2.423905689182268564e+00
2.494662117706272664e+00
1.522109684182634926e+00
2.519518798448787678e+00
2.421106433126634094e+00
1.433644125053740392e+00
2.505326951383027634e+00
1.491670431260798457e+00
2.493979845934292783e+00
2.468058611106076938e+00
2.489863073315229158e+00
2.514517960935582330e+00
1.516794439671496297e+00
1.542911600049358123e+00
2.444182698534945963e+00
1.488792456243654305e+00
2.460336400025144865e+00
1.491978804352819932e+00
2.441734933399831942e+00
2.482658052060671139e+00
2.486414036156042062e+00
2.558740056749404523e+00
1.507358858532221957e+00
2.447946377991955913e+00
1.574942013384751371e+00
1.493110000459497266e+00
1.411685227482150085e+00
2.430609869741682694e+00
2.437375062563587935e+00
1.511901814077415418e+00
2.462280620553172206e+00
2.507478507345574315e+00
2.389602277842254097e+00
2.579469839183551549e+00
1.490037818419680971e+00
2.476752719422234517e+00
2.461611663926527527e+00
2.497203707459934474e+00
2.490560483074549136e+00
1.497222873415399835e+00
2.483808062448062071e+00
