1.480451266204424909e+00
1.503699593661382838e+00
2.513727713578536083e+00
1.483327754844640411e+00
2.535241025177990881e+00
3.399153422209846287e+00
2.503722793859976647e+00
2.499862012308843973e+00
2.472311957748435596e+00
1.469491691070667461e+00
1.538719687139317172e+00
2.407346284965616423e+00
2.488213802213401937e+00
1.500282084937132998e+00
2.515770884466440815e+00
2.494814189599372511e+00
1.543874766371734042e+00
1.473586278540661709e+00
2.514522283562707905e+00
1.474881995153706660e+00
2.478974243844850545e+00
2.462556729906293818e+00
2.528565223749131174e+00
2.435985339087707313e+00
1.509813242886127505e+00
1.522979132097088684e+00
2.501903363337729669e+00
2.484788125825827532e+00
2.486847589523446089e+00
2.451716067530654630e+00
2.497144445076994401e+00
2.442446831066260593e+00
2.486725297546185320e+00
1.565788713645414942e+00
1.498473124542171853e+00
1.508002270936412481e+00
2.481889239648453760e+00
2.459864619868319391e+00
2.472055683214430477e+00
2.459149990004182662e+00
1.497348209633308391e+00
2.463198917581915559e+00
2.433883700038410591e+00
2.444616842736961004e+00
2.531950143273751230e+00
1.537271200138531135e+00
2.473648888189843742e+00
2.463917064371500043e+00
1.496120092759669840e+00
1.526590297371940963e+00
1.499083037462227264e+00
1.464013372374201261e+00
2.462291868834001196e+00
2.458139412106630228e+00
2.516476288341380041e+00
2.442736898081342201e+00
2.470527703541171682e+00
1.527188144394452385e+00
1.441003831578555161e+00
2.445193449230461447e+00
2.504002718144915818e+00
1.519684479134853827e+00
1.450955808418797455e+00
1.502977402638452586e+00
1.439497903780879495e+00
3.453807400765135593e+00
2.531838145222995884e+00
3.440151409275868488e+00
1.497392804412922995e+00
1.462208066580469978e+00
1.525496816242917442e+00
2.453761785669476225e+00
1.499707781475708046e+00
2.497717264457238517e+00
2.481068208577123624e+00
2.520052090984135074e+00
1.525931778925687876e+00
1.480638221347958305e+00
1.563852189112459046e+00
2.499962587155549087e+00
1.506013580980428701e+00
2.445724922580700955e+00
2.486212479187399182e+00
1.470631182612265553e+00
2.502772817501606184e+00
1.486209125067871062e+00
2.463921688713448965e+00
1.483119329556665811e+00
1.437074102313978141e+00
2.496495690733362860e+00
1.526624520820862863e+00
2.502102367829976526e+00
2.516331733151133232e+00
1.467222787216083679e+00
2.477122014884986623e+00
3.446231780014930024e+00
1.490830873566449277e+00
1.508457416201009149e+00
1.508320176550259628e+00
2.532817480713774660e+00
