2.487361319321624631e+00
2.494164647568386517e+00
2.479223119160103295e+00
1.443629094287191439e+00
2.481018514388121154e+00
1.518975415493986070e+00
1.524529203147316325e+00
1.465685439036477078e+00
2.492036505890339537e+00
1.454120914312883928e+00
2.472725034572183844e+00
2.438442967065576727e+00
1.538243654978054709e+00
2.517030683147831738e+00
2.498442145728901220e+00
2.518155141449427870e+00
2.483882221034526161e+00
1.511073756083751718e+00
2.458694721188355636e+00
1.485768566375969657e+00
1.490257992877686011e+00
2.513628930060389344e+00
2.418620108834881322e+00
1.456328779822389841e+00
2.481473247622653311e+00
1.512374553993373727e+00
2.468874227318857084e+00
1.469660711005576159e+00
3.437535900407292289e+00
2.484859014936344312e+00
2.472351753863265333e+00
2.493612919506039027e+00
2.455764374846924003e+00
2.504825134665054964e+00
1.507494037413451116e+00
2.453461435986277639e+00
1.527938228942368637e+00
2.446458215434716532e+00
1.488243285899045976e+00
2.529194883482343670e+00
1.471805211750610409e+00
2.444511150260828103e+00
2.504512301547794362e+00
1.506423605889614104e+00
2.529910721002351703e+00
1.506784313077109694e+00
2.429018389903964348e+00
2.541324595456113666e+00
2.493592240812494421e+00
2.538172158134432532e+00
1.470310809138295038e+00
2.486271169444606244e+00
1.478335779674879058e+00
2.434138909199839773e+00
2.525172430241338084e+00
1.536151460919344292e+00
1.479514716187816825e+00
2.543660195477474684e+00
1.513860312661966079e+00
1.464741645622013699e+00
2.518220893050679976e+00
2.517077841130553217e+00
2.559435201137937987e+00
2.489408890025770926e+00
1.461867075554297513e+00
2.462456381249997328e+00
2.489842527001846495e+00
2.487295243716325821e+00
2.510291137626664337e+00
2.504129088960549865e+00
2.500902427021822305e+00
2.475298643527228393e+00
2.428346933938049901e+00
2.452129893717438947e+00
2.432493203927029501e+00
2.489280700395192891e+00
2.539651995567083098e+00
1.493358268431050462e+00
2.514806140787965383e+00
2.466047012961976925e+00
1.504614976730220599e+00
2.518921765680870450e+00
1.480489203275618060e+00
2.467720990718912155e+00
2.518296793679758228e+00
1.431639840806471442e+00
2.465876278527765031e+00
2.480470505891687605e+00
2.515892455421261165e+00
2.475461560042804265e+00
2.464353152990836016e+00
1.580425598557676503e+00
2.460202435025697909e+00
3.483667075970175553e+00
2.472556806129278861e+00
2.509264238835317240e+00
1.548914328908154836e+00
1.495482470893141791e+00
2.424497937249606938e+00
2.411464629521960834e+00
