1.526665340324032893e+00
2.434711361978912691e+00
2.488965069908765759e+00
1.469378513249329776e+00
2.481400832043056504e+00
2.538549831297882697e+00
2.561086308456992811e+00
2.486198646098691345e+00
1.522772595550320629e+00
1.452637164204464870e+00
1.439754538999613587e+00
2.425269844253300278e+00
2.506948086537445164e+00
2.466397983242504921e+00
2.463384193979014203e+00
2.484933501197965189e+00
2.506294927929777039e+00
2.424931109919422845e+00
1.520110654364535963e+00
1.519209813376287244e+00
2.493973890274026939e+00
2.467568634265890459e+00
1.469184812252122274e+00
2.459148135842618821e+00
1.461516754097789139e+00
2.428911551824632031e+00
1.510604443570057631e+00
1.481733002612161565e+00
1.446229332645693200e+00
2.571126618683278409e+00
1.499774967932959502e+00
1.501938281523257368e+00
1.465168429815941087e+00
2.476794151231355379e+00
2.413219736592588927e+00
2.456785736283912058e+00
2.481085496533286694e+00
2.543803619004831429e+00
2.448199153317649479e+00
2.488769457088200188e+00
2.422121429221250732e+00
1.466603081855788249e+00
2.520970162227365474e+00
2.438263204019581298e+00
2.523610645498816307e+00
2.384540285018422523e+00
2.506220003401566032e+00
2.469639707546966712e+00
1.456107141387111170e+00
1.441234449068260259e+00
2.431870629543341877e+00
2.473704905392330122e+00
2.501041141551553437e+00
2.397867066811066650e+00
1.470035940796026619e+00
2.469457287892685482e+00
2.468666942905067607e+00
1.471455260779507723e+00
2.474474594221829360e+00
1.541405218464630744e+00
2.488311857288072027e+00
1.466038664328710439e+00
2.514431283627813318e+00
1.461759005697133462e+00
3.436132548297198941e+00
2.568189974856430524e+00
2.432662069206683153e+00
2.481081034788753747e+00
1.484051859696129627e+00
2.560870768338002534e+00
1.489857654373977214e+00
2.458126839574197309e+00
2.425149603832902567e+00
2.452303246462657516e+00
2.491057392605259491e+00
2.460336295071251289e+00
1.495473432314422535e+00
2.551262442353086080e+00
2.433657210026572315e+00
2.476603032254408809e+00
2.427982079482975841e+00
2.486830107060459483e+00
1.476326508446142993e+00
2.529270291359906775e+00
2.477650649668939664e+00
2.452636099978350526e+00
2.508925377571558535e+00
1.543726669655766104e+00
2.486304385471622247e+00
1.426111804019352558e+00
1.448148279037118291e+00
1.453261481142272826e+00
2.504927221861065423e+00
2.518236899316902200e+00
2.478151569408675314e+00
1.460897508108333964e+00
1.486786403633221898e+00
2.572459056068560290e+00
1.564170522873222557e+00
2.546076922549131538e+00
