2.443486031413780957e+00
2.456412999000121111e+00
2.529043634435641508e+00
2.493068723132085385e+00
2.463456402825776603e+00
2.409876615866390903e+00
2.498571413189486279e+00
2.499651794821241335e+00
2.566998225367548514e+00
2.493028868238723383e+00
1.519041845324487161e+00
2.491702137208163581e+00
2.435299275501687788e+00
1.453893006844698244e+00
1.509427012237387178e+00
2.435596596033527739e+00
1.473957111397546926e+00
2.542035175034039973e+00
1.486620496112404988e+00
1.493265966389687893e+00
2.521096974630693932e+00
1.483343881448432766e+00
2.511437886230753591e+00
2.506455254220610662e+00
2.434233629647129860e+00
1.500386199265119735e+00
3.533319792314949748e+00
2.453317213788072326e+00
1.428656331568440407e+00
2.564876503832962396e+00
2.468423131015240912e+00
2.471462676214471799e+00
2.541616245156902654e+00
2.505482943055616918e+00
2.496223666613085257e+00
1.439757717032921436e+00
2.453408155658046041e+00
2.543292765777972697e+00
2.491723857069014780e+00
1.493972348199130717e+00
1.472167649423336000e+00
1.467039567505121100e+00
2.520069465630698335e+00
1.543541482440584200e+00
1.433163685127582410e+00
2.498001117003506799e+00
2.501473731587451343e+00
2.507516087077025446e+00
2.489645499882850554e+00
2.455075553161404578e+00
2.538780221095608525e+00
2.481127640623555841e+00
2.425278351844522895e+00
2.483852131822936737e+00
2.503823781950700322e+00
1.446765978941194630e+00
2.459643290061978238e+00
1.508242407842446120e+00
2.475503838520624722e+00
2.486192956061656911e+00
2.529136750242207299e+00
2.485105770661455438e+00
1.456427955491602866e+00
2.505573003271504895e+00
2.529498731684993285e+00
3.432609615277361748e+00
1.499721354593137379e+00
1.494794387404454694e+00
1.506793850539005053e+00
1.454231383191340710e+00
3.471677075115915390e+00
2.467908230588960805e+00
2.524170192106244048e+00
2.533942804090768774e+00
2.508381447511039752e+00
2.482157218689452716e+00
1.477417695561005218e+00
1.517283980243203878e+00
2.505072863364348645e+00
1.496832709524977822e+00
2.443223052138328022e+00
2.484353332816879423e+00
1.552606221972070211e+00
2.528218793871377823e+00
1.536797089823330076e+00
2.491037994293692215e+00
1.531168147520976408e+00
1.519642119775576727e+00
2.532748177312862392e+00
2.524066860919921051e+00
1.507021065212699851e+00
2.519461316148005725e+00
3.442274632249985533e+00
1.561734999893301223e+00
2.442539491387669681e+00
2.495817432731467278e+00
2.545812611170122697e+00
1.510987033219749698e+00
2.442081363387390791e+00
1.574848956559904867e+00
