2.524631384590037442e+00
1.477822744052616377e+00
1.474333300974623340e+00
1.510498138704499338e+00
2.487290723259236724e+00
1.532580440336632543e+00
2.513336139334879427e+00
2.443764018503612689e+00
2.483297975094866938e+00
2.483586974690522364e+00
2.511796176112221168e+00
2.491191425122127434e+00
2.491748330303761971e+00
2.513999296100968728e+00
1.502885702789245714e+00
2.561880629881521987e+00
2.532928861844698343e+00
2.425240620508982037e+00
1.473160691002777911e+00
2.487747657333133411e+00
2.471201821272244636e+00
1.522642197157607846e+00
2.483371106024636177e+00
1.444557041526986607e+00
2.558811627676043532e+00
1.483486692268437324e+00
2.483705553385076037e+00
2.465404042950468444e+00
1.478718640909844506e+00
1.477460116537849144e+00
2.439349431013060787e+00
2.525314383011543651e+00
1.511828255852457836e+00
2.541119378680005259e+00
2.456614541852655709e+00
2.454773938176379566e+00
1.488281918804680970e+00
1.495745127924905438e+00
2.406072182823684180e+00
1.499771802600828208e+00
2.520092031671256283e+00
2.429343295311858331e+00
1.477314574314635864e+00
3.476772268175422287e+00
2.560878877917087681e+00
1.542564268326279242e+00
1.504735171432139973e+00
1.473666912283549291e+00
1.501440535218133698e+00
2.463901291444562602e+00
1.514142178367871683e+00
2.517670902276575084e+00
1.418002237029440504e+00
2.475405682380925398e+00
2.475654305710222047e+00
2.448023432343874539e+00
1.479018163877337422e+00
1.458706700853376947e+00
1.553790483205159445e+00
1.466548089549400302e+00
1.527851302609923634e+00
1.448983931427611394e+00
2.491466548597357722e+00
2.443963782260756723e+00
2.438938012220372542e+00
1.514933643069426905e+00
2.441119590602650380e+00
1.449001019121064493e+00
1.514130817396094786e+00
2.462483008187771105e+00
2.446330072621568874e+00
1.453360135802336917e+00
2.474252051549206577e+00
2.442900807664020846e+00
1.498266229745573996e+00
1.455256688612760696e+00
2.427051251298744994e+00
1.559296443583281899e+00
2.543715076740219683e+00
1.484328450475606909e+00
2.440428913854340465e+00
2.473384420978804510e+00
2.451610157637303278e+00
2.473092607650264618e+00
1.454206292106468457e+00
2.495716445382766491e+00
1.489717055847055383e+00
2.439943013326292487e+00
1.478976689255855348e+00
1.508406202722626821e+00
1.521017660546929884e+00
2.457232127762718044e+00
2.476508314893786089e+00
2.493243309741536518e+00
2.431323428875798331e+00
2.438176769173847624e+00
2.508378189302835182e+00
2.486745623392847548e+00
1.468585259350154937e+00
2.531696362217999763e+00
