1.478855378035142998e+00
1.536623312406446562e+00
1.488081958048795395e+00
1.488341316227208333e+00
1.453783732184725785e+00
2.445419191608579013e+00
1.569891853286816241e+00
2.478119237163619371e+00
3.454752586483200716e+00
1.527467807584076187e+00
3.401253709715613471e+00
1.517825509404725493e+00
2.548038213274385733e+00
1.476522789362493482e+00
2.487584620368704869e+00
2.481982591954980499e+00
2.468006473259154454e+00
2.462399392713332968e+00
2.545006262497999661e+00
1.493054195335024259e+00
1.515771136902551941e+00
2.440205929160782716e+00
2.493370163141564344e+00
2.436528220895048058e+00
1.498380186814331605e+00
2.524786226957143942e+00
2.502865389446479405e+00
1.520017271315955654e+00
2.500728625384558423e+00
1.478125776754656062e+00
1.475822671455956803e+00
2.491348586466041404e+00
2.463403678118894380e+00
2.449031707938014168e+00
2.458782443280965069e+00
2.422160142767876501e+00
2.527234839051802684e+00
1.516792563465327204e+00
2.473354826348803659e+00
1.514207398779874314e+00
2.497238522669911642e+00
1.469659987887277808e+00
1.453073060109095316e+00
1.461328761205611171e+00
1.439492759992708759e+00
1.427491712946687530e+00
1.516727321186850830e+00
1.469004907498824286e+00
1.517248378093458250e+00
2.529141461221098286e+00
2.439803848916899387e+00
1.499143246347337310e+00
2.468846972112762828e+00
1.502192620244629628e+00
2.487854913702141957e+00
2.456105378142513729e+00
2.494508382617396602e+00
2.599013561734085265e+00
1.498092856378510751e+00
2.443312306724010341e+00
2.505749757361288133e+00
2.460947985934533122e+00
2.462059602298224625e+00
1.498984629626996634e+00
1.507755883889796644e+00
1.501769324423957386e+00
1.441946879937215931e+00
2.447421644963212017e+00
2.459077894055264668e+00
2.474862950743172973e+00
1.528803944846005569e+00
2.452045703994662595e+00
2.497362842926102999e+00
1.534433420774980572e+00
1.548719261273941328e+00
1.446362989090297813e+00
2.559936598373735883e+00
2.495150583227754737e+00
2.500790843046145184e+00
2.523467500146356013e+00
2.527626516804325263e+00
1.463383718763404229e+00
2.467825098072716106e+00
2.511248195520388915e+00
2.441016708314714290e+00
2.497300047371430853e+00
2.498101846745499177e+00
2.532358477365767246e+00
1.500035813417589958e+00
2.474284909952850775e+00
1.471126137208046414e+00
1.505881984312066102e+00
2.510157133702620502e+00
2.411783546035851877e+00
2.540735858190087182e+00
2.475492708971175571e+00
1.478510137316963347e+00
1.467349201122412294e+00
2.580239006348336694e+00
1.480432821530578202e+00
