2.512022790842938669e+00
1.542202631553139192e+00
2.415089241635616446e+00
1.454563963790794112e+00
1.432385768875892751e+00
1.494655902715042117e+00
1.490874108212923987e+00
1.455341870170819174e+00
2.454873041408617951e+00
1.421713612034469998e+00
2.446804778673267844e+00
1.502467355820127803e+00
1.476706484648532491e+00
2.520996356429355600e+00
3.449423463330557382e+00
2.499902780526400026e+00
1.498058085033616926e+00
1.513692596645612731e+00
2.474400478386578950e+00
1.486769941100329673e+00
2.535116069304914621e+00
2.473996051163397158e+00
2.520358849363391940e+00
2.497924159648762021e+00
2.420519656540784048e+00
2.446515402740236933e+00
2.566151479709011252e+00
2.464130735467238598e+00
2.496751940286923155e+00
2.446714219384188649e+00
1.483376981003603712e+00
2.493048971982302131e+00
1.459570945262837149e+00
2.492252414536233918e+00
1.438969367326282223e+00
1.428640414991100061e+00
2.523116835478739439e+00
2.472542314615910897e+00
1.480934906220423120e+00
2.470017413808085927e+00
1.510377602139402642e+00
2.519075830740671318e+00
2.544301445091377900e+00
2.467485976934893355e+00
1.480664404803952339e+00
1.501941642091552120e+00
2.482865191542396932e+00
2.514435356467846994e+00
2.501006146829309884e+00
1.466944901439605875e+00
1.467554584005950513e+00
2.517602452453035600e+00
1.522972809227264968e+00
2.506948963939614305e+00
2.450461293976192501e+00
2.426285224658739192e+00
1.486165874164788292e+00
3.439710444511963949e+00
2.469364861775440012e+00
2.490344302779267327e+00
2.472530661446157296e+00
2.465868672181908750e+00
2.461522702577866095e+00
2.498995426917281382e+00
2.504084396299165238e+00
1.488185368147804555e+00
1.476530182997923601e+00
2.449908578586041052e+00
2.458655088897260477e+00
2.503434235362375748e+00
1.520381544808557583e+00
2.524693013985111367e+00
1.447845948112992609e+00
2.470495973177818883e+00
2.508940985886509711e+00
2.487831027229966185e+00
1.487767748486292119e+00
2.501306399868505448e+00
2.458342708917290231e+00
1.479991372298663954e+00
2.429645440868425599e+00
2.491668552033637685e+00
2.563221357035765369e+00
1.519716451937957791e+00
1.464887051530647799e+00
1.533767204620646973e+00
2.377816356320358704e+00
1.554208194260674691e+00
2.554866035112679068e+00
1.494325049976839681e+00
2.485408726206540742e+00
2.510907111645813039e+00
1.525094752387368580e+00
2.451129281260373549e+00
2.436376637295940117e+00
2.460403732294613288e+00
1.472445123504137587e+00
2.451503491095637699e+00
2.480878156495295972e+00
1.514733793372056159e+00
