2.467786595786273907e+00
2.495719274233919815e+00
1.462476506668781040e+00
1.454695110098539468e+00
2.465503181755087869e+00
2.455746982628141950e+00
3.457056431889685033e+00
1.479097496732037165e+00
2.454875690645570874e+00
1.478218472321669585e+00
1.506240055949928047e+00
2.476245146036589961e+00
2.526629347440211060e+00
2.476397039859734583e+00
2.489212779027772271e+00
2.556474973279926122e+00
1.504604476144452585e+00
1.493367003170562590e+00
2.540979919722321068e+00
1.457503171617863025e+00
1.499076948533405451e+00
1.472117375062326872e+00
2.488785873468713383e+00
2.488933345085712734e+00
2.529939687456175257e+00
1.463863935486599210e+00
2.558663162080403009e+00
1.519875717068100984e+00
2.536867089160459887e+00
2.478207235197631420e+00
2.498001666876048077e+00
2.489914460501442051e+00
2.485853558645449102e+00
1.461320386208542876e+00
2.460071702026835005e+00
2.453079113168867842e+00
2.544777080106026101e+00
2.496138576751333105e+00
2.496134814265422719e+00
2.449295668362041045e+00
1.526856319337703605e+00
1.494730682145923639e+00
1.502414330756295602e+00
2.391719355554819515e+00
1.485263403424251782e+00
2.507943530019651757e+00
1.441058969107877230e+00
1.532789456739310996e+00
1.498426273642072815e+00
1.510094112061717064e+00
2.420700421879531383e+00
2.440521547189579366e+00
2.454029126522891513e+00
1.489806906022846489e+00
1.458206261812982296e+00
2.515062300398534845e+00
2.475175805798603079e+00
2.435579021091021978e+00
1.522726898313873978e+00
2.448043431739160170e+00
2.545348311654675122e+00
1.454161439481068019e+00
1.485933834309071777e+00
1.453984103230712810e+00
2.442221505652343083e+00
2.476609829738954272e+00
2.468861243851238729e+00
2.491138328745996056e+00
2.454057916364884129e+00
2.462922323284658876e+00
1.534781568098831261e+00
2.484054583772330904e+00
2.493203522215927226e+00
1.485734342379060768e+00
2.490769687129626320e+00
1.486254497827509624e+00
1.520057021222660065e+00
2.547065974925180498e+00
2.474208757753102894e+00
2.427692777817478387e+00
2.450829059737857918e+00
1.448721880212966440e+00
2.472141976523603901e+00
1.504160063080468346e+00
2.566993013578992233e+00
2.512568542213723610e+00
1.441526176844508234e+00
2.542633435234243233e+00
2.489383694605102004e+00
1.528184461618842471e+00
2.491108697268132222e+00
2.460073460525867617e+00
2.452754987659883312e+00
2.446049426661325299e+00
1.483119543710956556e+00
2.392513664718309396e+00
2.507244327061466382e+00
2.479146041585203797e+00
2.466043503139287996e+00
2.484098149767817176e+00
