2.452419454617365435e+00
2.458491366292221425e+00
2.501714961887972599e+00
2.521170614708698299e+00
2.433810233165059067e+00
2.441701685497470464e+00
2.538319799813641087e+00
1.489493880805985437e+00
1.483980983053972746e+00
1.511995690594739372e+00
1.488480362361808140e+00
1.503667809858080462e+00
2.455164051705247541e+00
1.514070376350842517e+00
2.485457120811674692e+00
2.481787456035053907e+00
2.528334735869665284e+00
2.549769813988136846e+00
2.542872264664948201e+00
1.491485936437509707e+00
1.501569619286629687e+00
2.464893571068061284e+00
2.449333342810213754e+00
2.461916803016511945e+00
1.448726243719442808e+00
2.469462074438849353e+00
2.466063894451475225e+00
1.484567114182301584e+00
2.513026057685048720e+00
2.494827060286310960e+00
2.552930024203797998e+00
1.435295608858322414e+00
1.482903709910770917e+00
2.441746014876328807e+00
2.416124644966396673e+00
1.456162975644723856e+00
2.466272744369502057e+00
2.425722475560197822e+00
2.517369967143761045e+00
2.467697493601595848e+00
2.493834957498809235e+00
2.593559749407035042e+00
2.533284750296193266e+00
2.524453952404138501e+00
2.478747166417785586e+00
2.497742498945139111e+00
2.447097627256804131e+00
2.541119178762814457e+00
1.485503228947492094e+00
1.502022101212884042e+00
1.537269901381645099e+00
1.473869754487102668e+00
1.501257923965682028e+00
1.541264686528804218e+00
2.505519451873897019e+00
1.480622252584216758e+00
2.478134881212211926e+00
2.438492392935254660e+00
2.492418567182375977e+00
2.468826765631739750e+00
1.486436813597579842e+00
2.481184296120132693e+00
1.471895879634057991e+00
1.507474627487668251e+00
2.457419284846291241e+00
1.525507228101301127e+00
2.407038554938011554e+00
2.465317116990736412e+00
1.490057806294232678e+00
2.511946604488887402e+00
2.429332084523525559e+00
2.516128958798303117e+00
2.497890687931157316e+00
2.499226486112343437e+00
2.486864706219156229e+00
2.454941789867974400e+00
1.484038086710522952e+00
2.478998136469003466e+00
2.563401356319782831e+00
1.431061940693468371e+00
2.426133005641556650e+00
1.478478225470929885e+00
2.447425012005857603e+00
2.445270514009779461e+00
1.438620544721457728e+00
2.432076192091186861e+00
2.489609069158845944e+00
2.491125256861121962e+00
2.525443812068244309e+00
1.476111940782912635e+00
1.521353647952007782e+00
2.507491141970553894e+00
2.476526555249501271e+00
2.461877921444172390e+00
2.428239315359761452e+00
2.519013222490602999e+00
1.520260150591271398e+00
2.489012238680349487e+00
2.550659660808039408e+00
1.481947730119989037e+00
