1.473420599162429845e+00
1.423037954293064011e+00
2.472543595315796594e+00
2.478734792399993392e+00
1.522361701030706449e+00
2.507448455709935242e+00
2.559103753206838139e+00
1.434436810523607608e+00
1.489934922019424901e+00
1.463881274864561988e+00
1.548575777472672499e+00
2.460139623400275699e+00
1.467283939614494104e+00
1.452448530802390447e+00
2.476309649570756832e+00
2.454300123854852078e+00
1.471536321916525170e+00
2.482993874674484847e+00
2.497041366058163181e+00
1.501275744161010728e+00
1.524619491662527304e+00
2.465071011679219382e+00
2.512630745713587910e+00
2.411517895348612939e+00
1.552374764156855491e+00
2.428664992578517534e+00
2.498602564496073430e+00
2.468965893992086436e+00
2.473674806844244678e+00
2.485207795117965190e+00
2.575103235688650294e+00
2.458342353389315615e+00
2.455854525843152558e+00
2.456843622837023400e+00
2.409664546592870327e+00
1.487111289965260985e+00
2.471688114464039909e+00
1.485038855334364305e+00
2.401232983915248642e+00
2.487497455872629271e+00
2.493989640664916685e+00
2.466524151894315064e+00
2.458505667186972499e+00
1.483906125152702371e+00
2.465780648268032671e+00
1.465769285758355744e+00
2.504068405583361745e+00
1.484030720795054714e+00
2.506519653581010587e+00
2.502003398764633957e+00
1.472722501582639287e+00
1.461196922834278489e+00
2.440648893882765957e+00
2.499622499808473730e+00
2.485971207876032096e+00
1.481848674015489031e+00
2.468618219223892574e+00
2.450533042280243823e+00
1.506860005207267594e+00
2.493649097834458317e+00
1.533528966772415014e+00
1.493626346024056861e+00
2.562514515717452923e+00
1.509151034352835818e+00
2.494187273205400235e+00
2.493999245729977776e+00
2.526519812921248942e+00
2.513330403031502680e+00
2.475023439930078784e+00
1.449825140582160499e+00
1.492952867697314501e+00
2.537397875714488826e+00
1.481629885268471947e+00
2.502301421145032734e+00
1.482016005831610750e+00
2.576249884979188387e+00
2.515664132356004945e+00
1.464027808475742320e+00
1.483393633825491609e+00
1.501792598067855034e+00
2.420946219867226912e+00
1.459860021302866073e+00
2.441056043170183543e+00
1.497924125304157528e+00
2.449126398376486158e+00
1.491994983256734963e+00
1.471796644434220314e+00
2.449021546836041008e+00
2.589404584979488000e+00
2.466355356848900726e+00
2.463944783361159185e+00
1.483955521052261695e+00
2.467704828569461828e+00
2.401272175028825728e+00
2.481689205135697129e+00
2.511887822520779245e+00
2.510946764899524730e+00
2.501586264336724597e+00
2.539956645854881678e+00
1.492463339080755791e+00
