2.492289964587332207e+00
2.485692797999135006e+00
1.515990038552570862e+00
2.442008241926702183e+00
2.427516958995708407e+00
1.499583093560507008e+00
2.533980806087268167e+00
1.473417231716705356e+00
1.476887637322783720e+00
2.457246932652863869e+00
2.413318272407231735e+00
2.442539276713887375e+00
2.509570363827982931e+00
2.529123235800635250e+00
2.493542402428718940e+00
2.514055248470703496e+00
1.486811550399499415e+00
1.469183095367465386e+00
1.486176059164543206e+00
2.477067938703546357e+00
2.500989425607130112e+00
2.450091231655777690e+00
3.491929539848901420e+00
1.480001417552867737e+00
2.505582409559457435e+00
2.493760136417631834e+00
2.475025898851586525e+00
1.495968843052402741e+00
2.474706781293368518e+00
2.450614399255826470e+00
2.458786721743456472e+00
1.440153050969177784e+00
2.497940475896129886e+00
2.466410016525912852e+00
2.454780503728997143e+00
2.526755262947871561e+00
1.537801924205204784e+00
1.500392855540542802e+00
2.498376932986243304e+00
1.509608000092334867e+00
2.449895733843665990e+00
1.490971732724112986e+00
1.515705806685274437e+00
1.518344265495377821e+00
1.520887774634884337e+00
2.508967482864356224e+00
2.448216654545323223e+00
3.488801203896512160e+00
2.503332276859890904e+00
1.540825145878223390e+00
1.485040095627419898e+00
1.475299007179269539e+00
2.435386195835146150e+00
1.459165209256424678e+00
2.448464378287347198e+00
2.455656086787302517e+00
2.481400226130724640e+00
2.518465876531239100e+00
2.466581090974422352e+00
1.495793074879867346e+00
2.496382369078459007e+00
1.538809355861982198e+00
2.462190926444800976e+00
1.506599652769335496e+00
1.473173798559983982e+00
1.488442495838403712e+00
1.423072535337883249e+00
2.464366483058856083e+00
2.415502410990049587e+00
1.489697434222214900e+00
1.431275118019892822e+00
2.463205444452600812e+00
1.444334758478111214e+00
2.494248473901788721e+00
2.454430872683404097e+00
1.472286992144822060e+00
2.507337321366874594e+00
1.480571083583981817e+00
1.499239596612589764e+00
2.481379603936510136e+00
2.542829681260710739e+00
1.469147345588261100e+00
2.477296166647453113e+00
2.468896649823477230e+00
2.510392156883471948e+00
2.554244066436066163e+00
2.557346050869553356e+00
1.487516067259022634e+00
1.499118588297878363e+00
1.474099561413604764e+00
2.459378511057928485e+00
2.469159505971757262e+00
1.494038229921364813e+00
2.435583201606258186e+00
2.444821951400742321e+00
1.535236224295959628e+00
2.471274234407979442e+00
2.449460855677047189e+00
2.463232717483499368e+00
2.410873963612360171e+00
