1.478403988445287087e+00
2.477217221753882814e+00
2.479154549130307750e+00
2.506018716400205015e+00
1.529950261728654004e+00
1.503504531131281796e+00
2.490371704996191760e+00
2.542653052677209313e+00
1.525980039687871548e+00
1.486711498610740145e+00
2.522756397226280978e+00
2.513962735353544531e+00
3.455683881818827796e+00
1.480248864025473399e+00
1.536860295228348328e+00
1.532246455185849454e+00
2.459930122352265158e+00
2.446696593013557131e+00
1.452467481403574956e+00
1.497536561726698245e+00
1.497013108627255784e+00
2.456294579774217279e+00
1.526317140741590084e+00
1.480462948561477976e+00
2.508656853674013032e+00
2.491245784021415943e+00
2.474794371288151495e+00
2.551929496818516441e+00
1.479251834267176324e+00
1.453688908007209291e+00
2.470759659803828168e+00
2.501900455807178680e+00
1.537082191575158685e+00
2.440787748492393217e+00
2.487450980319952709e+00
1.492708887756874159e+00
1.492683034539127540e+00
2.486580106291055081e+00
2.479554645696375292e+00
2.425387615232913241e+00
2.652921856480749074e+00
2.465833952339574697e+00
1.489149767413337377e+00
2.503011834958390747e+00
2.533261205047765863e+00
2.512858283444726837e+00
1.501841358534836690e+00
2.411872088938423975e+00
2.505052807123393510e+00
2.485178189792222714e+00
2.504252152386283736e+00
2.450892749926576020e+00
1.444078120679532784e+00
2.491648831421907850e+00
2.441309705739538316e+00
1.493223608766854227e+00
2.420934263507181772e+00
1.477220077326344194e+00
2.482965280070234204e+00
1.484705333000192695e+00
1.513389355749146903e+00
2.458370040724809691e+00
2.463985708984186118e+00
1.483675925640412396e+00
2.526362491339859240e+00
2.570181701091406534e+00
2.438803147969458074e+00
1.505380774170199221e+00
2.457379985632050623e+00
2.473816149052027402e+00
1.479281281062877262e+00
2.417380756229044358e+00
2.475365356148876206e+00
1.536570604684331931e+00
2.474716680637279342e+00
2.517322183792798818e+00
1.486539317746707223e+00
1.511376548358190908e+00
2.514355764998000620e+00
1.568961140157916434e+00
2.470151417940841032e+00
2.500793930979850810e+00
1.487210444865013859e+00
1.523687908126436064e+00
1.497685077056089886e+00
2.484282596829751721e+00
1.504809210971368438e+00
2.492249429262535454e+00
2.415077194169850117e+00
2.462880405408905293e+00
2.416210303272245508e+00
1.468612968330367252e+00
2.412270595081718039e+00
1.478942599795348478e+00
2.514620723068903718e+00
2.504206541463210645e+00
2.487270184833188402e+00
3.543597985516432569e+00
2.448048212197590612e+00
1.474373737675006790e+00
