2.514294972133573669e+00
1.479611029878004080e+00
2.515987710418136292e+00
2.464705788223513938e+00
1.510243937717492102e+00
2.454290143297221949e+00
1.484981675321289885e+00
2.461302030389238116e+00
1.482918312184053899e+00
2.504520886971409066e+00
2.438738549872677908e+00
1.501260539960963980e+00
2.469968635371047938e+00
2.406954533118903061e+00
2.481855470248715001e+00
1.502573997161626318e+00
2.458411132725447423e+00
2.491598784576412484e+00
2.463712617462729959e+00
2.508512127481790532e+00
2.551524507935896580e+00
1.504695711923206947e+00
2.437324831887971222e+00
2.475500251519855421e+00
2.476359813958494804e+00
2.490365723253377350e+00
2.493790748298113424e+00
2.509240419397843702e+00
1.492368148959535512e+00
2.497372121884643192e+00
2.524690343343185539e+00
1.493601763547015571e+00
1.593700870795383917e+00
2.471552609164111125e+00
2.433683746180661522e+00
2.512261385697941218e+00
1.504833156639987513e+00
1.470771804788119308e+00
1.455210071965341578e+00
2.453359701808721649e+00
2.451280090623840113e+00
1.533202767914048303e+00
1.522669681538440400e+00
1.528284761977414474e+00
2.510361922873944440e+00
2.471511209332847958e+00
2.477339163469657546e+00
1.490640056898990151e+00
2.482572005250894165e+00
1.521798349389021476e+00
2.526146574941489753e+00
2.521425527756428586e+00
1.503809584639326680e+00
2.479910958466904791e+00
1.515234658904380582e+00
2.439498001050608877e+00
2.513029809527663083e+00
1.511601610518394256e+00
1.499195552396382247e+00
2.422253114319707912e+00
1.493536281752555706e+00
2.433176180376004805e+00
1.491009272619017390e+00
2.479199828156332774e+00
2.479652872716525902e+00
2.424242287111277427e+00
2.474757626519510811e+00
2.398720767694285438e+00
2.500416261678867880e+00
2.481337957121765303e+00
2.499047207727822073e+00
1.466837357576454171e+00
2.495710435542490835e+00
2.488607428439717495e+00
2.497140996204977093e+00
1.463799953299259604e+00
2.470825458362792659e+00
2.459320980941879231e+00
2.452439278839077641e+00
1.464025509251051460e+00
2.515338999015672261e+00
1.429511040729951610e+00
1.484416126628577803e+00
2.471781553456303016e+00
1.551835931779533828e+00
1.470471309994608067e+00
1.503209253483614782e+00
2.474106987662000101e+00
2.489727947392672114e+00
1.502006243157202547e+00
1.510804639737786115e+00
1.523493320931413431e+00
2.474467473566410280e+00
2.465190506073925647e+00
2.500994463946318191e+00
1.497233278386838951e+00
2.496607465928100567e+00
2.438576760168331692e+00
2.497073770854789654e+00
1.463114097436958083e+00
