1.496604415182292369e+00
2.472121601664328150e+00
1.549568314810082725e+00
2.472583422439843748e+00
1.499871047811277780e+00
3.477478361221237435e+00
1.510372451417679063e+00
2.469288149097351504e+00
2.495275559544536836e+00
1.510866606669460932e+00
2.446957641915659121e+00
1.519971697322218152e+00
1.462033267001367598e+00
2.460869206544351151e+00
2.456037987743515227e+00
1.495625357326771487e+00
2.520127103281406544e+00
2.466085626384176166e+00
2.461144870128283202e+00
1.492738320214465730e+00
1.509255843475973080e+00
1.458625974384825774e+00
2.412526332462859635e+00
2.480974577218788557e+00
2.437947300377886872e+00
2.477254279701511130e+00
2.441809514074626986e+00
1.506389058716825158e+00
1.507084145608213133e+00
1.515293294490406950e+00
1.466026763090607643e+00
2.546302045162431860e+00
1.520890612614127502e+00
1.472641957659813539e+00
1.468426887846284723e+00
1.533159444074264854e+00
2.565706564254866429e+00
2.401893851041088990e+00
2.493913415545246259e+00
2.513637279209158137e+00
2.502285037644497390e+00
2.546924303259232580e+00
3.465181328480170020e+00
1.433058547101631941e+00
1.453551443782201691e+00
2.498446454008751427e+00
1.496792044564593471e+00
2.451521834892041785e+00
2.447007646463164932e+00
1.510242542669556931e+00
1.498521078788957128e+00
2.495418365644050507e+00
2.538857681603850835e+00
1.528219665509432446e+00
2.553684001166480755e+00
1.452102349649569746e+00
2.534088833825236531e+00
2.478446831304697007e+00
1.501193794173086626e+00
1.512512402114255083e+00
2.468198082868275467e+00
2.476022637306064755e+00
2.474178812833976782e+00
2.471294942300513497e+00
2.459331469044010010e+00
2.492288412986814361e+00
1.504977814304584882e+00
1.531478653303047999e+00
2.463414795056629636e+00
2.448126128564875881e+00
1.496237410360330200e+00
2.514818681054779237e+00
1.453012199581460662e+00
2.494327633650676557e+00
2.526746966407769968e+00
2.454388266269532437e+00
2.418632026212095720e+00
2.522888291583365028e+00
2.468590234690875018e+00
1.536634243824416712e+00
1.499720829573819358e+00
1.450088933407395198e+00
2.485429883059464551e+00
2.506028587964987064e+00
1.508438796087439249e+00
1.521133115396726909e+00
2.501119424485630294e+00
2.479656898847754753e+00
2.499348330505982041e+00
2.474198962054556805e+00
1.458007996051913002e+00
2.464691987370875914e+00
1.489105570539892343e+00
1.465269439834294918e+00
2.489195747577470641e+00
2.413098916576716046e+00
1.482997743346998964e+00
2.491705543458888172e+00
1.537341281112195812e+00
1.456245804560261758e+00
