1.468218501739917636e+00
2.476617746670898956e+00
2.476625719393487302e+00
1.518229585634407242e+00
2.537593211823720107e+00
1.499325880548277423e+00
2.489987316023635877e+00
2.491539632548665839e+00
1.499175606285312323e+00
2.455565844168196676e+00
2.466066986218832024e+00
1.498644865383986780e+00
1.424260609446425851e+00
2.523811826154340743e+00
1.472067287742084174e+00
1.516850186797080946e+00
2.477878384042259796e+00
2.462190058746454469e+00
2.418574384901258867e+00
1.497083725859328585e+00
2.404170021169560467e+00
1.506890303690192834e+00
1.478623964465449303e+00
2.501375331394926960e+00
1.520129897808352393e+00
2.433715553460356951e+00
2.575424297579765209e+00
2.497035870645265554e+00
1.549650625316362218e+00
1.471121470515063479e+00
1.445737599407000751e+00
1.544742432345870942e+00
1.490404265550083762e+00
1.471463883379243942e+00
1.482920790593570626e+00
2.476039027779053825e+00
1.471414817904673544e+00
2.468382154298663256e+00
1.485612258307628109e+00
1.483666893744758353e+00
1.494140594355156670e+00
1.537689195382738516e+00
2.495033177860622065e+00
1.478430945212596326e+00
2.501149904967468807e+00
1.502809373101060109e+00
2.469642135711387798e+00
2.448725575815900779e+00
2.468773689917531211e+00
2.437338785743232261e+00
2.462158693455958502e+00
2.550270636912948419e+00
1.502037876525507132e+00
1.470493534598801944e+00
2.468074329631785968e+00
2.476181535416124291e+00
2.514416065143026291e+00
2.431850336612843666e+00
1.475131397573291592e+00
2.420994159017816560e+00
2.429524094699309966e+00
1.485847918953559832e+00
2.472807475646279673e+00
1.547829806806648723e+00
1.532731524627342523e+00
2.501561722808783195e+00
1.460690065748373900e+00
1.500636341806654839e+00
2.511703937760468630e+00
1.472637829536909360e+00
2.506100083549197777e+00
1.510083219412975186e+00
2.479866499448450945e+00
1.493579215572752084e+00
2.481167018946520919e+00
1.498162751463657960e+00
2.468916442848343440e+00
2.507890452140161042e+00
1.510036572713566727e+00
2.455660207999577516e+00
1.504990537011978491e+00
2.512537753648165673e+00
3.456794564682377224e+00
2.509124070685472496e+00
2.500023348986984750e+00
2.460088905371920820e+00
1.508827040308162282e+00
1.519573014140044531e+00
2.488976915439496729e+00
2.385383387638853936e+00
2.515444386111086672e+00
2.472564352568784152e+00
2.480985752254620813e+00
2.488226908027035389e+00
2.467635718400950307e+00
1.536828712894034332e+00
2.489404169214512130e+00
2.450058181796021195e+00
2.510788575976349524e+00
2.556591054280644482e+00
