1.499888074063789434e+00
2.501505221641440180e+00
2.454297913735740799e+00
1.438865419437593829e+00
1.471692984832708051e+00
1.462997113762127599e+00
2.487808986565966496e+00
1.471308412293748535e+00
1.529865099746287038e+00
2.469337264999658554e+00
1.507495821705689298e+00
2.554593138378266293e+00
1.464411892886767097e+00
2.523272397243435883e+00
2.458923015824707736e+00
2.475282419379077226e+00
2.487982343966939514e+00
2.467896913774118683e+00
1.493560114113751114e+00
1.496453965301891564e+00
1.471969821350808116e+00
2.539025706616501399e+00
2.535868647812108190e+00
2.469806234155394797e+00
2.456332422894325518e+00
1.538037061404821548e+00
3.282291537126780234e+00
1.485956180622838074e+00
1.517512293630566944e+00
2.531079513522711988e+00
2.503778826264376534e+00
2.481366783198451387e+00
2.522241643622625151e+00
1.496846136310996611e+00
2.537867669853656416e+00
1.537439072246801208e+00
1.484872570176562601e+00
2.476151896023495169e+00
1.489211388118971913e+00
2.511969255677631629e+00
3.547767471257318839e+00
2.442084583885083315e+00
2.485948844230097876e+00
1.499745938436739312e+00
2.390269474695011720e+00
2.441080719672089394e+00
2.489819698303792350e+00
1.492902913866449799e+00
1.489110141306667412e+00
2.417954945841887859e+00
2.465920179373507715e+00
2.465190335923732601e+00
1.552690777157156088e+00
1.519315486920675751e+00
2.453942674686990788e+00
2.449045349592487320e+00
1.402583682494207951e+00
2.498259636108770554e+00
1.495305753568289209e+00
1.472378264507581802e+00
2.424661309899742712e+00
2.399022449358312770e+00
2.477118739140433679e+00
2.550573569599780654e+00
1.430852961125608003e+00
2.497844980118430591e+00
1.496950602673277952e+00
1.515918450509273541e+00
2.514856694374334012e+00
1.496295373966124886e+00
2.430747345582170649e+00
1.519807412227567101e+00
2.574939613871077615e+00
2.608122709050450183e+00
2.499589479513308898e+00
2.442338035155374953e+00
1.537452659080020378e+00
2.472047884715968813e+00
1.535908016486039251e+00
1.475822351870146765e+00
2.438551746423239575e+00
1.548476614406787188e+00
2.486156095264580923e+00
1.569738233886193823e+00
2.396430327591718701e+00
2.461771577852148507e+00
2.471392200006822026e+00
1.474105565576091736e+00
2.432286646487540338e+00
1.489299924231883177e+00
1.443256582968224233e+00
1.466469328481961210e+00
2.537404232776006463e+00
1.480819074176535466e+00
1.502674588067864914e+00
2.442710530746746933e+00
1.481713790286163457e+00
2.443660674179116477e+00
1.501285395780424858e+00
1.518685340764940994e+00
