2.455380837771266922e+00
2.511340816284269639e+00
2.493499394114785606e+00
1.544857464756025145e+00
2.447802953009967197e+00
1.466971250355483036e+00
1.450539449422229232e+00
2.445921843236298798e+00
2.550654218428482611e+00
2.443745767528108015e+00
2.428954751082267105e+00
2.445258648140002489e+00
2.471906783645615224e+00
1.502035689210599712e+00
2.550488772727531384e+00
2.503580723291149557e+00
2.447348023985233656e+00
2.450924915890134059e+00
2.494690996384030246e+00
2.483306777512209074e+00
2.494590099172899755e+00
2.515078989600366022e+00
2.451709996103765832e+00
2.472744415396507911e+00
2.455299314734478600e+00
3.414388753995601711e+00
2.546663330575598128e+00
2.477357792771880618e+00
2.549784158148612256e+00
1.475176037574539967e+00
2.450386542433448778e+00
2.460229742036409650e+00
2.545664290452668510e+00
1.485112621024458290e+00
2.540628002233959126e+00
2.440594415128795269e+00
2.519823417237858632e+00
1.483223007883145428e+00
2.487905928428950642e+00
2.498069789368349891e+00
2.467520570110395717e+00
2.484881912620219069e+00
2.510847565327486652e+00
2.493441957403039311e+00
1.490401393821830123e+00
2.484218758253421644e+00
2.468314652224056882e+00
1.475123346874638086e+00
3.407357969474260617e+00
1.439947943258557128e+00
1.503922530224106380e+00
2.475630584574681325e+00
2.488823970298410071e+00
2.440486114390273631e+00
2.467851861586703333e+00
1.461170439598201920e+00
1.450652595407174950e+00
1.535924681729127883e+00
1.506101314994068963e+00
2.462031594768387954e+00
2.505766087198549652e+00
2.486104782503872457e+00
2.454000021279566734e+00
2.491313292147196101e+00
1.517523174323312851e+00
2.470251743060661642e+00
1.489048242894754681e+00
1.516583884209692368e+00
2.465563306923397757e+00
2.533100918124433054e+00
2.465194354705452895e+00
1.493968777044109464e+00
2.483367558359580674e+00
1.473441992766983510e+00
1.509520464966506381e+00
2.464727371656379340e+00
2.460922637548890624e+00
1.535173922142331060e+00
1.516845646165769779e+00
1.489686403053689157e+00
2.448188458721804128e+00
2.499021446356351817e+00
2.534604366916984208e+00
1.532868196480067668e+00
1.492094906971935808e+00
2.463839429789997926e+00
2.494775169266655546e+00
1.461762283481500058e+00
1.487100811435196235e+00
2.551157978357102785e+00
3.429845148705439772e+00
2.475905223683386058e+00
1.465210920701591979e+00
2.450845467289212820e+00
1.460657403456687042e+00
1.506145794675008753e+00
2.496665074307853338e+00
2.465389318781991523e+00
1.445736772365509681e+00
2.480441330806756994e+00
