1.493692906979612545e+00
2.450804914548403879e+00
2.459606138549313314e+00
1.434595194370166915e+00
2.438859727425141788e+00
2.484333286891979853e+00
1.447676453369267868e+00
1.499947722506410175e+00
2.419674682807987143e+00
1.512471175677853719e+00
1.487520214554447717e+00
2.481720716541845118e+00
1.498499578195003235e+00
2.541393359216305381e+00
2.480296587320556245e+00
2.481488395852820883e+00
2.425929612810006297e+00
2.512708493586914393e+00
2.466076107813618190e+00
1.475595999354001986e+00
2.474195082844423244e+00
2.465897226596507341e+00
2.427869747031786929e+00
1.499656640960781440e+00
2.527916526635173078e+00
2.474610419459134292e+00
2.515957125451114607e+00
1.478080181188346387e+00
2.431118438452384733e+00
2.473998206573296610e+00
1.457905463521806277e+00
2.526789366757177469e+00
1.509194653128050234e+00
1.471155579396820734e+00
2.501938116605778362e+00
2.406514120622948560e+00
1.483834193659969491e+00
2.445760338469193496e+00
2.513682882428208476e+00
1.527880595361630345e+00
2.480401107979390396e+00
1.569295233970232184e+00
1.499726788477145911e+00
2.456891570148366011e+00
1.524186565147465533e+00
1.493838531061327579e+00
2.454104061911374757e+00
2.459352949986884251e+00
1.500410537835019875e+00
2.466296941608901339e+00
2.423404036982006016e+00
1.487856808359324212e+00
1.445255340343434280e+00
2.437733877496193635e+00
1.487796159157701581e+00
2.432257215592754651e+00
1.445690233388279067e+00
1.462776346874951061e+00
2.493610168501988245e+00
2.477599546272602815e+00
2.475504252268402094e+00
1.535427806395617045e+00
2.575647556351572831e+00
2.496443163545222887e+00
2.491056248246803051e+00
1.443358032089208987e+00
2.492153790326145479e+00
1.523437082489418337e+00
2.502562192276770681e+00
1.459822248068198602e+00
2.466038342660181737e+00
2.488742282513660253e+00
2.459734258648953009e+00
2.468460465159369566e+00
2.539372198135464220e+00
2.514588905289238951e+00
1.473844307063823189e+00
1.505140548389567012e+00
1.503992620001176395e+00
1.470034942491594609e+00
2.539484145866461873e+00
2.472871951020893189e+00
2.459889883736145144e+00
1.526131485595327186e+00
2.439606308527635825e+00
1.478636627903657352e+00
1.511185513450150397e+00
2.507074077777260879e+00
2.497032137254533435e+00
2.530673960073921425e+00
2.432482878917079816e+00
2.477576842090953413e+00
2.498762689764636225e+00
2.472940225572536566e+00
2.472742383796324273e+00
2.487065611014769306e+00
2.472090538840483021e+00
1.524671393820137055e+00
2.538387653464045268e+00
2.460137249525427450e+00
