1.476927276046754889e+00
1.466640133865188655e+00
2.431357420272683534e+00
1.549253914212419758e+00
1.468236098934902145e+00
2.472342044218517110e+00
1.476532721623451838e+00
2.521103902093003057e+00
1.536751276757174933e+00
1.477960864104226557e+00
1.456412503247353163e+00
1.451399264476456175e+00
1.499795918916702053e+00
1.479645975460625706e+00
2.487309919535114489e+00
2.523911824670411974e+00
2.426530368099772073e+00
2.498780995127646953e+00
2.455993196176269322e+00
2.453624831740152334e+00
1.470821318727873805e+00
1.543738097663917230e+00
1.484447071364795034e+00
1.529814596872033583e+00
2.486606798060705614e+00
1.473414774124167881e+00
2.527939101783121867e+00
1.443092058166437042e+00
2.491263895164473663e+00
2.447804908760809806e+00
1.432422370007631729e+00
2.496731168325168948e+00
2.462762830339306319e+00
2.471969069088738813e+00
2.542293497520047740e+00
1.450168911852072418e+00
1.529690484479763857e+00
2.444295237764245954e+00
2.489281160449975161e+00
1.467398713180067871e+00
2.482124905757518540e+00
2.422255850577716529e+00
2.442100814109001483e+00
2.464148257774916750e+00
2.474435817204704069e+00
2.428889747833635759e+00
1.480111736244166476e+00
2.474390247984167512e+00
1.492023034339904353e+00
2.476711601037277610e+00
2.413610159894168383e+00
1.470598091265438612e+00
1.505175604419748847e+00
1.451424167955018163e+00
2.519103927020223566e+00
2.433076376775850314e+00
2.419870094337454258e+00
1.524898809478280715e+00
2.497278803957913684e+00
2.423250409162748475e+00
2.459393102952361687e+00
2.477035830451348009e+00
1.504026452628040689e+00
2.462365476689232668e+00
1.494995239745001703e+00
1.513828031104282212e+00
1.540771250533740311e+00
2.448137876138702929e+00
2.450627307900886009e+00
1.479970954425917418e+00
1.444183847147610056e+00
1.500490330968391461e+00
1.514494095230283444e+00
2.516578640805505973e+00
2.506194345937019285e+00
2.462184335336115915e+00
1.493115610635611379e+00
1.469469095258105984e+00
2.444072362960866496e+00
2.575273797474823212e+00
2.498075243371273846e+00
1.550578261420393344e+00
1.482548797884699399e+00
2.460211197026637819e+00
2.444005715679308910e+00
2.493345657668174731e+00
2.520959175741925851e+00
2.427013704536328031e+00
2.509066574396870308e+00
1.496973921588851564e+00
2.412843067144959441e+00
2.502306207121010484e+00
2.468841090825837803e+00
1.524910384034561028e+00
2.514711715772640854e+00
1.440734223601998432e+00
1.475032208778461973e+00
2.418470398230488261e+00
2.449661738658191812e+00
1.501531404827026961e+00
