2.454394500128183942e+00
1.494578913749466942e+00
2.472007583259609120e+00
1.476678445257769035e+00
1.454368865137152689e+00
1.531386436168818088e+00
2.484241050486402980e+00
1.465376123789912999e+00
1.537962901147338579e+00
2.507404067861515706e+00
1.478689807517037158e+00
2.466482933915433495e+00
1.524658310210966095e+00
2.485564251838923600e+00
1.453123377308542352e+00
2.529449092553551992e+00
1.474080842979946571e+00
1.496295703065102733e+00
1.458368897979930967e+00
2.491325681761366262e+00
2.506149090268850799e+00
2.475081789734149940e+00
1.496585079056579115e+00
2.538266135851867222e+00
2.427005006873447446e+00
2.466226790636790067e+00
2.479016411795425867e+00
2.505381262562405009e+00
1.475124931205346934e+00
2.461210191889056542e+00
2.533996622177677516e+00
2.445020279576037847e+00
2.498882385394590511e+00
2.536238445682898579e+00
1.531080380992987822e+00
2.474758566477142097e+00
2.517012956370395571e+00
2.480465130195760537e+00
1.557078002008461359e+00
1.523955266945845821e+00
1.476497456911875394e+00
2.438828290441856339e+00
2.454805352896274329e+00
2.417004877764508119e+00
1.502830896669052674e+00
1.497989952961640725e+00
2.499070517370478139e+00
2.494600373073698751e+00
1.489715635037797803e+00
2.444816554769550176e+00
1.477539980349073856e+00
2.456810498816613286e+00
2.493155184102466837e+00
1.424528546888838010e+00
1.490662759774268764e+00
2.496772469028770036e+00
2.471094911190735210e+00
2.466058267807822890e+00
2.550397458656854965e+00
1.519205545972947435e+00
1.513482435256883640e+00
2.491982764802560979e+00
1.474565288394665830e+00
1.455404293815045547e+00
2.543701906783158773e+00
2.486729510942496280e+00
1.532801766481428629e+00
2.510973713493666271e+00
2.474720574430526288e+00
2.509440046033355021e+00
1.552270378520052230e+00
2.543968866910543358e+00
1.533844944716250769e+00
1.468278944810972986e+00
1.478799274704969857e+00
1.503875348432210712e+00
1.467687327442229961e+00
1.527870063336089768e+00
2.533956168080532922e+00
2.490661421612954118e+00
1.529162993166401474e+00
2.467636390578465733e+00
2.436641914315106572e+00
2.594860251801491824e+00
2.493202204363501373e+00
2.483431263071496531e+00
2.504286719829807772e+00
2.520278678574725983e+00
2.476418779203046316e+00
1.568338223410523868e+00
2.466220183575630109e+00
2.519043246927592961e+00
2.428813322240796602e+00
1.448822649097939452e+00
2.442400665370130231e+00
2.508691568873634203e+00
1.522222508709098587e+00
1.543292538167398753e+00
1.525714656585362317e+00
1.567661643690900775e+00
