2.471620560149294210e+00
1.510675829678914006e+00
1.483096882371725656e+00
1.482485826005945029e+00
2.462090594719185344e+00
2.483197593688012628e+00
2.478280468707448669e+00
2.490951851468471645e+00
2.486424736463165530e+00
2.473815787184352022e+00
2.448383702219036007e+00
1.448632800313939040e+00
2.444629086466552526e+00
2.505308809395457192e+00
2.462091692789530661e+00
2.435981081271957116e+00
2.499133789274986306e+00
2.498174668461186965e+00
1.488092668255192041e+00
2.495549180547408596e+00
2.479264964017123152e+00
2.515636167883175123e+00
1.503166568410804427e+00
2.457687394149556503e+00
2.526741115339499633e+00
1.526389021752339703e+00
1.482716206996293362e+00
2.515118560189830710e+00
1.470047993939875619e+00
2.493319524147099120e+00
2.436279808886518516e+00
2.541515728588869205e+00
1.522473540391315217e+00
2.511573236712837609e+00
2.449630388026850625e+00
2.437572538008679679e+00
1.483529094432261886e+00
2.491896177845288385e+00
2.512109333529636945e+00
1.505557899050086190e+00
1.479859504650842705e+00
1.485507122643708655e+00
1.495764283840180342e+00
2.479762837526368280e+00
2.541250150423975729e+00
2.490272759659262647e+00
2.416346932262127822e+00
1.463108957655696818e+00
1.486094535636103720e+00
1.463077408351509900e+00
1.459343510441632574e+00
2.518511912685956311e+00
2.467245301612565278e+00
2.438313029801888021e+00
2.525319365314683484e+00
2.446932487569111192e+00
2.505911291206111446e+00
1.458536842511526599e+00
2.466425355799044539e+00
2.479444138355725080e+00
1.494786086130348357e+00
3.227542846555049305e+00
1.505661611047093285e+00
2.462440986350080241e+00
2.493580395740727429e+00
2.549602633526085071e+00
2.462679412046681282e+00
2.469088110426481464e+00
1.445867124403515724e+00
3.242047325694851434e+00
2.520281030461420269e+00
2.496652124192553224e+00
2.522721169920835838e+00
1.546780882472562624e+00
2.465251444182448903e+00
2.483891620792619381e+00
2.484105629629437484e+00
1.556945499500026919e+00
1.476646571519343532e+00
1.499823926576769662e+00
1.488773205482415207e+00
2.426867304242852796e+00
2.470872230755035481e+00
1.475616459764372612e+00
1.458126262393034667e+00
2.459901406732895257e+00
1.492304006653905502e+00
1.469381573715109690e+00
2.489040660064809174e+00
2.492575792414401636e+00
1.495683733034133045e+00
2.497215026460017029e+00
1.522012844634118567e+00
2.529201554972278831e+00
2.465938369737592506e+00
1.453799747867933201e+00
1.456671267398224057e+00
2.468924986159898971e+00
1.484209939942542800e+00
1.425993174294141852e+00
