3.841996393763515272e+01
3.957431778537404199e+01
3.975137761794495361e+01
3.874865525485625284e+01
4.044416158852187237e+01
3.874152095555245268e+01
4.172070118290023544e+01
3.872488134563312911e+01
3.991421293697519701e+01
3.973798525712237506e+01
4.039490703277596850e+01
3.957264160298183242e+01
3.958818628562542585e+01
3.995972139751526697e+01
3.884477952688767033e+01
4.083072608198028774e+01
3.948437728688690385e+01
4.126103878003270609e+01
3.924872323834085108e+01
3.777699160061379757e+01
3.990921549606407837e+01
4.197651115115425569e+01
4.117068147681506929e+01
4.053183857298325421e+01
4.278828857299289723e+01
3.938859078032499639e+01
3.923260265712588080e+01
4.067682233375777656e+01
3.980691667584954985e+01
4.157594650501637545e+01
3.970924619368092578e+01
3.971560708350463642e+01
4.081393315323732196e+01
4.076296126969734246e+01
3.682566247663662296e+01
4.086971645919219753e+01
3.952262644828675064e+01
3.961613608187234092e+01
4.145603432070365812e+01
4.031382009277851353e+01
4.152760227237598656e+01
4.011818430138265512e+01
3.979917658713209505e+01
4.137952501347844247e+01
4.047158964102790435e+01
3.972768700309629253e+01
3.870243595681746029e+01
3.842355596049309696e+01
4.027638120086255213e+01
4.129349218216656681e+01
4.126063658264305190e+01
3.871986047211080972e+01
3.962921264528184651e+01
4.021372993795435491e+01
4.077827921918377996e+01
3.970091735525010535e+01
3.902094865376093225e+01
4.062233698993139797e+01
4.147130002746700228e+01
4.062747932950390606e+01
4.030175558101132083e+01
4.016454099446973913e+01
4.120807541276933250e+01
4.167689061335958201e+01
3.981710907755089579e+01
3.881048472150354200e+01
3.869014671216548606e+01
3.903928169261786962e+01
3.876242224065001807e+01
3.904482480963780944e+01
4.200596092153655547e+01
4.074193472383898040e+01
3.956028091154396975e+01
4.125777045299449952e+01
3.892568535049401390e+01
3.960673310890425824e+01
4.029656625059450192e+01
3.919757299168282572e+01
3.873614076952649299e+01
3.883784261244921510e+01
4.023333729579289297e+01
3.980810392580990964e+01
4.139678918557052612e+01
3.954248742972611552e+01
3.947170099850699643e+01
3.917127684954250810e+01
4.041600537386489833e+01
4.003059892762452421e+01
4.014794360778364535e+01
4.068258438918163478e+01
4.054633163361211246e+01
4.189761837223253593e+01
3.950111984783504937e+01
4.086963961257404776e+01
4.071494314053305885e+01
4.009507222698467643e+01
4.028241292386154981e+01
3.949089720712526486e+01
3.955545661316234884e+01
3.915488248082402123e+01
