1.978087406334449838e+01
3.064427991846368826e+01
1.167074096213347190e+01
1.168514017322178233e+01
8.076239162463235033e+00
3.321023162814898910e+01
1.807975535025486735e+01
7.356242753599759432e+00
2.720934390594853625e+01
1.409175249406195540e+01
9.587542404004977925e+00
1.718298333857463334e+01
2.880340144705317584e+01
1.168095406576844653e+01
3.700989662318121987e+01
1.330542223639239552e+01
4.350215522319699346e+01
2.001678394598059185e+01
6.216101657823663196e+00
2.696685399777962289e+01
1.380200301075490721e+01
2.100468773145045276e+01
2.761291037699774975e+01
2.381309461657236426e+01
1.521165804421322676e+01
1.141297222055404070e+01
1.543124817054877873e+01
8.360986633661926959e+00
2.896970233948775686e+01
2.342665202078770648e+01
3.063541115130172443e+01
1.675540762481676538e+01
1.698833750984464075e+01
3.253638575944580680e+01
1.801377354428694133e+01
2.182389445038279163e+01
2.444775912916882987e+01
6.601359903653555072e+00
8.829428350992962748e+00
1.262947085064513253e+01
8.396426424499320973e+00
2.162500156202683144e+01
4.907028869560063455e+00
3.011273414168578455e+01
5.762684906448727773e+00
4.791343706073332598e+00
1.381546989311826934e+01
6.358649738674428953e+00
2.235965217602225508e+01
2.985680987915517903e+01
7.133468533166595016e+00
1.363061607444591949e+01
2.023050171704344180e+01
7.447351970983445923e+00
1.035886991320385242e+01
2.169870228484036190e+01
2.934524790156907770e+01
9.476483310597771492e+00
1.179201603119804886e+01
1.812350528652383730e+01
1.544367630067882580e+01
3.415509891007520338e+01
1.654405782844007788e+01
4.837979937925865670e+00
2.820167571187165478e+01
1.019080054632587107e+01
1.239874787186557370e+01
2.365497680550818060e+01
1.324204277103897809e+01
3.236305360948787779e+01
1.796528684497915407e+01
2.382448221873250560e+01
1.076712466178049432e+01
1.490226507274496903e+01
4.456817137847514232e+01
3.116188304937824682e+01
1.035613313765214016e+01
7.302246022187680374e+00
7.881156703912789219e+00
2.428400091085601531e+01
2.236915178492166589e+01
1.623948880260851624e+01
2.230750937106154907e+01
1.791544219659721904e+01
1.010280016330506569e+01
4.920747381100651019e+00
9.123495220282778817e+00
3.151086328916164447e+01
1.845850328654447026e+01
1.795777075997677841e+01
8.417254665898211030e+00
2.388526934715890704e+01
1.458033368461970980e+01
3.086832162374514610e+01
1.696848971920599070e+01
1.437737227271256124e+01
1.062319416964883168e+01
2.722354935010937993e+01
1.574337460741745609e+01
4.947156811326486547e+00
