4.042326067762626707e+01
4.172077205473960504e+01
4.435772204156214116e+01
4.371579023140033371e+01
4.575757423068313301e+01
4.390108451956454871e+01
4.293057814123896065e+01
4.233204160799342475e+01
4.417814858484112506e+01
4.327343110968524797e+01
4.581316853798751509e+01
4.416400635414395026e+01
4.296365311304013090e+01
4.373634291298837695e+01
4.299411795068460407e+01
4.443255791880879002e+01
4.295641655781744817e+01
4.355322916679250511e+01
4.247708131223279793e+01
4.461390374098677825e+01
4.328524615973980616e+01
4.126361557052785400e+01
4.343565119784999240e+01
4.522754363791165844e+01
4.471590554169860354e+01
4.447983226289505865e+01
4.398093958149668481e+01
4.381815314582722465e+01
4.498266277633948818e+01
4.489243657943193710e+01
4.379800269522563383e+01
4.231378839105085632e+01
4.419297578081131661e+01
4.371945042177429031e+01
4.207356437459399956e+01
2.877456238553332923e+01
4.357605300684471672e+01
4.283589280597121274e+01
4.304507160690062761e+01
1.981862961484457841e+01
4.427118083034348928e+01
4.416532316871203534e+01
4.573220596804721083e+01
4.398125486274267359e+01
4.307127597637046534e+01
4.481466698897901324e+01
4.620475293775088232e+01
4.499074688718695825e+01
4.413887555511013971e+01
4.382671552354966593e+01
3.882213595122701832e+01
4.333627148543884999e+01
4.361235317753103402e+01
4.369173850516381918e+01
4.345668843969237827e+01
4.271246089276992564e+01
4.251223546750382098e+01
4.532023445372205117e+01
4.353414823904540043e+01
4.339847070491509839e+01
4.488837773380856078e+01
4.435087739412609409e+01
4.394499896588582288e+01
4.431981737978436087e+01
4.516873438026494370e+01
3.334951274242808950e+01
4.176534727755799281e+01
4.506238385139983649e+01
4.097936935258735502e+01
4.362749875603279293e+01
4.173947744869593635e+01
4.280120181093477782e+01
4.425496329571890897e+01
4.478092607511830181e+01
4.251454066235628915e+01
4.388130635613725872e+01
4.292075288040337711e+01
4.483666935498396100e+01
4.240673243160674133e+01
4.372135427085761705e+01
4.381647336136504833e+01
3.985437778536202558e+01
4.486212471131214841e+01
4.430322578498740427e+01
4.481934617207377158e+01
4.255186583579212112e+01
4.448410183094854631e+01
4.226083472699469468e+01
4.359725080707632117e+01
4.406738744687454812e+01
4.231825909606074276e+01
4.325708620465555043e+01
4.433772496056640477e+01
4.479873347668831940e+01
4.176947374599245677e+01
4.229071458092885649e+01
4.452970895841216503e+01
4.230074878984517994e+01
4.521503342187673269e+01
4.410622742136317243e+01
