4.474836765881493506e+01
1.314070715582876225e+01
2.940373092856245663e+01
1.706223182480282929e+01
4.386308572262798577e+01
4.522138619242350899e+01
1.206620793405712355e+01
1.485362176411638835e+01
1.758537607657283885e+01
4.742551414800786347e+01
1.583814672414978020e+01
4.726053649110505006e+01
1.324843792478726456e+01
4.547156432034982032e+01
4.155236937429236832e+01
2.540508314656102939e+01
4.418187033082092796e+01
1.445024369166373290e+01
2.796759088157100592e+01
1.068942081607732142e+01
3.367976867754513393e+01
1.111891864128159568e+01
5.099496319927724564e+00
1.482603547359448903e+01
2.693151380185775423e+01
2.853185559882024336e+01
2.780870057283378927e+01
6.605498324943040345e+00
2.418873038887632632e+01
4.101476895480976737e+01
2.328936727391992179e+01
4.424125215041554782e+01
2.721340080375216175e+01
4.243170617249067789e+01
4.549104011975985884e+01
3.483937559447132060e+01
1.691576755961177270e+01
7.654236591967589654e+00
1.123274081479775610e+01
3.631743499372847594e+01
2.131098172553225467e+01
3.889152003344740649e+01
2.825608661394140242e+01
3.771473009766364015e+01
3.779389830003861306e+01
4.526777774642327046e+01
1.257593579322512767e+01
3.454342992625105069e+01
3.868441051344063197e+01
1.529067917251091657e+01
4.466424622012516465e+01
4.205329899778597991e+01
3.510805621176928071e+01
4.381720897053345709e+01
3.184742523443683382e+01
3.287894069618981518e+01
1.856101169191480338e+01
4.594096008633555073e+01
2.465490035090683207e+01
3.139827575208819965e+01
1.404800846512499390e+01
3.621450052223067217e+01
3.408078502100788398e+01
2.795599416005055815e+01
8.031735469427372820e+00
1.210984947153673907e+01
4.426903317640167757e+01
3.502836711856242857e+01
6.354022498745367287e+00
9.576755950519732608e+00
1.834045469684137686e+01
2.615970422499202641e+01
7.245290475830718613e+00
6.478662136961091278e+00
6.296087559933653210e+00
2.643935191981494981e+01
4.527238181400582562e+01
4.201194746272265235e+01
3.107729218522074177e+01
4.447490633979633401e+01
4.333964383894816308e+01
3.636389766869173457e+01
3.298076181571295251e+01
2.638605551378801550e+01
1.078866178233071516e+01
4.122708595229173056e+01
2.335224151199492226e+01
6.815311815563494413e+00
4.004796201244504772e+01
7.585263893641194244e+00
1.220845498965932130e+01
5.703341454523620513e+00
3.078694561455433032e+01
2.942500696271952876e+01
1.393426993538523107e+01
1.287093299920679890e+01
4.644827637939592080e+01
3.894566341431500689e+01
4.567412983807182769e+01
4.158411649305094926e+01
