8.803334449695158881e+00
5.918110389491469725e+00
6.479924149231649499e-01
6.016257462244558596e-01
5.530617888414949279e-01
5.626629241346746690e-01
7.429450492538670625e-01
3.967075747167270627e+00
9.136974118660882160e-01
5.509619957588928196e-01
6.289399015461000220e-01
9.193170729963738852e-01
5.132715124298290466e-01
6.110243049121754089e-01
5.797653092447644374e-01
4.827575051045411847e-01
6.720294294184124828e-01
2.629053686156552327e+00
6.625412577283285032e-01
1.000237490752301950e+00
5.739075770725422521e-01
2.348250179031245111e+00
4.274453684648396923e+00
6.181966853164307940e-01
1.519463362266807449e+00
2.162331624885919901e+00
1.444085840765672923e+00
1.105309850518818138e+00
6.177698320885125494e-01
5.172684479710349947e-01
6.256979837485767693e-01
6.227105395266727683e-01
1.207756067919215637e+00
8.776472934587973285e+00
5.186768065659278726e+00
5.950959065643017798e-01
8.654876105539428544e-01
3.536712965439970269e+00
5.244538231567715814e-01
4.782053249165887920e-01
4.775067854889999408e-01
9.191085904118466710e-01
4.768601703090037947e-01
7.011620157936778952e+00
1.730296296642912424e+01
1.295161830482950904e+01
6.561873519479622940e-01
5.909217482193996895e-01
5.326676690901241962e-01
6.252728079519868087e-01
6.408078994720986188e+00
6.372272808127581456e-01
7.782604770965744212e-01
1.148762661827492204e+00
1.049706741194255111e+00
1.202622103530689213e+00
4.429832476552325038e-01
5.996584643015485661e-01
7.017412209552251756e-01
1.615580024932567360e+00
5.973375453140015168e-01
5.730672848872002678e-01
1.157475234377060680e+00
5.215588713687572264e-01
1.895477886489881802e+00
8.020765413470523075e-01
5.808263757063805155e-01
5.692822639214732972e-01
5.475214441265809917e+00
5.461007836427107520e+00
6.774193543350778279e-01
1.670556428006091920e+01
1.528617248507644000e+01
5.466554597490232981e-01
5.502385882519070792e-01
5.583372018161746331e-01
1.530626498702929661e+00
5.889283950951285096e-01
1.006492938788151115e+01
4.401843430192203255e-01
1.024124879840768498e+00
6.330456891826884425e-01
1.050182232366220214e+00
4.581779023996342404e-01
4.982967714031080741e-01
6.362974517771583516e-01
1.161936503650774277e+00
6.285314797284500266e-01
6.020440459512135245e-01
1.044186719869405255e+00
9.559195794452580719e-01
3.371742903229152599e+00
8.868928147676503615e-01
5.496781609494731935e-01
5.084250813849343409e+00
1.010086312566267130e+00
5.553956443271989007e-01
4.277099861732864383e+00
5.366971270777614045e+00
6.978624660058054818e-01
