3.409487060697837801e+00
1.300124278787599330e+01
2.840452780218042594e+00
7.553578799575662472e+00
2.702720485618014035e+00
3.237392487417824150e+00
6.982452347316303154e+00
4.922296404504733047e+00
5.208680865537235860e+00
7.005109281882921923e-01
3.790809901054235542e+00
4.877587785599373227e+00
4.958161680885132760e+00
3.896956802871757830e+00
1.608021248999495612e+01
8.081146017530205228e+00
2.234617929809054271e+00
3.977165152260249581e+00
8.523634705866532935e-01
9.715451030364256724e+00
3.790863442096316760e+00
1.014278415898334451e+01
1.713799452532458245e+00
6.802556400310701079e+00
1.012290098640641345e+00
9.571975823227766966e+00
7.240681637461684694e+00
6.251481465192942011e+00
5.424871725646858600e+00
5.428415419862663294e-01
2.835074228060903589e+00
3.303380267093275258e+00
2.925559527184843134e+00
1.901164891233299459e+00
1.241242228226141897e+01
4.503043230380540329e+00
3.579951781743616834e+00
2.974291449903527784e+00
9.821278497447196720e-01
8.236808362303920106e+00
3.502371818297479678e+00
9.168221124876550832e+00
1.523246136350353774e+00
2.152428944220050600e+00
6.584339235054554429e+00
9.328133957277032096e+00
9.961259255367833632e+00
2.830908955621016077e+00
5.879452168574988313e+00
5.446523975014275543e+00
1.387364439949034001e+01
5.429059267438953285e+00
1.739783238066859639e+00
4.700055965314470896e+00
5.464725509354046551e+00
8.668346271112492119e+00
1.451327634530668931e+00
4.486245271403421775e+00
1.994032785324361123e+00
4.893237952894516241e+00
2.479332796673846318e+00
1.022516931410247842e+01
4.756924746270418503e+00
4.006978567986044126e+00
8.102969738218397389e-01
4.276910964178408214e+00
1.754638604991892947e+00
1.745517524904863116e+00
2.991341736902462856e+00
6.777368164146092333e+00
4.432763343993834759e+00
1.788432674357998797e+00
1.221664174527229862e+00
1.012975977434686925e+01
2.719489342842285495e+00
2.512303783932672729e+00
6.735583821357226775e+00
9.129562135522188981e+00
7.087065462057701382e+00
5.138668498148021513e+00
1.101708121462912615e+01
1.084310073818251929e+01
9.239771673891281623e+00
3.866554484741558273e+00
1.011726645169710714e+01
8.531323829809508652e+00
7.445756123377239355e+00
2.302028797847219810e+00
1.640677127582631067e+00
2.666422564164712128e+00
5.747215135971817546e+00
1.699536852128735065e+00
1.363843464344963685e+01
3.810131623364005904e+00
5.455062287193515047e+00
6.209982318650833832e+00
1.248892814801939544e+01
8.511229734050676399e+00
6.366027396476725109e+00
4.240000317786909001e+00
