2.078079891186111361e+00
8.392217073011957185e-01
1.221078328817771563e+00
8.505970090546030038e-01
4.000717883139397024e+00
1.528505301484440970e+00
6.444134289511667113e-01
1.818881049890720547e+01
6.902095673873975823e-01
8.415955757103350976e+00
1.301298975016938364e+00
2.615254221482331776e+00
2.473854072708188134e+00
1.210100363512252919e+00
2.004151898093083162e+01
8.907747300596616569e+00
4.261804730358319304e+00
1.129507045419235078e+00
7.562943816069118697e-01
5.121080595228996835e+00
9.028020692355730459e-01
2.860777191054762802e+00
5.084861773751144121e+00
6.790535280202077972e-01
4.938699435625937717e+00
3.553115598590895985e+00
6.114243705504033288e-01
7.170884080577049957e+00
5.349508348477954200e+00
5.264340069769038344e+00
7.001292831072990497e-01
1.801639608801690162e+00
1.688838368001337287e+01
5.548465695274584775e+00
6.989012481496956752e-01
1.240583098864522782e+00
6.424776303327793814e-01
9.157722308367198139e+00
3.999270451529325587e+00
6.801742261049708915e+00
1.702361800171755979e+00
7.803514313870657526e-01
2.071288256477183953e+00
2.001221098623475569e+01
1.909443007561010930e+00
9.304387950524940720e+00
8.419301825181118915e+00
1.376452828860065924e+00
8.146524593212167709e-01
4.486508547405297698e+00
1.266202268043419288e+00
5.603850563663977935e-01
1.406481022884656928e+00
1.405598442005979276e+00
7.213739917087089726e-01
1.073527208676470002e+00
2.844371006157620840e+00
2.990087377828420490e+00
5.460704788558540912e+00
7.884307633001075288e-01
6.593356510595274056e-01
1.776194769086413716e+00
9.830513212089713182e-01
8.031574095914301159e-01
2.064521322006287463e+00
1.778815175236968749e+00
1.160017990714929059e+00
2.990822170283830683e+00
6.668141414011164336e+00
7.313592102262695072e+00
4.745441322406919404e+00
4.457695874973423678e+00
1.620082781746849054e+00
1.135821071595524145e+00
7.559712435005838671e-01
1.226197644370034867e+00
2.592178243681309890e+00
1.521705364651959824e+00
1.908357801217220207e+00
3.200402520937841278e+00
7.809928671421925150e-01
4.822299458113834092e+00
7.011973859378816121e-01
9.944006074077417212e-01
5.881437198561687563e-01
1.652454797494093519e+00
6.133817197638212981e+00
2.107654787971751986e+01
5.100640964235586550e-01
1.111219876267012019e+00
1.241680674460118539e+01
3.270735379549601696e+00
1.086920288298933457e+01
3.582886103971710590e+00
2.793387658024385267e+00
9.575538654448862985e+00
1.504301833450942816e+00
7.201877328244463694e-01
1.816130738690456159e+00
2.885368755089351200e+00
