4.361157379922684929e-01
4.529858117221466918e-01
2.310431356946650805e+00
2.732989465298276688e+00
5.598336399400054564e-01
1.343610333821189329e+00
7.703256621709794194e-01
2.441942458928021864e+00
5.872403718689179764e-01
5.176003476607247134e-01
1.693146383132263066e+00
5.068715987013667768e-01
7.110246733475800163e-01
4.770829775764879321e-01
6.667083138946922061e-01
5.649993950265337350e-01
4.683530453302398588e-01
1.125181347659439446e+00
1.334080263755506479e+00
5.434087613868983091e-01
5.281196992545719171e-01
4.336215243189253776e+00
5.779520848303869585e-01
5.898230634900988312e-01
6.011064423932184209e-01
5.627397947468459893e-01
5.555013385120501912e-01
8.890124627256725809e-01
4.880008037608138394e-01
1.970047535101467906e+00
3.459857551037250900e+00
1.001275156932666732e+01
4.955099713420457186e-01
1.125568980965445220e+01
5.259201932561403225e+00
6.259641083577177634e-01
6.006889862910448352e-01
2.549812457412952149e+00
6.301820105502256020e-01
4.529451567473907758e+00
3.005007409329585322e+00
8.016479664051879839e-01
5.133954157214061231e-01
5.713560255186300729e-01
1.510663215680822802e+01
1.187655804026758632e+00
3.008084788853310432e+00
1.113523745672348797e+00
1.042616953076506370e+00
1.080603336486591237e+00
3.924294355693974445e+00
3.136771472378451886e+00
4.181999759955298046e+00
5.385279346132177958e-01
6.384817472018590401e+00
4.521135256758958554e-01
6.647515149278342861e+00
2.386065761998708457e+00
1.232425022558486027e+01
1.282740370046836720e+00
7.543621602955562722e+00
4.347595669784237726e-01
6.115395022561594951e-01
5.573413979199872692e-01
8.213619906854149333e-01
6.793755774230537670e-01
7.790994827627450992e-01
7.796421918490823444e-01
6.952452503313385712e+00
7.436378474590565890e-01
8.769017617112399021e-01
7.055328313094629822e-01
6.972887419968203382e-01
5.978373669556672487e-01
9.105705568419903972e-01
6.042035002095241802e-01
5.092442675502617533e-01
4.414761029271649484e+00
5.736835081454558782e-01
9.909029287860884327e-01
6.139012467310165366e-01
6.641676079734561977e-01
7.462862550303823728e-01
1.202684779952023497e+00
8.507651106328100177e-01
5.003605349933689661e-01
6.915417106853572804e+00
5.925352159996232215e-01
3.304916782029651223e+00
4.697042825131043098e-01
6.253579962587654251e-01
7.869804543901444127e-01
9.253794072297115703e-01
6.830109524798518850e-01
1.249491445922195076e+01
6.219301060735827891e-01
5.184586856901122198e-01
3.871231455488164386e+00
6.635106802896144629e-01
5.035120891269854182e-01
