5.126235101049309018e-01
4.783159706855859561e-01
4.409642613369333386e-01
4.746882489257098769e-01
5.206475515090971395e-01
4.779795658693974381e-01
4.925174426595408939e-01
4.914737387009940339e-01
6.333934155356591988e-01
5.301774873882145744e-01
4.953185265244727242e-01
4.771820436310887925e-01
4.900751633622781323e-01
4.687134757398288554e-01
4.861710077933429908e-01
4.508358227176655353e-01
5.402147775292241993e-01
5.881434164049967883e-01
4.570714299630628252e-01
4.782740244234578442e-01
4.352285622982816626e-01
4.851319244723967805e-01
5.466374484323219818e-01
4.841875571027410841e-01
4.834225360033322927e-01
6.935118925332216522e-01
4.941781962784803639e-01
6.472555584204222612e-01
6.280982885173795882e-01
4.957745834900459947e-01
5.113248681471878054e-01
5.603501812390689896e-01
5.194778073348323977e-01
5.013610183369510143e-01
5.756900936457507445e-01
4.659584902355087821e-01
4.751100823831791442e-01
4.749579329094898439e-01
5.305827587458818995e-01
4.708081345904179815e-01
5.466767184142800051e-01
5.279768520395778930e-01
4.862564200231447309e-01
5.037647284947160964e-01
5.043152231065414215e-01
5.245215657605744042e-01
5.309406545749101314e-01
5.202957093550822920e-01
5.043804383102260536e-01
4.904799743384285482e-01
4.404037692091126166e-01
5.790717883586872228e-01
6.163822921527241094e-01
5.385889343534356888e-01
5.067780659179494940e-01
4.335704658219572960e-01
5.636457637764764605e-01
6.489299224575476588e-01
5.229290397050928574e-01
5.293311324365936876e-01
4.980730909187667255e-01
5.164168950094850663e-01
5.097403958716077987e-01
5.803260224187655192e-01
4.087305158110105530e-01
5.616491856925789339e-01
4.700739185305706780e-01
4.708692094786617321e-01
5.090114352356804872e-01
5.321901937736064347e-01
4.428578509203494051e-01
4.627773027638553138e-01
4.379716040561355550e-01
4.601052841983027109e-01
5.072820189668417745e-01
5.661048424770337428e-01
5.156152966577225438e-01
5.265658425772173912e-01
4.830495820815850494e-01
5.118762388993395307e-01
7.367038120124955292e+00
4.464258119102293976e-01
5.388424006051026893e-01
5.261747874253860369e-01
5.238772053364950665e-01
5.540899142898544349e-01
5.173948269994800286e-01
4.876761962880883927e-01
5.309621118109822957e-01
5.039975396634285287e-01
5.608261689118572146e-01
4.592534319859662983e-01
4.497757254092796808e-01
4.677613256192533764e-01
2.780009707143959119e+00
5.246207132518897476e-01
5.040811690926713107e-01
4.507071071858408384e-01
4.307772549935765527e-01
4.895542919941435200e-01
