7.457689833817787717e-01
4.676133758664622886e-01
1.286202041625670534e+00
1.053601226160909565e+00
5.062942771874899828e-01
1.013473694648229007e+01
4.612252615585066273e-01
4.646946470499451753e-01
4.775631632190711628e-01
6.774731196393642962e-01
1.753431883558977944e+00
1.039583357652348816e+01
5.249573663970072968e-01
5.184447338261123361e-01
4.253229901763732057e-01
4.675389302595733820e-01
5.217804305270251630e-01
4.245725707906348179e-01
5.568491271086070116e-01
1.045464483207447781e+00
4.903709139635313852e-01
4.693613944084409351e-01
9.925223976167103501e+00
5.772343061425956323e-01
4.618451797463180575e-01
8.244138806088243676e-01
5.105492637069309891e-01
7.550525893622935802e-01
2.946482997114200586e+00
6.989420491035052141e-01
3.446280266100230971e+00
4.712386422658703111e-01
5.674149962670855807e-01
7.094633939125379873e-01
5.099635919789344829e-01
5.986573693838066479e-01
5.267250467764711397e-01
7.023907926190606776e-01
8.567364387578332297e-01
5.496239586503676167e-01
4.228320565902456418e-01
2.726440857640041404e+00
6.316022375337019268e-01
4.898492169647885586e-01
4.559652889227722716e-01
5.573994497793361980e-01
6.356362766212330095e-01
6.194526931284813909e-01
7.234790034183170571e-01
3.278016177105288254e+00
5.174587887623044447e-01
5.368157786809654164e-01
5.103909102265244968e-01
5.122520295036994131e-01
3.117804815756826553e+00
6.992882274073970450e+00
4.014216142103394169e+00
8.086830811619358794e-01
5.384469452361101416e-01
5.152008518752330124e-01
7.622417687918418006e-01
4.848287333870678339e-01
4.281606592407320999e-01
6.151388861941631703e+00
5.686842236255181815e-01
4.138190572556980640e-01
8.150589752766895790e-01
5.028295488912243316e-01
4.964508229590752220e-01
5.780476650636054980e-01
5.087556313460823709e-01
5.570631941142505372e-01
5.848231886878951791e-01
6.065480318987089836e-01
6.058400628282277767e-01
5.829679538886000101e-01
5.224763837255209653e-01
7.234973777721858124e-01
6.066093289813990763e-01
5.136752172446856779e-01
4.225664837799978368e-01
6.068942843051123859e-01
5.087101558888847963e-01
7.137846961298918158e-01
6.266799024435331100e-01
2.093809581540292175e+00
4.456370339658257684e-01
4.876880432383102204e-01
5.520506238611229133e-01
6.466986783948511786e-01
5.652520533246119250e-01
7.156064834891295856e-01
5.331828507927947047e-01
1.177280988104836945e+00
3.978283801478296855e+00
4.646463291032487120e-01
6.214658389283840290e-01
6.015417734352153101e-01
4.898548052887281568e-01
1.000809397194232453e+00
