7.033952120669275665e-01
5.151875789732172084e-01
4.531678452393617662e-01
5.085060984745137791e-01
4.401599471967601040e-01
4.584567791881632437e-01
5.030553596238720448e-01
5.152204971416164403e-01
4.540601645428705702e-01
7.114306293746035514e+00
4.895459760456927212e-01
4.344603570942966453e-01
4.900366286556697704e-01
4.483998926325353240e-01
1.079296823433589791e+00
4.897094206121534454e-01
1.476304266057513415e+00
5.267558007118876562e-01
4.231698046146027403e-01
5.282087345606879536e-01
8.342511267865361901e+00
6.050265304556680102e-01
4.881307453754289982e-01
4.924985904260417158e-01
4.425868743854793341e-01
4.397207160040620399e-01
4.434952499930356340e-01
6.061172285424070161e-01
6.222528429228325608e-01
4.370836574425923104e-01
4.492199246029837112e-01
4.734761451036811897e-01
4.911143648345777102e-01
5.324214925551724598e-01
1.830905649332355001e+00
4.499991677303481485e-01
4.866460363705567893e+00
4.528121229785400659e-01
4.976682894826970349e-01
4.886198013984360822e-01
5.729521704914609659e-01
5.746178776009488454e-01
4.255701548759700525e-01
5.037321804413954496e-01
5.820855901231810625e-01
5.228064678901801487e-01
5.482151119709157694e-01
4.774557010823999859e-01
4.542660165153425966e-01
6.617776258894226826e-01
5.219602754166152714e-01
4.434304977521646984e-01
4.833736935467958795e-01
4.755069995356936419e-01
5.532580858438951310e-01
4.900767105366294896e-01
4.585352659957951382e-01
4.583860891457815501e-01
4.838686182745736697e-01
1.632169074890756466e+00
3.775072630478499391e+00
5.065766445651638250e-01
6.848891867320574534e-01
5.182168622285693305e-01
5.113486286451629503e-01
5.605617785973225908e-01
1.060175014896206580e+00
5.282711310795521475e-01
4.727804099262979953e-01
4.866426464286958686e-01
4.350794339393749821e-01
9.980027723087128155e-01
5.208770982621291346e-01
5.232620729495220946e-01
5.873222998681093543e-01
1.342966791961896833e+00
8.988214971312867840e-01
5.631703558472201943e-01
5.203210876240513816e-01
6.498877345911775461e-01
4.087377570146892847e-01
6.373910321665745560e-01
5.293486059437496616e-01
4.704204105377843281e-01
5.474303012504787569e-01
6.020925024454656382e-01
4.645958562077259213e-01
4.243668654034633003e-01
5.325960045607732729e-01
4.587013735834303274e-01
4.485693527742355413e-01
5.099387965719217597e-01
5.129710219193246434e-01
4.515507442151175388e-01
5.400443459178085881e-01
5.574926655946382814e-01
1.024572347727072064e+00
1.032498193579914680e+00
5.227119882147580610e-01
2.980887245578556666e+00
