4.620351935323857018e-01
4.526753414263612330e-01
5.050715631319941945e-01
5.498407748971546605e-01
5.436912552083862371e-01
5.052785567286165458e-01
5.438824402721320617e-01
5.572975073006783964e-01
5.435627340405148056e-01
5.322218440575836595e-01
5.341138451123530473e-01
4.734955849537115791e-01
4.980504014254338863e-01
5.046570727186880934e-01
4.619631968210659023e-01
5.390980355112811040e-01
5.509116899636843367e-01
5.733865964107641711e-01
5.290417236892229758e-01
4.406313901183046555e-01
5.612015672720007675e-01
4.887017595211262666e-01
5.177547890874147907e-01
5.092518420442689875e-01
7.599342344690235285e-01
5.398411643897564893e-01
4.984942727251757133e-01
3.813166629809894292e-01
5.159027129755046071e-01
5.099769394513492538e-01
4.510593325962455324e-01
5.514509494629442621e-01
5.042505148174412088e-01
1.506529839175196228e+00
5.121070991410665574e-01
4.920195581291157971e-01
5.279004193003539180e-01
5.399740487839973513e-01
4.568866046349815968e-01
9.424366707214983929e-01
4.838278392436691222e-01
4.796735454938327869e-01
5.466951237333631530e-01
5.807048454460559395e-01
5.022533137549685112e-01
4.827892849891775584e-01
4.739335381363874444e-01
5.795866216218147349e-01
5.816108050889700065e-01
4.803988868190944839e-01
4.261614964135554406e-01
5.391806932368755634e-01
5.677776242268721685e-01
4.963669805414952507e-01
4.332172633772032877e-01
5.387527304415277163e-01
6.085831634764732323e-01
4.835933769028591400e-01
4.792361978499111164e-01
5.359857605721561891e-01
5.820706709277519986e-01
4.831867522070819598e-01
4.591412412434587864e-01
4.393717621423130493e-01
4.353071538921690631e-01
4.783163252276351751e-01
4.192532489433197229e-01
5.011851109538387750e-01
4.986176808269375260e-01
4.883322431458138047e-01
1.002217678748986263e+00
4.181533077499892115e-01
4.907295354393171327e-01
4.342976887714373180e-01
4.969139101224537836e-01
5.131134600401511259e-01
5.583407731339432578e-01
4.825972925004970437e-01
5.004438403422589721e-01
4.605065072430574724e-01
4.958525168543230222e-01
4.372446847008396031e-01
1.865622946269371862e+00
5.342435459089949212e-01
4.832777582519634518e-01
5.328698525549528942e-01
6.694581642294153978e-01
5.866840664799877203e-01
5.827857734288491853e-01
4.609838738559680071e-01
4.601594988689626797e-01
5.016180160435597113e-01
4.600925389453118242e-01
5.205846768145431236e-01
4.788677468196547160e-01
4.814043219303184018e-01
5.100559173835914617e-01
5.477241397203531648e-01
4.915741619621277203e-01
4.483795628577851855e-01
