5.339542979787088584e-01
5.271177336402003144e-01
4.175291433223102255e-01
5.515125252597582461e-01
4.938409963886035703e-01
5.166446928746313283e-01
4.238989710479282302e-01
4.748409071767845657e-01
4.898479471198687873e-01
4.742866584783094752e-01
5.688851325906131295e-01
5.730233496514898217e-01
5.250609964129984153e-01
4.827798122791598923e-01
5.617976400412504345e-01
4.436263640141959175e-01
5.730610948456057452e-01
5.704522342584268380e-01
5.285564190995182265e-01
4.707797949324596387e-01
5.456556356759701965e-01
4.939853474605397921e-01
4.985871113666546783e-01
4.290330004029273558e-01
5.108897164912710176e-01
4.550371425235703593e-01
4.817513980548505104e-01
3.074867392235561159e+00
5.259696026741144115e-01
5.077477977664078823e-01
4.891079135178403314e-01
5.757198443145756794e-01
5.304697460182821178e-01
4.217230912298577938e-01
4.955387086511770511e-01
5.521824255109284429e-01
4.887103710534834167e-01
4.662030434494862097e-01
6.102121479816986493e-01
6.758048283473967466e-01
4.489230002472048842e-01
5.240583308438114818e-01
5.009188335463573560e-01
5.293108071698595651e-01
4.886157862206341740e-01
4.371025039012872981e-01
3.874892966090408564e-01
5.387357996802807358e-01
4.680759904648085223e-01
4.572893446223409430e-01
5.253487729422749997e-01
4.844747494420255651e-01
5.578531488738167621e-01
5.034904474221620907e-01
6.224789593785439168e-01
5.735087092281376808e-01
4.952280462712726483e-01
5.350215372624772536e-01
5.170732261979532618e-01
4.760720206704673885e-01
5.988708856273619041e-01
5.482454528036744268e-01
5.466081683009736958e-01
4.153771257348315982e-01
5.715749060836293749e-01
4.691181281714242868e-01
4.242478709720710062e-01
4.579332298911759080e-01
4.670249927113427901e-01
5.687383688567696494e-01
5.404090232496675528e-01
4.868724363722475301e-01
5.368652028203136917e-01
4.853200900251131156e-01
5.235011539008525006e-01
5.239762394080001995e-01
5.586875002974421855e-01
4.717374108775976849e-01
4.908015118934785370e-01
5.269278951893556773e-01
5.697062965088852682e-01
4.990296320514246986e-01
5.359396661985512678e-01
4.923101131722323331e-01
5.053709582221601604e-01
4.882100506550147712e-01
5.844956511723802262e-01
4.636423358161667063e-01
4.714396627193350175e-01
5.388304466247375579e-01
5.823334817370379168e-01
3.854341933961167754e+00
5.096372710009328122e-01
5.255692234077977698e-01
6.036636319620904967e-01
5.712677075017242867e-01
4.290484118552018722e-01
4.714903926635288789e-01
6.141242852204422675e-01
5.405057294931706613e-01
