4.825759893200420869e-01
4.928222428600747551e-01
4.947803160368854924e-01
5.614766171421193830e-01
5.145759058927272811e-01
5.261137670328708271e-01
5.672690336854295801e-01
5.463087069955927522e-01
5.163956591184211131e-01
4.916892098361371755e-01
4.822173765376088217e-01
4.578694906904584028e-01
5.437120284433688555e-01
5.637527143303326937e-01
5.002179162547908398e-01
5.420288450809692682e-01
4.416938930562255283e-01
4.839561457951908063e-01
5.656554113570966269e-01
4.659613015680146852e-01
4.814353091198868562e-01
4.768186145716061808e-01
4.307421962974318230e-01
5.933051459183444898e-01
5.413785126920481749e-01
4.460269680523818447e-01
4.539609569494865715e-01
4.551091097732402613e-01
6.131281222767207550e-01
5.267668009937923612e-01
5.098454230019328071e-01
5.880409966289461554e-01
5.515217612933964730e-01
4.242474002111710218e-01
5.028510493812355930e-01
5.426800492481395066e-01
5.747855079730737060e-01
4.861872146921686344e-01
5.124192310454684929e-01
5.299303142193249050e-01
4.435478873061699523e-01
4.958900005597671745e-01
4.707067947680853570e-01
4.237166671229382064e-01
5.611252470190469799e-01
4.994377978791291195e-01
6.252284295190929653e-01
4.609474149051268621e-01
8.595282350491359580e+00
4.563742968863633842e-01
4.860790565409933706e-01
4.967488578667155763e-01
5.144663163987627241e-01
4.941049632316835694e-01
4.896272140294742892e-01
4.260042029003993092e-01
5.189913531998685547e-01
5.386363737926485040e-01
4.643622302639270893e-01
4.687127638648658778e-01
5.517171799943647592e-01
4.844876203427295192e-01
5.081068256290030005e-01
5.911271880691150171e-01
4.965262833531329245e-01
4.784566789277099330e-01
4.671551960544657045e-01
4.264766386845205703e-01
4.976504403151045253e-01
4.697119459436818190e-01
5.254011698189844370e-01
5.503577039146945182e-01
5.558127969155480796e-01
4.623553069865368736e-01
5.155531598620078926e-01
5.032169613885970616e-01
4.466297030059268591e-01
4.610292802940340606e-01
5.786048767351716915e-01
5.420885910711816802e-01
4.742683930640811951e-01
3.241632888062688345e+00
4.477681824924309439e-01
5.393943221846704272e-01
6.683357487259652396e-01
5.586033560405331277e-01
4.203194921037928244e-01
6.194350680106081031e-01
5.339343416659163566e-01
5.295629956532810212e-01
4.980834845105159836e-01
5.061400500870627539e-01
5.986369290464320647e-01
4.441112372005290299e-01
4.833483196458410180e-01
4.754988617784219329e-01
5.716704728894266285e-01
4.861527793708764755e-01
4.510974014571176860e-01
4.015557112773315840e-01
