4.973942915671836773e-01
5.235178523665253714e-01
5.588195658427529411e-01
4.749469545035355789e-01
4.366691953468089249e-01
5.052196053434643286e-01
5.042171139217840325e-01
4.794493893248910066e-01
4.691760533055810423e-01
5.397262805486524595e-01
4.895875580566494412e-01
4.632537334886289160e-01
4.432986813636501933e-01
4.483541454893875122e-01
5.822030493023727660e-01
5.763660946580408950e-01
5.157468359527824786e-01
5.568702319342723195e-01
4.739139919785576582e-01
4.669820086626026434e-01
4.658813960742503313e-01
4.687079901630485934e-01
4.503848494620529830e-01
4.884400617596314498e-01
4.575049366217511237e-01
5.412165530234926969e-01
4.734389903012252154e-01
4.762728093074614644e-01
5.121876654817728580e-01
5.586333477204956655e-01
5.454070746182084761e-01
4.844320221733849907e-01
4.824481171336150731e-01
5.056387206388802680e-01
4.973184167439382297e-01
4.773161980686658756e-01
4.843416366668492623e-01
4.440114184021393129e-01
5.240266932207368056e-01
5.242800705353728441e-01
4.931151713860412733e-01
4.222034832615651490e-01
5.247684074026685019e-01
5.500104663949049177e-01
4.867843418833832647e-01
5.237110706521823644e-01
5.510910897214061910e-01
4.352092194241882206e-01
4.756429832419492576e-01
5.328928915540762645e-01
5.169966245253090342e-01
5.321100569547335679e-01
5.384878939756603256e-01
6.010218270102088978e-01
5.229499797420652518e-01
5.802794421587443852e-01
5.334481636605006294e-01
5.049461756598657702e-01
4.446298668550053290e-01
4.704578506679304994e-01
5.691879218290192277e-01
5.024891710796612898e-01
4.836434430694042108e-01
4.643298538807678622e-01
5.103942792205352630e-01
4.845848187204344071e-01
5.016736133477587289e-01
5.432074352562932251e-01
5.691676624699681941e-01
5.189902065778053686e-01
5.318242893472457933e-01
4.575294272550933794e-01
5.189605978695508437e-01
4.382538448458137004e-01
4.687893066987218194e-01
5.205590581558671159e-01
4.924763492568407508e-01
4.835510611564371453e-01
5.312493977186252270e-01
4.502122266227798764e-01
4.792436267264340577e-01
5.487251022536961953e-01
4.503106490898509673e-01
5.427419032892969453e-01
5.307240240844299795e-01
5.938700316074346786e-01
4.750849130184320313e-01
5.273441339230917624e-01
4.392080347035318133e-01
5.289660142600367543e-01
4.565383070388538966e-01
5.159767756611064460e-01
4.757936152136248986e-01
5.458777147243588646e-01
4.854438471786285958e-01
4.187113604861552596e-01
4.177613379237926639e-01
4.801032038634529542e-01
5.362779054880841834e-01
5.697862239428347353e-01
