5.460847392749759166e-01
5.265668673553423051e-01
5.338696389209173221e-01
4.646646957065039274e-01
6.357518558347943216e-01
5.064103661767711539e-01
4.326848737211863027e-01
5.834931005109066371e-01
4.736400661888580665e-01
4.639647527957983519e-01
4.473366832049829878e-01
5.038889862314622770e-01
5.349331860124098004e-01
5.343669215398435535e-01
5.251570820535427231e-01
5.130562640194903379e-01
4.937505479227305982e-01
4.807588558202013918e-01
4.466810416949562601e-01
4.767714421225098254e-01
4.389186117151175903e-01
5.034901215220515258e-01
5.132483288292407630e-01
4.201201617235976737e-01
4.788056958577661115e-01
4.887909329422659432e-01
4.693029800548815245e-01
4.977472530222552538e-01
4.813854274910620568e-01
4.692116352062911666e-01
6.090329171700981092e-01
4.912105181071317328e-01
5.455851848250434788e-01
5.422832032641414779e-01
5.603240308860004681e-01
5.999894707557356099e-01
4.880744797830258164e-01
5.470927889564058955e-01
4.659308380013558737e-01
4.284752362305478957e-01
4.209898982759419650e-01
4.475971832994266597e-01
5.330289935106613530e-01
5.347710904016297340e-01
5.185182982566898247e-01
4.324689090542657155e-01
6.441406052176723573e-01
4.882047232127273428e-01
4.765903256647837649e-01
5.290656244417425436e-01
4.559977731866324269e-01
4.063328975153192024e-01
4.623749851929238597e-01
4.733318051661017378e-01
4.669136565774675285e-01
5.328714011492871050e-01
4.809826409145807058e-01
4.484893906278661357e-01
5.406554544545474350e-01
4.476847222463046783e-01
4.389414116900787199e-01
4.970848095313188386e-01
4.789119554004105939e-01
4.523136174617815031e-01
4.217100633171245727e-01
5.021178916500422806e-01
5.178336399410751190e-01
5.212161563678203713e-01
5.386518890040697949e-01
5.366105344225409191e-01
5.822946867252023484e-01
5.522138388465697156e-01
5.188017630531391866e-01
4.676445041239416511e-01
6.684703582817903555e-01
4.145235435748159669e-01
5.168630427462134191e-01
4.512604123548796808e-01
1.130180708755050834e+00
4.905894972895131767e-01
5.675686265394875862e-01
5.149663220692415333e-01
5.340748974305600250e-01
5.227515490210669080e-01
5.228434041332650217e-01
4.811892540657891071e-01
5.420486792569555456e-01
5.085595233134367898e-01
4.508203259101971616e-01
4.850133142600884795e-01
6.415271164813848292e-01
1.789826872643612887e+01
4.273779058149780319e-01
5.437106371315230113e-01
4.464930003991627316e-01
5.343032036909151072e-01
5.830786246349137780e-01
4.885896088103188761e-01
4.676242910740124881e-01
4.689891589874136124e-01
