4.994698736870658018e-01
5.203467722205911139e-01
5.357657485096438688e-01
4.769619489360343301e-01
5.492637510416009672e-01
4.701888374542486093e-01
5.362819394442347454e-01
4.980586897275980918e-01
4.960772267449031769e-01
5.440848527069021001e-01
5.453153220519573185e-01
5.316504258701961749e-01
4.340959654875501394e-01
4.918370622365743072e-01
5.886487795293177117e-01
5.365176446546836564e-01
4.577761968943762083e-01
5.336957510213612421e-01
4.496754370743076268e-01
4.758452313040504311e-01
5.169898094576835801e-01
4.751119493530264193e-01
4.927556794091088599e-01
5.252999831967606337e-01
5.143270339106530420e-01
4.921764119994457287e-01
4.704650166579112947e-01
5.536384539494511037e-01
4.545262130303537873e-01
5.306480682799386006e-01
5.243749379251272380e-01
5.302432453236022303e-01
4.307290912530618576e-01
4.992199211499034894e-01
5.411581336757484983e-01
4.691482759028662297e-01
4.991409081098491241e-01
4.914754746437901556e-01
5.083473300541302420e-01
4.939060199366102077e-01
5.792578707859100673e-01
5.218056657351934913e-01
4.696521297288913654e-01
5.620919500389343071e-01
5.113214564578643095e-01
4.955102651900201716e-01
5.229551490052032348e-01
5.407014240085348256e-01
4.976132225766231043e-01
5.273117789635796138e-01
4.218556580981119297e-01
4.826490777747993177e-01
5.413170157448744524e-01
5.034746163359685722e-01
5.341658119894008294e-01
5.307830052787921860e-01
4.480535572400224376e-01
4.179976523602818017e-01
6.118219735335759246e-01
4.635212511200954011e-01
4.057788433664304417e-01
5.234828911704842991e-01
4.740323896544275661e-01
5.505294945400234230e-01
4.899168703087269927e-01
4.528002328692262712e-01
4.780978495908453363e-01
4.954887702562622009e-01
4.913658085651383400e-01
4.278841972249875503e-01
5.199360871146118113e-01
4.727348667954457406e-01
5.216537153583962194e-01
5.311304393254520084e-01
4.301402676686658655e-01
5.850610040913015730e-01
4.876082392866470383e-01
5.168733540164436313e-01
5.061058137373397603e-01
6.251855165916857526e-01
5.500215377723910448e-01
4.837779938159744164e-01
5.308466732922346720e-01
5.123790722367568273e-01
5.696906712363074554e-01
5.588518656360378367e-01
5.143154454572008705e-01
5.789875323000933660e-01
4.985244378272880028e-01
4.390668473301311270e-01
5.058951872107159131e-01
5.153394408170380858e-01
5.256346968824776589e-01
4.947348863583398426e-01
4.991169851093242849e-01
4.525594177272692642e-01
4.732678557109673556e-01
4.680290848557953631e-01
4.862144001217806877e-01
5.721480676020882505e-01
