6.063229261363699552e-01
5.217016697494486488e-01
4.347613357381238108e-01
5.665583904073220323e-01
4.866251903434485326e-01
6.107079896387601625e-01
5.395844474694164727e-01
5.035222400422759703e-01
4.727773630418258821e-01
5.269184493273616487e-01
5.833316868117284226e-01
4.478729479192363194e-01
5.755912060441265021e-01
4.774620865047009555e-01
5.785293095552023201e-01
4.902255116821691017e-01
5.000002636834299796e-01
4.913020390392163206e-01
4.719738295271080353e-01
5.806275458165934822e-01
4.891640055268967058e-01
6.887835808851189290e-01
4.952727460951047989e-01
5.013373212182888894e-01
5.706400710042480728e-01
5.535698797089451118e-01
4.735533881973102988e-01
5.485714306215241365e-01
4.480859051759302214e-01
4.594287125996234789e-01
5.312411455420990025e-01
4.488884296163049292e-01
4.265731196911076162e-01
5.655505574625399046e-01
5.471144148520006301e-01
5.266892388555227678e-01
5.034503494791441325e-01
4.645940910490101716e-01
4.658498691265908764e-01
5.005400712617823489e-01
4.759444867362815357e-01
5.768959560442800116e-01
4.537788706741617828e-01
5.257677464099042020e-01
5.423165104081785204e-01
5.158591272463163291e-01
4.996409230274545532e-01
5.038929328947516773e-01
5.013670539897896461e-01
5.033886409238969017e-01
4.958674521406210567e-01
4.669131705709315128e-01
5.316823245076321980e-01
5.150668148621582176e-01
4.830396706402349527e-01
4.918824362849221199e-01
5.034876832834894733e-01
5.396399383896663959e-01
4.909679895867430366e-01
4.916687346250371848e-01
5.038626351072348353e-01
5.155111067484994258e-01
4.363349949593428034e-01
4.500889296722482280e-01
5.011511689363921107e-01
5.139707743015895502e-01
4.701058579428424866e-01
5.973908288439521153e-01
4.806637133016763985e-01
5.173988099249579031e-01
5.502236327139365946e-01
5.412402833894752741e-01
5.693502870362272539e-01
4.867710617529165118e-01
4.643641610572404876e-01
5.005940067153514805e-01
4.681247742641935217e-01
4.995326645773213725e-01
5.094774388877950644e-01
5.606839834800030342e-01
4.837811989244815147e-01
5.360177380353623455e-01
5.319183395129308822e-01
6.203841269470825592e-01
4.311008742501577506e-01
4.861103093515989348e-01
4.949497091082589173e-01
4.649007708862020194e-01
5.432976120142952725e-01
4.826370582101242035e-01
5.165400704039041502e-01
5.877060488399944438e-01
5.332193776744520441e-01
5.493375322970077690e-01
5.229146898420438117e-01
4.809634094607433963e-01
4.935315416928662269e-01
4.866751030634834385e-01
4.785434257227147437e-01
5.717707227906043688e-01
