5.447995758561181567e-01
4.528274765042793470e-01
4.808654940544865863e-01
4.800073271296445565e-01
5.429745789069568840e-01
5.265591472641963922e-01
6.120589419593893687e-01
5.116307368929040589e-01
5.139395856141708574e-01
4.166512300603347763e-01
5.539159213002829985e-01
4.566835376000407121e-01
5.129049651750939853e-01
4.803816441122420455e-01
4.940085673388809884e-01
5.049059905560470130e-01
4.677894121056724308e-01
5.629379431157361946e-01
4.577515993644578063e-01
4.835927500252292233e-01
5.117376673095688222e-01
5.293945437826531597e-01
5.554506121285091025e-01
5.258437805872041571e-01
5.474617465156195184e-01
4.699162831839104326e-01
4.981598284175827174e-01
4.809682390611785818e-01
4.791558169087251073e-01
4.287101714613942849e-01
5.538498654579968594e-01
4.722992864172383953e-01
4.447549163615031609e-01
5.353161029868914733e-01
4.632435765228631874e-01
5.115413333400141704e-01
5.202081087504423218e-01
5.396541170896176354e-01
5.832083609299225646e-01
5.422325377312975370e-01
5.368667531098518797e-01
5.278245692897766128e-01
5.312097626651207660e-01
4.627790172531659474e-01
5.698448171147307839e-01
5.026801517236673122e-01
5.756443517037715951e-01
5.421652220749467732e-01
5.051860528525075056e-01
5.078248946826071641e-01
5.261203964872891436e-01
4.859646981265893229e-01
5.134007572362240257e-01
5.010452058400840514e-01
5.219143340739117454e-01
5.293266162131928798e-01
5.675214719010993614e-01
4.639797745108322768e-01
5.866493537372110545e-01
5.121092934737321301e-01
4.855831426644773297e-01
4.962306310256324737e-01
5.496933001427035670e-01
4.495856787200572802e-01
5.376455979004957086e-01
5.286488704687861695e-01
5.708265664371737769e-01
5.038194173253357500e-01
4.654925758898386112e-01
4.132794623966270509e-01
5.320355476630204139e-01
5.199269244722106720e-01
4.608165414175305896e-01
4.353197003736746784e-01
4.237385610588957352e-01
5.963351973340427215e-01
5.538679258981404896e-01
4.249370908002842451e-01
5.056863247444124410e-01
5.749021537859213549e-01
5.470060753497468786e-01
5.107490950116631012e-01
5.550371458603866603e-01
4.769925589717418091e-01
5.259639283197143911e-01
4.654284384630454352e-01
4.595286072913816189e-01
5.343845717837549802e-01
5.350771307253779918e-01
4.605322334618759395e-01
5.204551517369750968e-01
5.223866143655149230e-01
6.002820752028935614e-01
4.870356824239008287e-01
5.403076258382937258e-01
4.967510196208809736e-01
4.739620009580715609e-01
4.192428281002181234e-01
4.674180688882842993e-01
5.350199153376522521e-01
