5.245628708179702615e-01
4.189605676496162556e-01
5.166391708947877248e-01
4.094064154650366438e-01
5.555831696388607854e-01
4.841952316228405051e-01
5.832412388077832244e-01
5.181746252551676646e-01
4.525685447553656759e-01
5.294042828436700265e-01
4.637442067988027383e-01
4.889662647636142667e-01
5.055531039662201076e-01
4.836652173961755175e-01
5.313360912594680130e-01
4.904881226713569409e-01
4.350115765020919345e-01
4.381662407507830315e-01
5.429218803383886183e-01
5.599804519244594436e-01
5.391561404290386994e-01
5.099134134287056641e-01
5.261703986215822137e-01
4.454399412245244605e-01
4.217603196563025625e-01
4.545505725728385404e-01
5.089762714319323589e-01
5.322932443940299185e-01
4.538518984829474356e-01
5.257530025126713191e-01
5.933179363598755529e+00
5.312754630460418959e-01
4.821878712917291310e-01
5.201629883098671803e-01
4.632409074885496802e-01
5.084339385033946890e-01
4.989534747365203526e-01
5.195049418802863972e-01
4.939154164249901502e-01
6.830965487491559296e-01
5.403257761255123581e-01
5.437901273877141506e-01
5.587923893725023072e-01
4.708081359470678851e-01
5.041537394016791795e-01
4.844832316219665480e-01
5.031273697495758368e-01
4.917348649243355463e-01
5.660413958657605216e-01
5.090353782660539395e-01
4.501352579249514596e-01
5.510620664250661660e-01
5.003216726770592926e-01
4.844463570295002297e-01
4.660530037257213931e-01
4.780195983504367252e-01
4.965383952134423406e-01
5.111444261717886794e-01
4.594564905342236605e-01
4.789928300026276009e-01
5.487021454524333430e-01
5.012676329087959459e-01
4.589453352000530395e-01
5.638561330573096386e-01
5.242193991286248078e-01
5.507650402288026825e-01
4.860104434069202894e-01
4.305301917891072305e-01
4.861127171639104683e-01
4.333861503089598277e-01
5.307255872433888078e-01
4.841005702104558273e-01
4.569724115017496646e-01
5.337278417946826892e-01
4.808841784707975631e-01
5.886795706535568051e-01
4.630834826486218692e-01
5.687274641910219364e-01
5.061316127679136301e-01
4.323405755235871784e-01
5.751710812312804677e-01
5.344506788240689366e-01
4.583730984271845998e-01
5.111324058447265228e-01
4.936027693237829417e-01
4.671658764900327721e-01
5.153308604632884649e-01
5.689158691279951885e-01
5.090882045301733383e-01
4.252255815852293841e-01
4.614923311036970288e-01
5.991163059424421400e-01
4.284279143573904713e-01
5.149448101669290567e-01
5.502393325367136434e-01
5.052899519190390265e-01
5.328421430354969290e-01
4.203129676514535951e-01
5.617816124002157352e-01
5.803850247741475510e-01
