4.609816508966151360e-01
5.650296829678327359e-01
5.048768228099770328e-01
4.487902227554459444e-01
4.792918229827027865e-01
5.190343064279356877e-01
4.919580841624652257e-01
4.811554621543269183e-01
5.175127011286828616e-01
4.631796125421725474e-01
5.094196158327078949e-01
4.301537700180088075e-01
5.673575025955259754e-01
5.821295688458196782e-01
4.870435206000629513e-01
5.167081646760213198e-01
5.097166377205367693e-01
4.839327492949780929e-01
5.066788341780320559e-01
3.951040810151034699e-01
5.362034726724418388e-01
4.526922378580655604e-01
4.361826444985938966e-01
5.229410554649805976e-01
5.111160811410876414e-01
5.277793628449650720e-01
5.001952277625252297e-01
4.881779125590320345e-01
4.871417711726160893e-01
5.208565279869291631e-01
4.909525542016695554e-01
4.878863697357077034e-01
5.759072879143625201e-01
6.182554534043798178e-01
5.049586680530867566e-01
6.234240728390553210e-01
5.894495877624750246e-01
4.759626890405635469e-01
4.470132984904726658e-01
4.819795736326158986e-01
3.944314777897828250e-01
5.293503126784282475e-01
4.809198848973396112e-01
5.122633260317310810e-01
5.638673600863078894e-01
4.668181990994388353e-01
5.375475247423928682e-01
5.818233419428264774e-01
5.035404873306741358e-01
4.179139834167679979e-01
4.965002977703659726e-01
4.287615708184809860e-01
4.629469771674442069e-01
5.195340756163069340e-01
5.655017785188576340e-01
6.533007445071461472e-01
5.746461899889223623e-01
4.682747564005027008e-01
5.167358486249146177e-01
5.152423422553208399e-01
5.960367434949828125e-01
4.870071709410585536e-01
4.587614184585128707e-01
5.373814446449981519e-01
4.536276082838350265e-01
5.485894544547718077e-01
4.457353172240171579e-01
5.601316670187684865e-01
4.771462822137518267e-01
4.715069137397643884e-01
4.238064009673844224e-01
5.249925430766505530e-01
5.617167814292804984e-01
5.346932485297799520e-01
5.128703973330993593e-01
5.020749459943478765e-01
5.437078416659653080e-01
4.594491476305672673e-01
4.923663522696993256e-01
5.375811182114251796e-01
4.190451798975647901e-01
5.304384012174999663e-01
4.787128124111650340e-01
4.642255713294893282e-01
4.775038135952363039e-01
4.877868202886053717e-01
4.755436877796225259e-01
4.879749023022846854e-01
4.340032238202158332e-01
4.650067951593486182e-01
5.309594815350419106e-01
4.827127856289802899e-01
5.350447189261711145e-01
5.161044250477314632e-01
5.079403488891359730e-01
5.213896554599868338e-01
5.916425165002628939e-01
4.439209095795913496e-01
5.000742710659777934e-01
5.534623228329816902e-01
