5.057072920941528826e-01
4.837822250653372458e-01
5.041017402783990464e-01
4.903734843786954900e-01
5.100643442543955075e-01
4.834008053739303756e-01
4.496187504275601654e-01
6.108443914901653393e-01
4.403423389591442083e-01
6.287470145009753653e-01
4.906996959149605431e-01
4.308973055371506100e-01
5.026920037408667552e-01
5.278541092904980303e-01
4.385837278268716610e-01
4.624745894227820786e-01
5.475130666251150080e-01
5.484525112885605402e-01
4.604409113550158028e-01
5.439286605930474527e-01
5.393178057299262695e-01
5.199354914860846444e-01
4.657052757211725957e-01
5.476787502493346560e-01
4.957207464305691813e-01
5.235077800193608244e-01
4.765693387521307001e-01
5.104420380586230932e-01
5.835419583545151667e-01
5.329872153929963163e-01
6.439132003558915018e-01
4.233038895130593615e-01
5.412954711409382336e-01
4.961755450709759430e-01
4.597042450359981602e-01
5.202524820472802514e-01
5.331397923734511046e-01
4.804027124559508977e-01
5.206231223409358844e-01
4.680280254172892174e-01
5.316305839442242442e-01
5.317633680944510166e-01
5.081457659234817070e-01
4.948532053760180127e-01
5.269287269512463734e-01
5.488527516520086413e-01
5.096202709125671193e-01
5.446070779220238967e-01
4.815649499375017628e-01
5.511866243404055510e-01
5.464129307691404369e-01
5.214181066658801766e-01
5.183373585337905931e-01
4.671597661820278136e-01
4.863618638526475690e-01
4.620155060021790550e-01
5.199812902506445456e-01
5.051431277904221417e-01
5.146324842851497383e-01
4.643178211904910313e-01
4.706064094596114633e-01
4.740122225554038171e-01
5.619178077826822992e-01
5.916791238951590870e-01
5.123035741761325923e-01
5.232956543368274538e-01
4.972260494847793311e-01
5.013667637056943294e-01
5.175136062057477115e-01
4.625559433197395931e-01
5.193756475167621289e-01
5.328105010177022205e-01
4.636108255534089340e-01
5.301573371253511802e-01
5.472757318997389930e-01
5.224346623641169529e-01
5.931607593516782240e-01
4.586135251511727073e-01
5.317718909645954284e-01
4.781369629187802728e-01
5.681422173830821265e-01
5.224941473426242267e-01
4.760756807255127065e-01
5.037110375537175999e-01
4.799339432080069190e-01
4.143295418123064122e-01
5.595130814048925316e-01
4.545958622581589559e-01
5.186270080127578508e-01
5.523428165579011839e-01
4.315437563770230245e-01
5.062601804014641438e-01
5.725534663191008677e-01
5.290253655007580713e-01
4.891671814077697689e-01
4.852841767452569788e-01
5.355685858460816906e-01
4.834127297744002516e-01
4.796654967224207033e-01
5.613714564436472765e-01
