5.308445700657338229e-01
5.133406205973336522e-01
4.696201757666511045e-01
5.228671825110278171e-01
5.357613468867967743e-01
5.098132279977208858e-01
5.163179348966228099e-01
4.633402098038295613e-01
4.190991000404954980e-01
5.258327178214838860e-01
5.023450332185870337e-01
5.054597242019174264e-01
4.956057446483052020e-01
5.427863143782428734e-01
4.756960062471673467e-01
4.595354427673305486e-01
5.276257043569884120e-01
4.907500883115661905e-01
4.583114639833845705e-01
4.715196117570394363e-01
4.305203137088539078e-01
5.057334825672751277e-01
4.547568292107170285e-01
5.213685202648359329e-01
4.843520253951689170e-01
5.137740291873176268e-01
5.335907500258896263e-01
5.291862417460658774e-01
4.639834106405462122e-01
4.991088367250119395e-01
5.524279263788803851e-01
4.842644293010375800e-01
4.929853762407154227e-01
5.208859482494585524e-01
4.982552859426753744e-01
4.801562730583163741e-01
4.907434762958947649e-01
5.384174193994710755e-01
4.239934717613764725e-01
4.800530966076534956e-01
5.009302874463285038e-01
4.692284491778401789e-01
5.796998692733547065e-01
3.993217479548064608e-01
4.949412874787186278e-01
5.323026999198305909e-01
5.140972996434984843e-01
4.518949230487446234e-01
6.222897984498498847e-01
5.337402921925720189e-01
4.925793185910016247e-01
5.121255772933707151e-01
4.977447235267604131e-01
5.278714641675110730e-01
4.474948784984748573e-01
5.457498121021786552e-01
4.117617576485024244e-01
5.723276011978616351e-01
5.444182886406123689e-01
5.145551474809670900e-01
5.498362204311245671e-01
4.179443318146427444e-01
4.528753229674390424e-01
5.338579086552851516e-01
4.555353820151294975e-01
4.514954853153170800e-01
5.190888007855942732e-01
5.556104232818849242e-01
5.014228627075296707e-01
5.663289265463588018e-01
5.540840913883005037e-01
4.760373714925729138e-01
5.883986978065389728e-01
4.928565572157881935e-01
5.439566815628785745e-01
5.247470835052191473e-01
6.313309516326052195e-01
4.934254245715270493e-01
4.889162129495180920e-01
4.844969875371800683e-01
5.523502327513547527e-01
5.744877137338314510e-01
5.082125232421893513e-01
5.163820954313281808e-01
5.492207481568738281e-01
4.730746477385345261e-01
3.783264592008726002e-01
4.912493167502475222e-01
5.226256891899774271e-01
4.845664349551124239e-01
5.445913659225808390e-01
5.470739887360142051e-01
4.822547571706412017e-01
5.388248385902154602e-01
5.209593958314723272e-01
5.052129360571233629e-01
4.913741133451295373e-01
5.199099684251136111e-01
5.013233079097548783e-01
4.509411082771273560e-01
