4.984882202355349068e-01
4.889126341351135996e-01
4.247964142368603757e-01
4.728374704583268584e-01
4.983876012748429396e-01
4.514931162838337619e-01
5.055805704266045364e-01
5.466019478590617986e-01
5.099077010401855681e-01
5.501715320249132013e-01
5.144429859558795615e-01
4.688080503099785745e-01
5.304661402964480077e-01
5.109519466708466462e-01
5.584199456374587811e-01
4.948108484751826408e-01
5.028488297016565634e-01
5.403254896412732489e-01
4.676952514526507843e-01
5.023017421446213104e-01
5.362024331055613713e-01
5.237916388628216513e-01
5.846831038392348301e-01
6.916475931613137451e-01
5.054946685860088884e-01
5.202266862675357650e-01
4.735019503320928025e-01
4.817394099116517614e-01
5.419918064387825307e-01
5.918270730095409604e-01
4.868993103535067535e-01
5.269673154073418742e-01
4.593468197758367455e-01
5.717995019601213036e-01
5.611099922081682623e-01
4.656645339221801572e-01
4.751364301529311107e-01
5.018295430152283076e-01
5.196434904209862315e-01
5.437065325124841308e-01
4.442214606538547050e-01
5.426981014740072107e-01
4.630193825376066052e-01
4.420492167117606175e-01
5.271685760763508144e-01
5.239944179877414898e-01
5.398666493573071046e-01
4.783350640187488678e-01
4.647386672272939001e-01
4.386674480882207794e-01
5.346575872494703230e-01
5.575642569535023130e-01
5.217999726461886034e-01
4.658031748790289472e-01
5.476642104112670051e-01
3.896819897103346308e-01
4.211062236402540182e-01
5.137193498843680706e-01
5.126729590955411142e-01
4.583683254227627346e-01
5.033871150333794064e-01
4.694989536325456791e-01
4.278987519963914354e-01
4.798671846333510405e-01
5.255459401294532151e-01
4.944520530655855950e-01
5.440228261372221930e-01
5.543502157946700315e-01
5.896198188320543876e-01
5.264187421794128685e-01
5.320629346901987189e-01
5.272697107845234488e-01
4.656102782241967053e-01
4.802971932658776644e-01
5.074164794402199474e-01
5.511431560830708509e-01
5.486083321742359908e-01
5.185013862427279019e-01
5.400816872398674917e-01
5.038192722081120678e-01
4.957153303322390792e-01
4.572618861279101332e-01
4.370339663392622254e-01
4.298275045342547784e-01
4.870823636815200253e-01
4.858244805705022040e-01
4.861337334302493485e-01
4.750964031432262091e-01
5.382417175610741955e-01
4.734800618324652155e-01
5.141707884494273184e-01
4.907906378752699972e-01
4.106585816526916455e-01
4.871367203333404339e-01
4.822031891388300351e-01
4.979006522004444379e-01
5.373221566968090501e-01
5.070947899589640651e-01
5.008212484308666168e-01
5.573677500374477622e-01
