2.925082903502131870e+01
3.035764129223550256e+01
3.045564762380711699e+01
3.092366975306275734e+01
3.006753190121612462e+01
2.963541110433524750e+01
3.158541909807615511e+01
2.914917291391240894e+01
3.025568622439682898e+01
3.018758973938066958e+01
3.033339239758178962e+01
2.995777857182415715e+01
3.059966236885958679e+01
3.036899780592921161e+01
2.932803709010732973e+01
3.003033716601342817e+01
3.057540428178141312e+01
3.036030496938419176e+01
2.917819258684568240e+01
3.012929074799521345e+01
2.952108306073155575e+01
3.034646257070842523e+01
2.995385724169767983e+01
2.806569123211535910e+01
2.848844715094898206e+01
2.920979287209840081e+01
2.971196655391284125e+01
3.072838802408241321e+01
3.077509544143213560e+01
3.066129314084033197e+01
3.052469620151175889e+01
3.012836668114197991e+01
3.014492747117351357e+01
2.991957709205140148e+01
3.049014034611270674e+01
2.983026651270560592e+01
2.909070132135229869e+01
2.921655996750546436e+01
2.959699181115505340e+01
3.020695779139486703e+01
2.958262933699649366e+01
2.959280919012514133e+01
3.058012975463346450e+01
3.053569830174702204e+01
2.943277048213437652e+01
3.061352424792588423e+01
3.044656713481510124e+01
2.976483434324478239e+01
2.960325085796315392e+01
2.996278314497834927e+01
3.021762259969526099e+01
2.913081189582063502e+01
2.990930001128385385e+01
3.063257546913942164e+01
3.024130913521626240e+01
3.033704174396093478e+01
3.000850426903213375e+01
3.089506594525891359e+01
2.954401427789298751e+01
2.961814834759492143e+01
2.935112623997718018e+01
2.955034074820664713e+01
3.007312096893238262e+01
3.069271783367773665e+01
3.034774940312584235e+01
3.052590624943519160e+01
3.048554452258190750e+01
3.026545314050643753e+01
3.035928752226351435e+01
3.003946364682072101e+01
2.969418308194257605e+01
2.983932928085940972e+01
3.060093707451123279e+01
2.974439194903807149e+01
3.116232274011064618e+01
3.068024387197140257e+01
3.033008024413308945e+01
2.975328654508559367e+01
3.077316049943688014e+01
3.067503321875966549e+01
3.075444356164994275e+01
3.112387736552937412e+01
3.068012885146136881e+01
2.966331481754103905e+01
3.027087168509175541e+01
2.928477020438871392e+01
3.000998372858802554e+01
2.946327981952592268e+01
2.952600363722114807e+01
3.056859691430614490e+01
2.946505242838465577e+01
2.961966194975398281e+01
3.016740245760048822e+01
3.060728480209767710e+01
3.150099776072276114e+01
3.022433493203820731e+01
3.059233220270014897e+01
3.078443690593400106e+01
3.019668252854802404e+01
3.001410376891730181e+01
