4.941081260477182546e-01
4.892924353736548548e-01
6.037261888654239517e-01
5.248655630049497978e-01
5.248055289346974517e-01
4.981743856738797827e-01
4.864303048663986551e-01
4.777372451538440257e-01
5.821169206434773091e-01
5.496036016725395212e-01
4.951285229579526770e-01
4.823753580698235677e-01
4.712383647738402903e-01
5.555724221394574558e-01
4.790684598994176535e-01
4.706168844848667709e-01
5.569914555574393411e-01
5.382506991449538258e-01
4.331223238402336917e-01
4.561286798333920034e-01
4.620970281568110849e-01
4.790133398051518721e-01
4.738195310472715360e-01
5.511348411898965294e-01
4.729121721137316547e-01
4.686209835413470692e-01
4.903492743390278075e-01
4.977354144026842064e-01
5.925048722138328561e-01
5.025296593427004410e-01
5.196189995149892438e-01
5.358191527294435819e-01
5.069654266369276741e-01
5.072905648317831417e-01
4.639895941371868782e-01
5.244549665237611125e-01
5.663049863269203898e-01
4.846585185568218490e-01
5.018911121318948565e-01
5.067248683377491014e-01
4.369453593640710287e-01
5.181790133980149760e-01
5.111903097464557399e-01
5.129074797688381038e-01
4.611401630321754208e-01
5.289800883382685948e-01
5.342950021478587441e-01
5.288827098294616169e-01
5.166170655495396780e-01
4.511406634715551256e-01
5.205378999464358447e-01
5.348861123556446495e-01
4.948595781330382692e-01
4.813905719116129966e-01
6.085732964658410182e-01
4.667042558660027263e-01
5.519942310290727461e-01
4.951587484899539482e-01
4.363754490515930895e-01
5.319860630076795882e-01
4.973690464240754783e-01
5.188577899445888653e-01
4.756289274642852560e-01
5.385982309505775723e-01
4.776875167872888794e-01
3.620158056123753409e-01
4.704214069728203662e-01
5.516604685350644521e-01
5.136785172137842137e-01
5.084908737600991602e-01
4.411094241493806467e-01
5.641073050978184789e-01
4.254446934517204237e-01
4.800857255255142064e-01
5.373101034809291132e-01
5.188793208722149997e-01
5.811021899449841932e-01
5.219809905630414804e-01
5.015902408168876336e-01
4.272902521962786415e-01
4.743686971976408540e-01
5.561029421574815723e-01
4.857843503949038078e-01
4.733782947671295038e-01
5.254966281973242337e-01
5.404968088523368630e-01
5.325848625646520951e-01
4.847010103845442730e-01
4.796059582835710544e-01
5.671013821669940169e-01
5.233062210161996131e-01
5.744850532648801966e-01
5.778617311451944571e-01
5.852102658020440495e-01
4.936836479668212374e-01
4.530483647279384685e-01
4.946531194633664863e-01
5.162179935597073221e-01
4.620692390904223013e-01
4.725325552604588975e-01
