5.266051570419940653e-01
5.493920425208248526e-01
4.699661647509226214e-01
5.013027088762899153e-01
5.119798415416552118e-01
5.665755816953337298e-01
4.511719773833059999e-01
4.856103454905724148e-01
4.882657863914028895e-01
5.300428315787673039e-01
4.561644841960431074e-01
4.453138997674974120e-01
4.487582790092045082e-01
4.778581648025921336e-01
5.664235511603008533e-01
4.454298927794372309e-01
5.336291968585251677e-01
5.271116636233775798e-01
4.714883604428847796e-01
4.577346889031015387e-01
5.634408591594559645e-01
5.657371768339238827e-01
5.452583788092097983e-01
5.575317867334704802e-01
4.944105722199807484e-01
4.792710249336029071e-01
5.883529938069816945e-01
3.954183500338246393e-01
5.273711827882261449e-01
5.414710978543028075e-01
4.893608543147656698e-01
5.147993047030748892e-01
5.027097060031938680e-01
4.989722629202384407e-01
4.768353612959906340e-01
5.801804173654028229e-01
4.886019055392322730e-01
5.362213760319830547e-01
4.538362037673557281e-01
5.326958631428025948e-01
4.532844688792128096e-01
4.738279930769494497e-01
5.622163818373581146e-01
4.411365474615652760e-01
4.319969002313057693e-01
4.652045248147531620e-01
5.135399726797117426e-01
4.926165546080317759e-01
5.693013135626525667e-01
5.049130512667671100e-01
5.553617312563462471e-01
4.621727700218333790e-01
5.134041253415649875e-01
4.927156193122951833e-01
5.667617536291131852e-01
5.004770188341114423e-01
6.457943560333729849e-01
5.564256562679368301e-01
5.801890347833020822e-01
5.914850897933908724e-01
4.812854767265304368e-01
5.526943316108190452e-01
4.756204688433388617e-01
3.993088689087964105e-01
5.179645127338835531e-01
5.419010006823232750e-01
5.546387981709623993e-01
5.248712344673333030e-01
5.089533083985556816e-01
5.314244932639861085e-01
4.494020662723477999e-01
5.453654206451216124e-01
5.381071606755715164e-01
4.822269471992737810e-01
4.948651539003889877e-01
5.153414981499858660e-01
5.312044706593255228e-01
5.602067906529968333e-01
5.132197830265730065e-01
5.716785736830227727e-01
5.610706636975930639e-01
5.710860202413060582e-01
4.930651147476984297e-01
4.801887392309839298e-01
5.012737660696644504e-01
5.907455365476848019e-01
5.053350652251613617e-01
4.382909306445390563e-01
4.442395381696239709e-01
5.668222427686022691e-01
4.299497755687949341e-01
6.244290054597855244e-01
4.436197975034240626e-01
4.931027685900959412e-01
4.930918845532928363e-01
4.815275026664024849e-01
5.463827250735333596e-01
5.576305827018325223e-01
5.418004244913354750e-01
4.925223983067358868e-01
