4.828136449317863566e-01
5.903237831616272580e-01
5.348464406540774929e-01
5.286956002132618959e-01
4.746374747490428314e-01
5.673110579370247430e-01
4.626630154117259419e-01
5.474384276415829031e-01
5.437893758867180516e-01
4.685296830352859154e-01
4.730866125098062702e-01
5.277147833492648044e-01
5.514452918983363539e-01
5.941526846218534441e-01
4.203101287814230980e-01
5.774234225743662963e-01
5.058527039018407834e-01
4.761711806825312809e-01
4.235335495282674390e-01
5.190575543685844728e-01
4.972430163057075525e-01
5.505234480270614350e-01
6.053376870906693741e-01
5.089785703241967996e-01
5.068059543288995217e-01
5.800620011804217269e-01
5.270337366485866593e-01
4.939772615762269004e-01
4.917973191883439066e-01
4.533803249156403425e-01
4.739286025574285244e-01
5.575696298146863850e-01
4.815035508061434322e-01
4.642274005932006120e-01
5.377219275717455282e-01
5.195717517269931029e-01
5.295049274427612307e-01
5.169560842983230708e-01
5.055217547415313817e-01
5.465309491177569035e-01
4.428799903231536716e-01
4.787124042508260624e-01
5.209557695061968197e-01
4.673448289730288141e-01
5.008854556912872846e-01
4.782221559153256307e-01
5.138286762950549091e-01
4.483877925125749342e-01
4.453832679784700543e-01
4.904971078278634877e-01
4.630629823299929337e-01
5.300989561944174921e-01
4.603287389063175916e-01
5.058054160881840788e-01
4.753879077540882903e-01
4.671499606624233691e-01
5.030587392468054420e-01
5.578957936725530420e-01
5.649875410529009434e-01
5.044975537083545847e-01
5.205357641985185468e-01
5.306355962627806733e-01
4.608627607458634090e-01
5.625067390171502035e-01
4.656761915376130823e-01
5.003990135490017366e-01
5.402073934136174538e-01
5.475251874610015390e-01
5.149339043863434551e-01
5.432074193664139239e-01
4.840976375250292674e-01
6.041543845301969862e-01
5.459416915201500409e-01
5.251496005694342717e-01
5.689273192967199133e-01
4.044351707111456529e-01
4.848796371913914327e-01
4.994046804070259027e-01
4.684943712804552907e-01
4.862382692962358144e-01
4.748087606255739779e-01
5.138167632550691977e-01
6.433792590623440555e-01
5.275119441201449044e-01
5.145497917358544671e-01
4.874507880449035491e-01
4.765396286396147429e-01
5.739624408031832603e-01
5.118095993074568417e-01
4.355396720059875326e-01
5.179637194169073311e-01
5.089716532249535241e-01
5.243044973883933535e-01
5.745636732467952479e-01
4.561201070456653572e-01
4.582821596411383314e-01
5.407659035613897602e-01
4.678386296687755963e-01
5.676494206205117132e-01
5.843540597721769148e-01
