4.898203563010122830e-01
5.520919072155852092e-01
4.557469536347904526e-01
5.363830339369035638e-01
5.299600274338537309e-01
5.428557028993219458e-01
5.650994609420029180e-01
5.013893847237872459e-01
4.961634400963371161e-01
5.080189361686484606e-01
5.601922038427863404e-01
5.233448044531405774e-01
4.594812205959055706e-01
4.776573561373606558e-01
5.214073717557311527e-01
4.985577723855991739e-01
5.369385762126123174e-01
4.905004419751211042e-01
4.767042973180878884e-01
5.157974915751801781e-01
4.513863179010661475e-01
5.118171056506592986e-01
5.102438076350326313e-01
5.245085020283002386e-01
4.892916996264093932e-01
4.983871791010344721e-01
5.239122354125337333e-01
4.746282894628162108e-01
5.010399150249494893e-01
5.207661112253747504e-01
4.482314592597046454e-01
4.862649162233567135e-01
5.166768799467674755e-01
4.814152268579749983e-01
5.403516166242924301e-01
5.515899908007511065e-01
4.354649272902166857e-01
4.778778178690952227e-01
4.907773642955310933e-01
4.723033059777062559e-01
4.847389166155346429e-01
4.713243101097938648e-01
4.646200030579998308e-01
4.712637360510046891e-01
5.676292174669157475e-01
5.588817863439194955e-01
5.278278869340349289e-01
5.083682685710098070e-01
5.412234899741134031e-01
4.849517158111393833e-01
6.098882028045354842e-01
5.291887528953902464e-01
4.347483316049827184e-01
5.876787264662011179e-01
5.136676749483095605e-01
5.012015178440455410e-01
4.965012776352595858e-01
4.745839945364898060e-01
5.312064228448375447e-01
5.386076761094757970e-01
5.459792832230928594e-01
4.630931208369893359e-01
5.695483029974084399e-01
4.839366298819567369e-01
5.185215401456315654e-01
4.800118559865712009e-01
5.592392276925168826e-01
5.105266987699378367e-01
5.715813883643047211e-01
4.868719317434965221e-01
5.102812966261182082e-01
5.512952793766022763e-01
5.361439000932549659e-01
5.535706779159095259e-01
5.969395351068190747e-01
4.909879429216469915e-01
4.807643549979868092e-01
5.409749033182431610e-01
5.423375377614403359e-01
4.911189193276375153e-01
5.485969416716073299e-01
4.560523613359119821e-01
4.308867995193638722e-01
4.583982892697929246e-01
5.873497225328542237e-01
5.063921813140156436e-01
4.836755130873874875e-01
5.085853551036793041e-01
4.885010883505432333e-01
4.987513098162236758e-01
5.290813633946763739e-01
4.758925415955320148e-01
5.756341191290531567e-01
5.312641364847537906e-01
4.756434660057414221e-01
5.224158149361501913e-01
5.427934222194319425e-01
5.941895546135661510e-01
5.027204411478678470e-01
5.463531666447665192e-01
