4.958375541456623292e-01
5.272824957853939898e-01
5.079074482125766066e-01
5.625017003648082881e-01
5.316649588038756535e-01
5.247951456766286604e-01
4.934748174045734403e-01
5.364212743087438673e-01
5.235358058775614332e-01
4.938408923035872977e-01
5.157709283780620435e-01
5.172777723313837228e-01
4.872660030119722596e-01
5.365232567313424905e-01
5.140667119455709644e-01
5.424854275568586903e-01
5.539144489184825160e-01
4.755495560825435675e-01
5.358652565259194311e-01
4.732038393646094687e-01
5.323301875763551960e-01
4.987434936804960306e-01
5.506717499504508728e-01
5.710458165274784337e-01
4.205503706669044828e-01
5.074776758514170094e-01
4.834004272981426431e-01
4.626191695736470155e-01
4.596941852835548237e-01
5.000544937957436264e-01
5.888978677382998850e-01
4.733625566503901760e-01
4.459049690865688476e-01
5.035068941048717051e-01
4.994484614482820328e-01
5.354026409681997833e-01
5.544541610834987644e-01
4.961390779649817451e-01
4.469679170877933760e-01
5.850917445148418050e-01
4.604099656932318929e-01
6.013734997629605061e-01
5.168265060270600397e-01
4.667952681794501624e-01
4.692365370523182699e-01
5.581890060953627053e-01
5.367547197176023577e-01
5.632471142887173210e-01
4.739116509742105632e-01
4.953507681240923444e-01
4.912587342091500608e-01
5.374721286132735365e-01
4.676201759563801685e-01
4.841244033979802408e-01
4.353803411941481460e-01
4.676529939794292767e-01
4.996365411423287495e-01
5.684513409137526008e-01
4.676920103010957508e-01
5.563246486223352161e-01
5.143238015275009012e-01
5.385863095179532767e-01
5.396418352801328755e-01
5.282633781406468332e-01
4.884980036684883897e-01
4.593152379064351920e-01
5.165060259058905645e-01
4.937982730457349811e-01
5.143382724392562277e-01
4.937074712666180698e-01
4.252850990202033388e-01
4.606764814975770617e-01
5.049521485545246380e-01
5.244126350456519425e-01
4.974797090823800394e-01
5.371670479014277744e-01
4.618459970922314528e-01
5.691271258139131151e-01
5.618450708330764432e-01
4.495866043439301074e-01
5.312195354586999319e-01
4.502473681329424160e-01
5.231643788144383356e-01
5.793839965798687208e-01
5.120685788606966771e-01
5.525125154023781127e-01
5.032045247550234190e-01
5.573410459996210875e-01
5.277781748497554215e-01
4.519727584561884504e-01
4.709745082250604842e-01
4.464682307290254726e-01
4.281308707774752476e-01
5.091866846000707714e-01
5.609336563965183764e-01
4.711542616846184361e-01
5.773696405369592721e-01
4.604760576863920485e-01
4.868390185893808342e-01
5.783239389914729411e-01
