3.381092652513742536e+01
3.111498489097343167e+01
3.265156442699733219e+01
3.483357413324606000e+01
3.363241436607842871e+01
3.407395136055227880e+01
3.335323528595124287e+01
3.441051000747586386e+01
3.254313152999002767e+01
3.426391471837295200e+01
3.370055565941864728e+01
3.305963057606236788e+01
3.298306450073106788e+01
3.420459304457868654e+01
3.185120631216263831e+01
3.393594380681692968e+01
3.298156647993229740e+01
3.347775638594208658e+01
3.335002318523019227e+01
3.450602038246393022e+01
3.282317619946324783e+01
3.328896786214227177e+01
3.391194391725024104e+01
3.411717111938122571e+01
3.365502112590151995e+01
3.506278812177050952e+01
3.407155812711264531e+01
3.175899594575325935e+01
3.392324562120263920e+01
3.387025780527652330e+01
3.381028007118428746e+01
3.434425082783495498e+01
3.422143514230860717e+01
3.398242822119137685e+01
3.386291267205562860e+01
3.267676273458902614e+01
3.210846995664039838e+01
3.418154654625519839e+01
3.366881343493992063e+01
3.302110603928588972e+01
3.396622066283494235e+01
3.433773962551038750e+01
3.308159086117267833e+01
3.363025398436426627e+01
3.456585943853330178e+01
3.407091136998962355e+01
3.238985781101744976e+01
3.412532892931901785e+01
3.346815089606578653e+01
3.408676113090606918e+01
3.350617361276038508e+01
3.237444760503864671e+01
3.385499754528063221e+01
3.502570790245660248e+01
3.571401756849540732e+01
3.357732313816428160e+01
3.338887296383060033e+01
3.344827260614143682e+01
3.351794129817016454e+01
3.322111051304571561e+01
3.534508128278041283e+01
3.346055005407587402e+01
3.270200739799553702e+01
3.387757340628194669e+01
3.331998371773182299e+01
3.027652926383532161e+01
3.398736113327993991e+01
3.317131601698016397e+01
3.506739918459399519e+01
3.581332119167370109e+01
3.265606028095925950e+01
3.183197462599887828e+01
3.217559961918018274e+01
3.362422840828421045e+01
3.455666792760626294e+01
3.455991032239398209e+01
3.415551542072605429e+01
3.417477771553536314e+01
3.238797094384778319e+01
3.398699911174454513e+01
3.192127861458194715e+01
3.456848891259301126e+01
3.394028218479903813e+01
3.488342399626951362e+01
3.263775730123133911e+01
3.379967436871137210e+01
3.452727195844136077e+01
3.222119617455765450e+01
3.406917584577373503e+01
3.311820480779670106e+01
3.294348928125859288e+01
3.186536700222915641e+01
3.429437317004207841e+01
3.359205834314822425e+01
3.286383490374642236e+01
3.247977658881143981e+01
3.240403716508318865e+01
3.342360301736898975e+01
3.346134221190083480e+01
3.415629622628053852e+01
