4.348137966657013020e-01
4.830546242864514062e-01
5.220758124195761241e-01
4.704498114034433298e-01
5.073505210250697228e-01
5.184512500619673503e-01
4.587125076215353703e-01
4.717594594422495624e-01
5.137602300199320959e-01
5.009896283867713018e-01
5.466136356335884461e-01
4.925526734506319171e-01
5.838031637241697380e-01
4.977230822519790876e-01
4.691101378135027478e-01
5.381615488998093833e-01
4.470862075717412232e-01
5.462222116419576112e-01
5.031158605225253266e-01
4.493894567055216616e-01
5.067674702761215677e-01
4.466621564599230765e-01
5.059095916459043218e-01
4.984614443089387392e-01
4.507084881959966260e-01
4.520497932248193074e-01
5.122673372665014213e-01
5.314141102259978267e-01
5.736682517850246743e-01
4.344201720834233171e-01
4.952872210133238973e-01
5.369096500354314516e-01
5.173655577552850326e-01
4.873428490978043981e-01
5.211983729149557432e-01
5.032746913493335583e-01
5.543183962941166110e-01
4.727228748250951740e-01
5.239820156657422068e-01
5.086894183046875018e-01
5.472304966023475714e-01
4.723226023441876031e-01
5.166839008911920939e-01
4.545756175758764450e-01
5.377517223292737070e-01
5.329396929609356848e-01
4.752952950074491589e-01
4.808081090185012951e-01
5.016682465481132613e-01
4.565285561602976938e-01
4.890237092534577834e-01
5.668521739335143916e-01
5.106605216305745154e-01
4.824888121945769548e-01
5.034738381734171764e-01
4.766386863943198882e-01
4.511579232867055089e-01
5.372218138222589756e-01
5.237694570381612458e-01
4.747307349480358041e-01
4.801842338698888435e-01
4.855893762192852181e-01
5.539751790002963583e-01
6.187630382449370581e-01
4.572899980129953579e-01
5.158614773595154857e-01
5.788563661977890185e-01
5.463797153520326688e-01
5.504735606296746742e-01
4.764793082338086294e-01
4.319902596785014093e-01
5.538217991388512118e-01
4.619514161612645053e-01
5.566972554115988681e-01
4.516820459238810592e-01
4.909336297521216808e-01
4.740736324723252015e-01
5.240718466219271843e-01
5.334649431589886248e-01
4.678565734637692430e-01
4.157094922321519226e-01
5.187466432255535276e-01
5.464230789208867067e-01
4.983584154631041652e-01
4.610140960350216366e-01
5.819231596739239398e-01
5.307985554143170859e-01
5.490633598583031239e-01
5.454732798029937602e-01
4.581351714822184951e-01
4.481188629214994945e-01
5.077756613123852736e-01
5.317287107063470852e-01
4.469800261563900978e-01
4.170808593521347918e-01
5.215339609806427523e-01
5.147157671626697573e-01
5.345754598362987275e-01
5.180636338411824804e-01
4.539377839271822590e-01
