4.872327944992708715e-01
4.349734648339597665e-01
5.092757402477927631e-01
5.017170675059307028e-01
4.660160160435671273e-01
4.368093872130342503e-01
5.443712324075409281e-01
5.286382125766871942e-01
5.654487075341602109e-01
4.116913132755293248e-01
5.256158172845503129e-01
5.100393882983758065e-01
4.910006593386572193e-01
4.611685373069943084e-01
4.578399376442232604e-01
4.840734364464107653e-01
5.282079045542258378e-01
5.075716490608691567e-01
3.979733108290992027e-01
4.586326770732804259e-01
5.277590994433674076e-01
4.958229342708815324e-01
5.574052852272620706e-01
4.864447332338875940e-01
5.098247732556129286e-01
4.736168056046109465e-01
4.469874225653750477e-01
5.318106066588650371e-01
5.676114348568195300e-01
5.097461528638782546e-01
5.288508976545532869e-01
4.891087245766850833e-01
4.246867286002087849e-01
5.274046362447593062e-01
4.722507419336956502e-01
5.315644333163088708e-01
5.361194523354625430e-01
4.982489378503052180e-01
4.995610506302218812e-01
4.999704300002097423e-01
5.242857140172985098e-01
4.766788450193485405e-01
4.916027272218251865e-01
4.919242921270395863e-01
4.655210324861371318e-01
5.331195142040403567e-01
4.477856763410016927e-01
5.517605255391724306e-01
5.225970040995594479e-01
5.606969847508757043e-01
5.618057204562020290e-01
5.329258988234918393e-01
5.286015038012864542e-01
5.096298027196584091e-01
4.116285172665793413e-01
5.259938107283991249e-01
5.015214063873797423e-01
5.450534928613331997e-01
5.162048131781958871e-01
5.098889426417362314e-01
5.364373369500654576e-01
4.940362529349850429e-01
4.393386872839697976e-01
4.927442613149123907e-01
4.778083742137212986e-01
5.538787572715062613e-01
4.059491011688590723e-01
5.289851708383315199e-01
5.335803233881915020e-01
5.406495838860393421e-01
4.744634291366573997e-01
5.893049356118273963e-01
5.609790846171858192e-01
5.387663208241145751e-01
4.979773300149730741e-01
5.067376932461836736e-01
4.444874609172365654e-01
5.092583916563391266e-01
5.158556873372336371e-01
5.269258907653014967e-01
4.466460428582538222e-01
4.865658547175277238e-01
5.360233751422102122e-01
5.126315130041191326e-01
5.712666828640905470e-01
5.818248287936133023e-01
5.028255497718112643e-01
5.359940338368055501e-01
5.061969468108197256e-01
5.571417743687914204e-01
5.308044917990291101e-01
5.119277120409772008e-01
6.434124575110901079e-01
5.123157529748333383e-01
4.949924974912344733e-01
5.005451237467049008e-01
4.688728218226552724e-01
4.897486939997194866e-01
4.818055788935142747e-01
5.276371357531292050e-01
