4.929945904305579329e-01
5.456577577074993579e-01
4.817703670457418874e-01
4.693004336903848772e-01
5.235516433010288795e-01
4.485396808480907049e-01
5.065023179496433992e-01
5.623128300442540306e-01
5.139398758333656447e-01
4.492470627393000959e-01
4.986988263102911656e-01
4.989146364943904399e-01
4.970433174166566381e-01
5.957727322754741150e-01
5.266761785476046231e-01
5.135831113036312123e-01
5.030773705997164669e-01
5.301706937363483974e-01
4.729608816251309467e-01
5.407988766433270422e-01
5.571450752005254747e-01
5.169866511535167186e-01
5.574462605788236269e-01
5.281966923528388369e-01
4.645765722094529759e-01
5.068336186692184997e-01
5.319549849298107480e-01
4.324312330371876123e-01
4.997504993297411380e-01
4.767699895809349164e-01
4.751368852123625808e-01
5.414592962196196346e-01
4.518639252878425827e-01
5.131383156888214003e-01
4.810056681747328367e-01
5.839095667989847582e-01
4.376618258539655693e-01
5.090829167540259492e-01
4.565685925692589686e-01
5.211653621489776844e-01
5.229554138195171564e-01
4.655331880910279496e-01
5.432236851701562896e-01
5.223189868767984523e-01
5.378112865928199593e-01
5.339320589725949917e-01
5.159700537476599180e-01
5.032224158554211568e-01
5.795269704313578130e-01
5.562315860923604527e-01
4.857063233734498220e-01
4.709032854802598367e-01
5.086370857296388381e-01
4.561586581122015205e-01
4.792802949831977966e-01
4.670900537907050065e-01
5.194045096477646339e-01
4.814381981351031348e-01
5.399820047365712083e-01
4.543572334624431663e-01
5.162143504071378119e-01
5.549255116907504393e-01
4.701485342304740911e-01
5.332676313371604859e-01
4.892240207569179544e-01
5.235749793082825621e-01
4.986890060521218526e-01
5.052374199062819038e-01
5.268511768219499292e-01
4.970846483283448136e-01
4.596791019291424085e-01
4.868109932589519406e-01
4.971421882665642555e-01
4.906932112356686693e-01
4.709642439567862660e-01
4.501352507205180209e-01
5.503301751809883680e-01
4.763842285560505041e-01
5.205375788999923037e-01
4.443972545862170387e-01
5.324226799414254474e-01
4.036807082854549922e-01
5.577742752037321283e-01
4.868436675189198315e-01
5.287916734354478621e-01
5.538844081386359308e-01
4.791490423343322536e-01
4.350676967469216949e-01
5.081398351869792496e-01
5.163332371980027258e-01
4.727067272896031680e-01
4.570448498769488221e-01
4.750966904613341812e-01
5.086118716449771204e-01
4.928940270517259692e-01
5.107252078811872487e-01
4.991848401978473682e-01
5.826770811897791225e-01
4.452908110984211687e-01
5.658772462574254147e-01
