4.973157658314961704e-01
6.102198254603022898e-01
4.777680904088552061e-01
5.355391411041027228e-01
4.752879313646600212e-01
4.985389451017867568e-01
4.460124907964176377e-01
4.838592741083676541e-01
4.666639290120966344e-01
5.082309090135070928e-01
5.082548347805929678e-01
5.664236659396720830e-01
4.537741595628548841e-01
5.012914397079354378e-01
5.336413639433870149e-01
4.583781774628951089e-01
4.850833400822436858e-01
5.027652279374330568e-01
4.327482482525553120e-01
4.281395750834013914e-01
5.221814538780633619e-01
4.947266363643814113e-01
4.860352948706024301e-01
5.513789785528736553e-01
4.973815551573840255e-01
5.537481178956992212e-01
5.068382715968582364e-01
5.532639985635023905e-01
5.277652977796248868e-01
5.098684327697596830e-01
4.669976903124380407e-01
5.131225249141684319e-01
4.744908122828119801e-01
4.873398224801924750e-01
4.792570425560333525e-01
5.314766217145849847e-01
4.774445479676667214e-01
4.450578962849721654e-01
5.140497814319390235e-01
4.856869978592527892e-01
4.869029046832012986e-01
5.103619984772614915e-01
4.815953333883205567e-01
4.938240001275497892e-01
5.060206870497573339e-01
4.867588628588196409e-01
4.852096570861066382e-01
4.990389634829616172e-01
5.603565222822103342e-01
4.628701563009277598e-01
5.530516756651741028e-01
4.142692231656889823e-01
5.234143685488092945e-01
4.784765327920549316e-01
5.237319794261368067e-01
4.602947057486151961e-01
5.424409631623294814e-01
4.940782749450422506e-01
5.052297669834547866e-01
5.335246836643668944e-01
4.627254139955703227e-01
5.256673396608710913e-01
5.352856861014272383e-01
5.682683382667895744e-01
4.569067272714111838e-01
6.143534149847478254e-01
4.953686051401008372e-01
4.947006119205319963e-01
4.321578954149606355e-01
5.004010540124884665e-01
5.370246749614644433e-01
4.359976019710090078e-01
5.476709431479953594e-01
5.199094889787410079e-01
5.865692518972676073e-01
4.818059959918631896e-01
5.600963858253409366e-01
4.804490843541557865e-01
5.237473802210385054e-01
5.165496167565859498e-01
5.481965184119332868e-01
4.660533992386662328e-01
4.552374070925183647e-01
5.110912984050609564e-01
4.047536583685060751e-01
4.782387875652986953e-01
4.881926063216492362e-01
5.231191724547643584e-01
4.296574217908216697e-01
5.173629153070624653e-01
4.809070421403520146e-01
5.406726943111144212e-01
4.486510625710589673e-01
5.688137520966562999e-01
5.073082623260093404e-01
4.783912290577408966e-01
5.376614230150160711e-01
5.864883304699451960e-01
4.850690283257048652e-01
4.480376417228928987e-01
