4.701904824617217926e-01
5.049085243817672541e-01
5.036645179026472130e-01
5.404946125838947513e-01
4.630442660943911437e-01
5.028389023170583005e-01
5.117266534715673165e-01
5.804061392254447060e-01
5.680860586507757715e-01
5.071816048069759386e-01
4.647071895589726664e-01
5.798987594327089656e-01
4.592977869266657298e-01
5.137931678382813283e-01
4.771155132148117706e-01
5.337340747124914575e-01
4.941283139794403478e-01
5.486266231909929791e-01
4.918523617088471633e-01
4.767292780362568649e-01
4.465030052143786898e-01
5.237928410191554640e-01
5.182513252990452735e-01
4.334571269147154404e-01
4.907981232056797261e-01
4.699209708488963910e-01
4.520263956498196678e-01
5.216530416892255495e-01
5.063615049165728355e-01
4.477213513760108787e-01
4.997121869938520589e-01
5.114282732001466103e-01
5.444674462603972254e-01
5.167098822198284980e-01
5.280192243636910865e-01
4.879436477508760084e-01
4.585976359311887407e-01
4.998649593364550281e-01
4.468533886835840407e-01
5.266804954209213241e-01
4.391540100707839178e-01
5.033372257449917342e-01
5.345705321995551929e-01
5.852122069448431052e-01
4.944190175917730357e-01
4.687605293921027205e-01
5.395494525801746155e-01
4.546160772617322543e-01
5.271760716341693520e-01
4.814838745377142404e-01
6.011828343124026031e-01
4.385780358709232551e-01
4.690185315647599218e-01
5.774215871963237490e-01
5.000816504337269874e-01
4.549632701587359440e-01
5.089690868319949324e-01
5.202941755810887026e-01
4.821566537366064886e-01
5.336897781852099065e-01
5.181352419509405172e-01
5.025440532980975927e-01
4.293468629787183799e-01
5.181978737528043499e-01
4.586147949900917786e-01
4.574109372458564082e-01
4.144760592200381066e-01
5.295203392840469592e-01
4.776182895035215314e-01
5.334141242827833418e-01
5.193908651589839165e-01
5.470269778314583720e-01
4.909897584635508072e-01
5.707670532544814046e-01
4.691168108088398236e-01
5.391627828148148893e-01
6.120829172872543911e-01
4.659548456697399921e-01
5.113314010474784288e-01
5.173577820550430140e-01
4.477118426640366300e-01
5.601852895061377735e-01
5.106241935200231952e-01
4.963424941629501208e-01
4.585974577710864586e-01
4.620955144378333657e-01
4.834135704024444258e-01
4.840545184685155489e-01
4.815466397716570701e-01
4.917396214946270772e-01
5.139116353919304103e-01
5.466082508955131258e-01
4.827489173097150310e-01
5.147769824256496207e-01
3.988420382565273092e-01
4.314601088906057091e-01
4.878287310670284538e-01
5.102766901277393519e-01
5.803546141503199696e-01
5.318815632586441078e-01
