5.183924137781605879e-01
5.335080993614478295e-01
4.426551482494786582e-01
5.576783085360872416e-01
5.437417910855708580e-01
4.560372873039563180e-01
5.711919445071679258e-01
5.390454270596356512e-01
4.829201468546737708e-01
4.552423292556722623e-01
4.452442585878105263e-01
5.528282281970574585e-01
4.859360612110401600e-01
5.339343573495504147e-01
5.093307748537956314e-01
5.204409174157017537e-01
4.638235378679210208e-01
5.080621522537969170e-01
4.688767012587696792e-01
4.193552181319539218e-01
5.384249260163268547e-01
4.199854315017522710e-01
4.844515576288892511e-01
4.639820805756873501e-01
5.120866235490915130e-01
5.060155080636838942e-01
5.652321464975784693e-01
3.919782011597756632e-01
5.272535085498486485e-01
5.372895198093569080e-01
5.478453463373503807e-01
5.111755041538836863e-01
5.377309237615883752e-01
4.588206952973989949e-01
4.754545956431279197e-01
4.623160858251915695e-01
5.096344016670892874e-01
4.663013027024378587e-01
4.777054657792855763e-01
5.073887696330252606e-01
5.494462816449260378e-01
5.398990282952363939e-01
4.835789792332292336e-01
5.494389660039062928e-01
5.359137697335341066e-01
4.846167250585348141e-01
5.128505833338655728e-01
5.092098515717661256e-01
4.762068564141400673e-01
5.387723230466188173e-01
4.678163224035253864e-01
5.230445214493321116e-01
5.032650182599944788e-01
5.101806875542965747e-01
4.924961449507495037e-01
5.732009428256090722e-01
5.242721266872641950e-01
5.230059269949226541e-01
5.375917866837207626e-01
4.685852976891924926e-01
4.936798241022222755e-01
4.609308888694373940e-01
4.766737585292941115e-01
4.811225586818287381e-01
5.039366746213169712e-01
4.393212212274797968e-01
5.166252968059735773e-01
4.778303807884085042e-01
5.554625011584473082e-01
5.109443315071152680e-01
5.398108096328760874e-01
4.324206407945240804e-01
4.267194037774501014e-01
4.744187987726012357e-01
5.508274826277539393e-01
4.546236472065924294e-01
5.871855604615726643e-01
4.948445656188150132e-01
5.192048271287456052e-01
5.269373788830873373e-01
4.655447904701716655e-01
4.978044084268665737e-01
4.590178504538473536e-01
4.653339068325064720e-01
4.929758579397044982e-01
5.128130863833104680e-01
5.379224378561846542e-01
4.646079024676104674e-01
5.269154653677556865e-01
4.439328272603045855e-01
5.225693015868745350e-01
5.525767618704390260e-01
5.629787313460613563e-01
5.558269915584145293e-01
5.804953578250946489e-01
4.334479647436221827e-01
5.118292305103734341e-01
5.189618021662462111e-01
5.721846541375819051e-01
5.230468062939177543e-01
