3.427122836362047309e+01
3.449698172756924919e+01
3.560395390083755984e+01
3.497234313782907833e+01
3.582511214289116452e+01
3.529865979060220837e+01
3.479796545185134704e+01
3.543561312225493509e+01
3.636830435662823646e+01
3.448763166309356620e+01
3.571821607906686324e+01
3.511905961281620847e+01
3.685645269763884357e+01
3.472873288403117442e+01
3.468223342274941956e+01
3.645266336766153614e+01
3.362994119520131164e+01
3.727701215233913246e+01
3.520973677956782666e+01
3.545158074487245869e+01
3.492166269211222129e+01
3.395222000219403924e+01
3.692099494031072737e+01
3.430382478302943383e+01
3.527144801494158344e+01
3.530683673206128503e+01
3.423274826208794508e+01
3.629559185727244852e+01
3.370269149514233220e+01
3.581790738727175238e+01
3.437734275152390495e+01
3.382324424843621813e+01
3.430817811213632496e+01
3.478246199470672195e+01
3.556141906173842671e+01
3.684119670752652809e+01
3.396577851454905783e+01
3.518338826349364723e+01
3.662053957435265517e+01
3.633045416774724856e+01
3.655415486426039706e+01
3.686983507575078534e+01
3.520970074444636566e+01
3.522068454107323277e+01
3.689227400571549254e+01
3.611467396670626329e+01
3.487139929142491468e+01
3.636404079476769624e+01
3.594236384469912338e+01
3.736150058338782287e+01
3.518489891360604815e+01
3.584080225903363015e+01
3.447515487593649652e+01
3.523613607776309209e+01
3.589751801771680562e+01
3.342570685318662527e+01
3.455265144501109376e+01
3.617259591234366667e+01
3.509541994097410367e+01
3.539969744106285532e+01
3.687727740096149631e+01
3.549596911080828221e+01
3.549245143661307367e+01
3.728394393171426913e+01
3.448046404307250157e+01
3.584673832420897810e+01
3.696053054235900959e+01
3.449505557839903958e+01
3.448868051015462299e+01
3.463559034650840829e+01
3.551555084954029695e+01
3.541978061044281390e+01
3.636773506239916287e+01
3.497271996463561550e+01
3.378467121604099077e+01
3.484155403809468510e+01
3.368520042305796380e+01
3.489818823723970809e+01
3.549941832926558760e+01
3.620093012390815090e+01
3.368456895193961032e+01
3.505345233161433782e+01
3.623436793442655812e+01
3.619777904214540598e+01
3.586434171931266945e+01
3.649617625088514927e+01
3.498769574065892130e+01
3.598140915562402142e+01
3.479991649997044334e+01
3.277495703879307598e+01
3.607862055832669768e+01
3.473079721330019964e+01
3.524123940089808116e+01
3.574927990225333474e+01
3.611140452702314008e+01
3.600224597919763880e+01
3.530398930879737662e+01
3.600450613586298232e+01
3.624215887748343334e+01
3.574407305529347667e+01
