4.779211062735720938e-01
5.612492269812614509e-01
4.404275784179413900e-01
5.780907739393125189e-01
4.903237581698008940e-01
5.121303215280619270e-01
5.559070629313531686e-01
4.817577705350044592e-01
5.102131114444644622e-01
4.967633851578857618e-01
5.238837109419849369e-01
4.562904914636485842e-01
4.569359195679534857e-01
4.777684036997351114e-01
5.643313518959383046e-01
5.212610854620800538e-01
5.381518452935772912e-01
4.958734729534886587e-01
4.950487930300020434e-01
5.020293706441963932e-01
4.826624886290542538e-01
4.743701936939695440e-01
4.731206865396815897e-01
4.998809935990735087e-01
4.882289115217569031e-01
5.125163833089552146e-01
5.651623154954806827e-01
5.422442147430509563e-01
4.532961698684266350e-01
5.304739604903028205e-01
4.917661407250445982e-01
5.172119584208543230e-01
5.197401229395449684e-01
5.192359684636357331e-01
5.327863706833217972e-01
5.599758177381183311e-01
5.170912557101886575e-01
4.959466146882779425e-01
6.031353866850313050e-01
5.038874596526787819e-01
5.189924284396881804e-01
5.612602790911875861e-01
5.379630969100488436e-01
3.862585230733130426e-01
5.564183126127449919e-01
4.930666004884359799e-01
4.272004563551148881e-01
6.197462061378925524e-01
5.373909185238037178e-01
5.383157717095501393e-01
5.242551279371802098e-01
4.858891806899168775e-01
5.710114938300729914e-01
5.037871041418142681e-01
5.372426566305034124e-01
4.821321672752362786e-01
4.576869098369303890e-01
5.618971783187937108e-01
5.681152083326723723e-01
5.337730589621282329e-01
4.785359791367600479e-01
5.543432542247832551e-01
5.297980145856503453e-01
5.173521058765880865e-01
5.249354664081834487e-01
5.473407220650281513e-01
5.156792400082774730e-01
4.725979888048569277e-01
4.654763965903047640e-01
4.740672199906957318e-01
5.259314735216411574e-01
4.700345059920138513e-01
4.930982327540369692e-01
4.925685484761675448e-01
4.600868044841094906e-01
5.227270674654433957e-01
4.280926659109007826e-01
4.325608261946627953e-01
4.810335087667786391e-01
4.894827933766683903e-01
4.602734615036226939e-01
6.093564654860301744e-01
5.292929541094323342e-01
4.874910412474614541e-01
4.533690714783042974e-01
4.594262647834027047e-01
4.964986233069914601e-01
5.000111128668652816e-01
5.199357460057368874e-01
4.799425437507394143e-01
4.684911640459264448e-01
5.443317137120249338e-01
4.691073870148927405e-01
4.662664565728775745e-01
5.003496068993256163e-01
5.028676337567301591e-01
4.886775087546605945e-01
5.875872605470253696e-01
5.311308028146690674e-01
4.989089826138029538e-01
