4.929802665078932278e-01
5.305995525376663302e-01
4.367884359022077834e-01
4.933199423123055261e-01
5.420461969240850664e-01
4.900458782858277407e-01
4.753073407826451935e-01
4.461070591654663908e-01
4.713686299081078501e-01
5.052623992284547283e-01
5.341299505280603377e-01
5.390130486521080844e-01
5.064404193142693078e-01
4.528618049018474090e-01
5.300255401849224279e-01
4.406708994115855482e-01
4.781777418648948119e-01
5.729647682131913111e-01
4.495549256381856651e-01
4.086037461223100409e-01
5.808142541360729050e-01
5.129686687471201045e-01
5.196402480514300537e-01
4.470748654076009410e-01
5.142629014830266687e-01
4.821470322615448723e-01
4.776366747091168041e-01
5.483632343094033690e-01
4.753058400627582225e-01
5.123604305990072660e-01
4.904303622800764706e-01
5.273235136690458402e-01
5.605472066265855258e-01
5.324259191706809391e-01
4.289324783807899055e-01
5.897673861638458304e-01
4.792896640482435799e-01
4.768177387569920711e-01
4.560038551675242302e-01
5.225905439846438849e-01
4.869098560166439937e-01
5.337280597407403349e-01
5.039257523234799141e-01
5.482215003842416667e-01
5.105647058720299558e-01
5.480682283924466214e-01
5.144698183769881306e-01
4.929577360952118181e-01
4.961663705799342350e-01
5.006118819798787145e-01
4.774200088401880926e-01
5.148283195057853368e-01
4.741402519997952592e-01
4.794978358291314136e-01
5.264610409388486012e-01
5.083072838032611784e-01
5.466102286048210024e-01
4.638157529984390237e-01
4.624806147661266187e-01
5.562752720525094841e-01
5.259397641796959011e-01
5.369455259007713810e-01
5.161539710306902728e-01
4.510420678430788755e-01
4.715157829233214692e-01
5.192422982135616039e-01
4.721096090940956613e-01
4.890982029702803380e-01
5.284081688477185734e-01
4.944837634944534432e-01
4.597255747177947383e-01
5.282884166852567231e-01
4.956133314824880398e-01
4.626965431078547963e-01
5.074881300212660262e-01
5.112563781569292587e-01
4.824766036790714141e-01
5.613497693585183246e-01
4.627091361970811501e-01
5.290170465531400801e-01
5.965698092747089287e-01
4.839345210383513285e-01
5.540071832106294725e-01
4.183324369127719433e-01
5.756202199659912200e-01
4.911144401457489539e-01
5.060781734930808184e-01
4.751023488254940697e-01
5.673056076543625537e-01
5.009314148277601575e-01
4.408572237197811439e-01
4.492174582361744273e-01
4.971571241495886806e-01
5.235548347117550128e-01
5.024058024519902910e-01
5.096403527018636970e-01
5.257418011014040049e-01
4.864909304677186852e-01
5.714399618314063289e-01
4.817683831850143594e-01
