6.384818329976774898e+00
4.757170631672454419e+01
4.415617063849951762e+01
4.701787283733703049e+01
1.160403803147250201e+01
4.318592651168319918e+01
1.901402258535966538e+01
4.587356936481816660e+01
7.373956680910065842e+00
4.364388817028424228e+01
3.719252927032962219e+01
4.536182152897551845e+01
4.645696010516302721e+01
4.190925476671949923e+01
3.827252866832947120e+01
4.285421328245432449e+01
4.354844085494261918e+01
4.608455038843810314e+01
4.157415156651109811e+01
4.505209446988853728e+01
4.640949386504118479e+01
4.593131734234713548e+01
4.358342101060151208e+01
4.618220534497772434e+01
4.662504126683395356e+01
4.664458713644200571e+01
4.423641048586481617e+01
2.918145594709370982e+01
4.582806547770724137e+01
4.623068828710022871e+01
4.571387333370545747e+01
2.827967608207049466e+01
1.247073148439508827e+01
4.642005602104035233e+01
4.102925305893909780e+01
4.542626925667463667e+01
4.435203416704546697e+01
3.960913106299098985e+01
4.615766201339961583e+01
3.659494477959228931e+01
4.539726357959822423e+01
2.125430076475973351e+01
3.208711296197959939e+01
4.315556610677738547e+01
4.523937389140677112e+01
4.674748439648307397e+01
3.952897788047111050e+01
4.440836874812595880e+01
4.290810189990677515e+01
4.516672691094618131e+01
4.550550495909935478e+01
4.298524187385127249e+01
4.415202544666285434e+01
3.800310028315423239e+01
4.337066648505975053e+01
4.449686730472417651e+01
4.640759259229225364e+01
4.575988310892621769e+01
4.586263648061078868e+01
3.351005294623487174e+01
3.266962000784693032e+01
4.392234210532078720e+01
4.443234035371006740e+01
4.480458531197216843e+01
4.653739231184884773e+01
3.203382058127157705e+01
4.414615223581497361e+01
2.713013775023483021e+01
4.454532779834212164e+01
4.476708269979997823e+01
4.434032636234110925e+01
4.592964683979164420e+01
4.533708563701065941e+01
4.610576694694515254e+01
4.242306156719267562e+01
4.369374532141601719e+01
4.400519266553581588e+01
4.729515025080813473e+01
4.150575991120989272e+01
2.001009108150780236e+01
3.173159342646897940e+01
2.550649259258644364e+01
4.238342521037155564e+01
4.241941218564137728e+01
4.319455436662472891e+01
4.373458180562519715e+01
2.410929832723676824e+01
1.296823454841262624e+01
4.351976015822057775e+01
4.436273297023029016e+01
4.806544381470757088e+01
4.599021085807017784e+01
4.474455916032393077e+01
4.437685876744122027e+01
4.459997965910311990e+01
1.028408802893536667e+01
4.552683474333998248e+01
4.169282584379041623e+01
4.607340240503928186e+01
4.509286641300766263e+01
