4.436322477929814312e+01
3.487036440387093705e+01
3.084986500103065410e+01
1.597082692957973293e+01
1.715478358217349353e+01
4.390045156345446742e+01
4.304072400648452401e+01
1.366165452265337876e+01
4.491906779405222494e+01
4.004568236682170124e+01
1.931228116097288350e+01
3.602533947757385135e+01
4.548508426632609059e+01
7.538312178442126310e+00
1.233847440032075404e+01
4.807886798643803417e+01
4.382548858689826687e+01
1.098237280211629319e+01
3.577609799322269879e+01
2.259906902345719359e+01
8.668987905461177590e+00
3.145544890036288876e+01
4.063113403250267197e+01
4.430588781696540934e+01
4.565631552232556345e+01
2.863018186008764232e+01
4.291100380559067418e+01
2.918647950624616527e+01
1.769258090223245361e+01
4.641883004961589876e+01
2.768339241124273897e+01
4.258592048315909295e+01
1.168603632707820772e+01
4.480062000315727744e+01
2.463749850949021791e+01
4.350129142865002052e+01
4.759514968599664542e+01
4.599169803390846312e+01
4.400888330003671456e+01
4.695903412793919784e+01
4.534963086934906329e+01
3.286713467401742861e+01
2.888591282851892217e+01
4.506563293901162837e+01
6.417425631813325815e+00
4.567188608505205849e+01
4.500961468794762510e+01
1.063447058438378079e+01
4.762872296499966041e+01
2.540974192343732696e+01
1.510803115974935906e+01
2.429528097175039036e+01
3.645660148284962077e+01
3.123502050533214103e+01
4.380945209910452576e+01
3.445496714976606256e+01
2.466361126039081242e+01
2.965797396461034907e+01
3.404352635744723443e+01
4.632393650006201113e+01
2.276390383884814028e+01
8.629650402517999197e+00
3.233093350212006811e+01
4.091079360837029810e+01
4.733418466882936571e+01
3.304511148177576985e+01
4.602234462709211016e+01
4.545661439011933425e+01
4.660533384923299138e+01
4.817397498364007191e+01
4.209718097661586711e+01
2.199041704493971139e+01
3.671671833755557657e+01
2.553826537925211326e+01
3.551861139245666976e+01
4.376497753234338006e+01
5.699898595250967759e+00
1.034044350341388352e+01
1.904405529804166974e+01
2.173975320533344657e+01
4.334264683582256339e+01
2.475503897758535388e+01
4.079822412752130134e+01
4.026344075477750550e+01
3.083105293782082867e+01
4.535686133557386057e+01
4.736187663106596091e+01
2.330586195086057089e+01
4.271064831656163108e+01
2.231758512197851374e+01
2.708117269006959660e+01
4.339760223415937190e+01
3.290904699053883320e+01
4.323348451917033941e+01
4.046390062819742184e+01
2.703274991388007820e+01
4.445898155870565205e+01
1.640991218371719995e+01
3.864783237535434779e+01
2.516926767227740669e+01
