3.792722480027262577e+01
3.799898369383329566e+01
3.759699207767602047e+01
3.846960660753636319e+01
3.828428904335169136e+01
3.897759286097193154e+01
3.814981735734856727e+01
3.813057610906005124e+01
3.758778051151755761e+01
3.933801068660294220e+01
3.901827712986159469e+01
3.784858488932236753e+01
3.860257997172231370e+01
3.902424139563821370e+01
3.950084104335228119e+01
3.822825307867827860e+01
3.922844428721693788e+01
3.778391613881093747e+01
3.895509096177715946e+01
3.604199758659674302e+01
3.901744513404647563e+01
3.744328967112598860e+01
3.801560988800733298e+01
3.831075172820093400e+01
3.930695232876116307e+01
3.953372509866494511e+01
3.875648006075540053e+01
3.847593174251108650e+01
3.974137367744831550e+01
3.741478259275773155e+01
3.631380501682848916e+01
3.992164967182604585e+01
3.770253796668698953e+01
3.885007649575567257e+01
3.924536724281901456e+01
3.920813620948024436e+01
3.859624525116090865e+01
3.741284492741473144e+01
3.714357159088596205e+01
4.050378248664015501e+01
3.743878420363836312e+01
3.957341870702286002e+01
3.835349594352695135e+01
3.939406973541105117e+01
3.782086149349767368e+01
3.961871771363374961e+01
3.778655922098773345e+01
3.832853866752294891e+01
3.831490733669972570e+01
3.958936975144388271e+01
3.904665334963790713e+01
3.934820335663908253e+01
3.864094618639553147e+01
3.924287370285878040e+01
3.834249843690131598e+01
3.638745973435194969e+01
3.841748233397341750e+01
3.934925755880572495e+01
4.039800737466984515e+01
3.945455235246688375e+01
3.726765117412538331e+01
3.890294422000326335e+01
3.750879630671384746e+01
3.731072383173945184e+01
3.768709337648533619e+01
3.707515397259845713e+01
3.776304040025162578e+01
3.826863037493657060e+01
3.849254857477571790e+01
3.890992805868686588e+01
3.905481301665200533e+01
3.784923320387199652e+01
3.832134537939744945e+01
3.769431781908336632e+01
3.870242033473279974e+01
3.699920772992041407e+01
3.739856420780391488e+01
4.113337720493750282e+01
3.786605748074149602e+01
3.732993218807290248e+01
3.933168455726310242e+01
3.706884521672955657e+01
3.859948481855746394e+01
3.861917731350421690e+01
3.737844504197273920e+01
4.019401023609512436e+01
3.713455731820502592e+01
3.689062298001104523e+01
3.874052224523021692e+01
3.815473493630946678e+01
3.843973803496939468e+01
3.834504331363214646e+01
3.869857647785662635e+01
3.643004610121680287e+01
3.960689860247164518e+01
3.826082386300249993e+01
3.849272659230813076e+01
3.935168703753347330e+01
3.949935391546780750e+01
3.578727812148368770e+01
