4.393603855805874758e+01
3.538556734874483567e+01
4.431228769232669862e+01
4.399856014312777575e+01
4.494193414403966358e+01
4.237840543177330943e+01
4.579304341343966911e+01
4.473563365832213634e+01
4.470279438594290156e+01
4.462495068151819311e+01
4.208589092706092316e+01
4.389312483806602927e+01
4.565421334142063614e+01
4.521839587495689727e+01
4.353549096060290680e+01
2.255163985220960399e+01
4.383371341248546571e+01
4.360673329910349594e+01
4.239391178579001007e+01
4.466833806484165592e+01
1.410765152521543975e+01
4.437241750670902007e+01
4.299694965421092974e+01
4.492793029011253481e+01
3.997589904601613853e+01
4.423443584749898605e+01
4.395098835826561157e+01
4.196255253838956634e+01
4.547379515238473147e+01
4.199261185704510524e+01
4.021321217089123223e+01
4.356780485938840997e+01
3.196854260579942419e+01
4.354995386259543011e+01
4.130807370465132067e+01
2.516982340691310682e+01
4.405690100126626163e+01
3.988852046796601059e+01
4.571201918517385110e+01
4.202029744587736104e+01
4.337495937588748518e+01
1.290754981734151130e+01
4.394064821022564615e+01
4.316114314915249395e+01
4.545101367384788205e+01
4.312471514133602568e+01
4.465460676026231823e+01
4.432869173851157996e+01
4.304145840994459604e+01
4.482355025868535137e+01
4.397519149597105326e+01
4.411223674322439336e+01
4.509274348843620572e+01
4.451180458057169886e+01
4.324270089686424967e+01
4.498732543366232051e+01
4.194988106713728371e+01
4.049744243169126179e+01
4.461630314989722734e+01
4.577266651877081216e+01
4.261058685055252226e+01
4.288251041255247031e+01
3.605154890714599247e+01
4.526615341563918093e+01
4.356078876397733524e+01
4.092601625329270121e+01
4.485067079187616912e+01
4.574247830978123375e+01
4.529761481827045344e+01
4.317148964597610927e+01
4.503063821386866294e+01
4.481325543485581875e+01
4.403941869755134775e+01
4.412601155390876073e+01
4.623609613685316333e+01
4.460261356024086155e+01
4.226541393434859373e+01
4.398201749228473290e+01
4.179153967748319332e+01
4.262804057414039960e+01
4.394170654183917435e+01
4.363101402867116008e+01
4.523562454028090940e+01
4.479879935420038350e+01
4.412270003344915636e+01
4.558641433019762701e+01
4.323448588587201158e+01
4.244397483244582503e+01
4.563892754040793420e+01
4.415431249501696698e+01
4.531656254984333998e+01
4.321055393038839298e+01
4.323649436811304980e+01
4.326670335112528676e+01
4.314878105571308708e+01
4.418654351740477182e+01
4.612909198769836649e+01
4.536572750140310717e+01
4.323732198240161040e+01
4.373684405303868772e+01
