2.177553529009486510e+01
2.242982436195343254e+01
2.226466663789774003e+01
2.271281089343938930e+01
2.275822924255625423e+01
2.248398438762464480e+01
2.267956503131945922e+01
2.268349555942880258e+01
2.230909320957212216e+01
2.333324517365900519e+01
2.259036663012292578e+01
2.226314810898470853e+01
2.283866081033779949e+01
2.316907440334543011e+01
2.244715509325024172e+01
2.310079828732584062e+01
2.218858174785119175e+01
2.221308493131502360e+01
2.342391495342382157e+01
2.311505026812153218e+01
2.334520349138154316e+01
2.296373186569065439e+01
2.297887045198218559e+01
2.207312325609275661e+01
2.249601735049515838e+01
2.197139650892514595e+01
2.265146648797038864e+01
2.342673483691904579e+01
2.254089723041993665e+01
2.321535870280371938e+01
2.219864116840223645e+01
2.244007302230084022e+01
2.248802567917041273e+01
2.211388506824532385e+01
2.309046002002913056e+01
2.318111116134186034e+01
2.360638461502399110e+01
2.244044352931895858e+01
2.251230417355220581e+01
2.287068968351756482e+01
2.206346427827151757e+01
2.282737684981169579e+01
2.343351456088696239e+01
2.283896154218136232e+01
2.314664842720172544e+01
2.227167245545827967e+01
2.308226496466053845e+01
2.260783192921569906e+01
2.261505018402195333e+01
2.236344101418398367e+01
2.242785079580702856e+01
2.310056463073123822e+01
2.234009905120923278e+01
2.266089013298513777e+01
2.262122817533261809e+01
2.268191308996562938e+01
2.239663145714201420e+01
2.225714966327536715e+01
2.234607440921181265e+01
2.243068628676677179e+01
2.290020594362034956e+01
2.205874178870939417e+01
2.302983691694411306e+01
2.314886539713981506e+01
2.260752717996563277e+01
2.269839077417002571e+01
2.300710639005654912e+01
2.328459102826989380e+01
2.285403194768620949e+01
2.267527773429017657e+01
2.216320913710432450e+01
2.260577289411894242e+01
2.303602930988348874e+01
2.284524296427633772e+01
2.295809963097396178e+01
2.251876172791991593e+01
2.334341703796716772e+01
2.275714603384886203e+01
2.288917537876375974e+01
2.207294907734458533e+01
2.263446839707496139e+01
2.300986736011908462e+01
2.210989769722365139e+01
2.246569655915079977e+01
2.238575311233942600e+01
2.260850778148682139e+01
2.327879408859373100e+01
2.211983666747783417e+01
2.240799574079843026e+01
2.246275805639275447e+01
2.292359857402678003e+01
2.221441050633190528e+01
2.289732488071017613e+01
2.244970943059013635e+01
2.256064952695799519e+01
2.244787459852312850e+01
2.151647571995504293e+01
2.266624632853461208e+01
2.295482713138154907e+01
2.319133659377096635e+01
