3.592369092804517550e+01
3.484115922158104439e+01
3.481708893091111179e+01
3.425994526288705799e+01
3.480963279833688517e+01
3.439041755732046823e+01
3.399675056629318703e+01
3.542888839931148937e+01
3.455827552961056170e+01
3.490704238306301477e+01
3.409638449654696046e+01
3.488233397174361272e+01
3.507069092059196436e+01
3.441421207126592208e+01
3.581152537563967542e+01
3.649873909465448918e+01
3.236818030719430084e+01
3.428680066477785715e+01
3.420826039842656741e+01
3.513029530924849553e+01
3.448013872890549436e+01
3.323713751593216870e+01
3.522268079521298034e+01
3.391538550488218817e+01
3.432952400932534687e+01
3.529788225350724673e+01
3.555271468089021880e+01
3.561436914317910407e+01
3.500750268657476738e+01
3.468713922869988409e+01
3.434110637024761559e+01
3.471414761806665439e+01
3.416314423822755231e+01
3.376284192672563478e+01
3.395132365078382719e+01
3.407691295499862605e+01
3.575176301121290834e+01
3.517580621268281504e+01
3.354828365374967802e+01
3.478835523476812597e+01
3.647033647968709147e+01
3.539536780634280433e+01
3.506542272160189810e+01
3.393875336871469273e+01
3.618469664381815676e+01
3.505961432539476874e+01
3.393135626891838541e+01
3.412655729863659815e+01
3.523372498647412243e+01
3.396460787566752515e+01
3.456182144296484182e+01
3.567689264588094744e+01
3.495899020173637695e+01
3.675634976362002959e+01
3.522021587082641503e+01
3.474590887487864421e+01
3.353708267207465354e+01
3.609154119659861237e+01
3.664076130819294264e+01
3.398881822047399481e+01
3.399445391670797534e+01
3.619314891511110233e+01
3.441114778828124088e+01
3.470235976706729986e+01
3.481639040658668449e+01
3.652846045452341173e+01
3.391601514717421395e+01
3.410171924844303959e+01
3.376007767039634189e+01
3.390352252361093122e+01
3.450805942800453607e+01
3.448455858948674546e+01
3.369265405815121994e+01
3.632699365574276840e+01
3.430211723560674386e+01
3.405863305844155065e+01
3.577428711285650564e+01
3.437486572053881417e+01
3.672815220367842670e+01
3.510111093055522247e+01
3.540766006375694985e+01
3.465238859481596734e+01
3.676865990160185760e+01
3.396885302738481016e+01
3.524238121583774586e+01
3.503092172270525850e+01
3.541622190944078596e+01
3.561070731656683819e+01
3.523827217018352087e+01
3.602880786466541707e+01
3.529675558066686847e+01
3.419028176210837700e+01
3.543780498224094089e+01
3.524809919262050073e+01
3.391412475861999098e+01
3.383086268144344899e+01
3.583992714909791744e+01
3.522358751861472115e+01
3.507641217746811435e+01
3.619283390918767651e+01
