2.241306730179879381e+01
4.071572844445552875e+01
4.062508435233651483e+01
4.074654038294384151e+01
4.255291455895966379e+01
4.275032878642204537e+01
3.773133970151858563e+01
4.297366138690077264e+01
4.329973524936607276e+01
4.298593039647794711e+01
4.282775065301711948e+01
4.182046492947955585e+01
4.177587098509894048e+01
4.125316874845437809e+01
4.083592731284139177e+01
4.204691914421686505e+01
3.982217136938290736e+01
4.153105202710409571e+01
4.288110631493395886e+01
4.142890995433013046e+01
4.347473599360981922e+01
4.250576178080495282e+01
3.975936406049550698e+01
4.194792963361118154e+01
4.268477835355816552e+01
4.187614258372854437e+01
4.153345954907011617e+01
4.184416704699338396e+01
4.248845508336458465e+01
4.357735447939113982e+01
4.299486641277947996e+01
4.062959425163428051e+01
4.454389882335005524e+01
4.229221211074781905e+01
4.306796863719397095e+01
4.234579351188575203e+01
4.174584164737353831e+01
4.117326935535317034e+01
4.299183168655738285e+01
3.927767736624069528e+01
4.195296160307918854e+01
4.003710552000149647e+01
4.119561500682689115e+01
4.165586646222434553e+01
4.191981188538718328e+01
4.178484929253074398e+01
4.069054544501670989e+01
4.164369332581530614e+01
4.154261355240365816e+01
4.292410088158563752e+01
4.185640689082458721e+01
4.156094464414078971e+01
4.426437764850958700e+01
4.096459849109226070e+01
4.305135189673470109e+01
3.398842961758070658e+01
4.167547953411309436e+01
4.450995649499202500e+01
4.225562748034945315e+01
4.300501381893949571e+01
4.298382675207788850e+01
4.421518992283970562e+01
4.181768767983157886e+01
4.199749519649743235e+01
4.303592530525811810e+01
4.212457403006538925e+01
4.280565309891230186e+01
4.376251366583117175e+01
4.452543383863304882e+01
4.321895911849048844e+01
4.099093411055136471e+01
4.304871018401355087e+01
4.061055711483918884e+01
4.653160065516981092e+01
4.222202905387078431e+01
4.255556332885000614e+01
4.138233817263434133e+01
4.307079563739883099e+01
2.986103625967610498e+01
4.262049663564293667e+01
4.213350933757940453e+01
4.392278529553949795e+01
3.192263782263903593e+01
4.407028007502407263e+01
4.247777095952978499e+01
4.189264501607286206e+01
4.419188569313965331e+01
4.333457381339683678e+01
4.061017166612759866e+01
4.306118314105262357e+01
4.298647241118362672e+01
3.985994251487151274e+01
4.277033320947663952e+01
3.915003368248420657e+01
4.263231229538994427e+01
4.405719182894146257e+01
4.008693104592436640e+01
4.167713364128425724e+01
4.350845977788699059e+01
4.361594018458630018e+01
