3.700705912993605295e+00
5.640394267537615747e+00
4.115465054564094949e+00
7.417346153173583367e+00
3.717437330963742959e+00
8.003612034163520406e+00
9.665782199660823082e+00
9.523870535009095306e+00
1.450578567951740183e+01
8.933430982670646614e+00
1.139981394670721571e+01
5.366258688147485856e+00
5.082079555641455748e+00
3.981262855398985945e+00
3.141060190453801138e+00
1.641818344599170132e+01
3.563145127849853822e+00
9.207215041272760914e+00
4.202457987309381693e+00
1.124851197370600886e+01
6.501516384771545809e+00
5.923112978861577282e+00
6.056123319937034566e+00
8.671401472647540132e+00
5.492584222649772308e+00
5.178907947512078280e+00
7.862060053598892040e+00
7.210612290427860671e+00
6.710307446509832019e+00
8.737608385039635550e+00
7.284499676582388616e+00
8.731130085815468789e+00
2.453859885345155867e+00
8.661387540465126378e+00
5.697455962712195010e+00
2.595898058150670096e+00
1.017105323356171098e+01
1.958719274291898182e+00
4.965432697785844951e+00
5.207777340299161395e+00
6.189788664962834197e+00
1.426843807461249014e+01
3.577329898801692387e+00
8.922678363312163796e+00
4.004927331920256073e+00
4.499815616186619849e+00
7.803920937427122340e+00
4.041591619157975046e+00
2.256650860588297114e+00
1.097820035917096604e+01
1.057713670829635788e+01
1.235535331485464638e+01
7.079340115834725999e+00
3.357724042428773092e+00
1.927482322844045415e+00
9.306853768329212073e+00
9.998143782015391778e+00
2.367254156074984461e+00
1.589842093144639756e+00
3.988442978941791228e+00
1.839100154303460499e+01
1.052968322209407859e+01
1.112187134180756765e+00
6.579227997758429147e+00
1.149632676940380449e+01
8.984688155018785594e+00
9.209184262064571413e+00
9.348896003194390403e+00
6.244876999713806498e+00
5.759219619613684671e+00
4.185983003838577687e+00
7.349131579586930307e+00
5.189829187155948098e+00
3.704107291673206959e+00
5.937306379049457128e+00
7.023042003545392653e+00
1.071505854001378566e+01
8.857415916014456769e+00
5.771521067576796504e+00
7.206489291263664221e+00
3.744114924355613105e+00
2.394119686665835189e+00
3.736314737847510337e+00
5.568059718695509197e+00
4.347413246458353697e+00
7.578387818243609964e+00
1.112115610745581051e+01
1.074176374256099287e+01
5.117298705735899844e+00
8.761720653692389504e+00
2.252390556405099176e+01
4.113162743531299625e+00
3.953017695467166970e+00
6.730507746494250654e+00
6.534346343413580449e+00
7.277403495380489140e+00
6.759635729077765554e+00
4.669373926917816497e+00
1.431481166661292370e+01
3.235218096147251199e+00
