1.082935480846399656e+01
5.674371040516561493e+00
8.263362724087214062e+00
8.594444334743979397e+00
5.349170229221900996e+00
9.947113921490510435e+00
4.986077064078959786e+00
2.185699735297757851e+00
5.981777488512433294e+00
6.566141957613121249e+00
8.554722472991693749e+00
3.355267076984391306e+00
1.539303703381166599e+01
7.970481431306367881e+00
6.518779086992812388e+00
4.396913499355619592e+00
8.306430842162336958e+00
4.947524696923713883e+00
6.529547134951355858e+00
1.158741057695565857e+01
1.734998482049663338e+00
4.833029291125604310e+00
8.998268352282966731e+00
7.409535229070000284e+00
9.519225127974126011e+00
9.084604655287584762e+00
2.945177432388638383e+00
5.584472516271372200e+00
2.581834635112588039e+00
7.498484611499198316e+00
2.107934738888959103e+00
2.540134498807391950e+00
4.051563937527955517e+00
2.861454960110240364e+00
7.229790541030326700e+00
1.068557007991219088e+01
4.890524156167613157e+00
5.931421331162996857e+00
5.462560115205812750e+00
1.194201410786755879e+01
8.599803146286117084e+00
2.656238133071404661e+00
9.998334279211237074e+00
1.041254510330170469e+01
2.141052009419384117e+00
9.074598800395081710e+00
1.056885012348764530e+00
3.924463614060876626e+00
8.315337101037346690e-01
2.205847709197327866e+00
6.570445426052429205e+00
3.887554434344526300e+00
8.581058866080448766e+00
9.263787751225711631e+00
4.759154298396007121e+00
8.914563301117400806e-01
1.133455407982124363e+01
5.529405316053465747e+00
2.491635729558720769e+01
4.146871568860827750e+00
6.700849772246031399e+00
8.796282772377297832e+00
1.061724389979445604e+01
1.755854665124446612e+01
3.318211110495498772e+00
5.159907926584200055e+00
3.145421453357903463e+00
5.088246794518403782e+00
9.881854829799577189e+00
3.763015062005973910e+00
4.314457347897254991e+00
1.645829706423798200e+01
1.213878616319301251e+01
1.065175367784108040e+01
5.910503258520619418e+00
4.763889638492989853e+00
4.157535204860823619e+00
5.125087695337235516e+00
1.851668464360702426e+00
1.081651379981910210e+01
7.745079392502275617e+00
3.724777529873266158e+00
9.140513698797102293e+00
2.875110298222941285e+00
1.789316804977107367e+01
6.894431442916405750e+00
8.153832485537355623e+00
3.101772329295000130e+00
5.028782880689186996e+00
4.091927217991548460e+00
2.500979244189509032e+01
8.154904854720296470e+00
1.035067683009007755e+00
3.554202895648629124e+00
5.282644960450676663e+00
2.448041072834984178e+00
1.114710484991789663e+01
8.610928999848161070e+00
5.002685220215768780e+00
2.112958142213871238e+00
