5.085860732819321939e+00
1.416823406625888282e+01
5.920802588044911108e-01
3.994469100144911522e+00
5.107144615174546765e+00
9.990256630678901573e+00
5.918979782926302668e+00
6.222231042349328334e+00
4.266973038267373397e+00
4.544995603858340338e+00
3.699855183345637233e+00
4.237567109786154695e+00
3.126542994291324096e+00
5.677023254828971410e+00
2.931222231872979478e+00
9.633477472481132509e+00
8.438736826849790873e+00
3.272062819651536447e+00
1.673115016245528164e+00
4.448453512760773165e+00
1.274039604119859348e+01
2.004427005417207397e+01
3.460314805412942007e+00
1.545921887764491487e+01
2.525206465635939423e+00
4.299127462319916049e+00
1.083155190502741227e+01
3.135150844024590988e+00
2.171976432119605338e+00
1.205123087930996562e+01
1.816802630908764371e+01
1.163500304090344706e+01
1.941546800043791876e+00
2.596643882775622192e+00
2.138643723607803970e+00
5.821229435857170564e+00
3.756521788345401180e+00
7.911701930950489903e+00
8.425488403120622749e+00
4.867100744684517366e+00
9.640207864694625428e+00
1.290222688434809806e+00
7.581248813276840082e+00
5.111996140040023562e+00
2.156653857313319378e+01
8.125377197961253239e-01
1.854427860724026189e+01
7.503808214365179197e+00
4.052709273854965488e+00
2.138399429453979206e+00
7.300256977945580594e+00
6.050298219073817485e+00
7.349795599447046079e+00
1.688773703917606639e+01
6.958513991741765992e+00
2.265508762313429347e+00
1.156512068786893188e+01
1.198512919493025386e+01
1.101403527023656181e+00
6.008301571219791803e+00
3.869736699395907920e+00
2.735118045079476090e+00
4.421115992686799778e+00
2.040471535254111846e+00
3.388276175270185764e+00
8.088191422644360529e+00
2.566119369052652477e+00
2.780020555370926516e+00
1.803283450657010789e+01
1.370060647201588155e+00
3.450850365186317159e+00
3.959059616492322409e+00
1.000053287552365155e+01
1.532251794594005467e+01
4.520865184565895589e+00
5.322531869133313442e+00
1.026320630968461423e+01
2.841497794651941522e+00
9.454581300189426329e+00
6.183731060994657192e+00
6.475671668479754395e+00
1.960347550896656088e+01
4.396709965732388703e+00
2.855985786109982438e+00
9.241787338114250128e-01
1.661396423330377514e+00
1.005346849764886086e+00
3.081745008185968970e+00
6.519270388670079797e-01
3.863923726073096976e+00
1.025889883593633201e+01
1.482111999211744413e+00
2.926883911341595645e+00
1.134434010575900942e+01
2.680574745487801724e+00
1.063845719262259415e+01
3.028302191540833910e+00
1.503999429326675319e+01
6.827929965697972392e+00
8.936229921769999862e+00
