1.418454218199462602e+00
8.864723023167865312e-01
8.604162030712706466e-01
1.126055226797132036e+01
2.097202371933858167e+00
2.334858462693793157e+00
1.920908284589739612e+00
5.497394047116522797e-01
4.465359571827134388e-01
8.553765280632784629e-01
9.628107285754401445e+00
7.464340259036338354e-01
8.060101585029796345e-01
5.285010888894288161e-01
6.520994544035858098e+00
6.427409056465323012e-01
1.391087281901149986e+01
5.312256325709235227e+00
2.575673018314417639e+00
1.548967166527196460e+00
1.845922845924937716e+00
9.561859707293193011e+00
7.754366028150504464e-01
5.278018267002352326e-01
1.521393748121643164e+01
9.703133289838900000e-01
3.576681311665221852e+00
8.021639273290973593e-01
2.528260105353726583e+00
7.849840419648711487e-01
7.790652710608277909e-01
6.398915220625271960e-01
6.871178158371871181e-01
1.355391747739486785e+00
6.083001186677612360e-01
6.837079059894344724e+00
6.174115755801662386e-01
5.945147167341532368e-01
4.292151027894784754e+00
5.726833403435752645e-01
5.676529429486149247e+00
1.313439440196321195e+00
1.683221105923526473e+00
1.064434528133872515e+00
1.048572072483748396e+00
1.849918011822951902e+00
5.494927996699304984e+00
7.927045211603568342e-01
5.932822446710078523e+00
2.616096315311733811e+00
1.443317659214585547e+00
9.655624114409366854e-01
7.019803295501015228e+00
1.336843165521992116e+00
1.576874519139725761e+00
5.384663167869558897e-01
5.940325551121915515e-01
2.367700990395326954e+01
5.941202772506857244e+00
4.916950390316220387e-01
9.815854538481965097e-01
1.555295655615166028e+00
1.866773102257357486e+00
2.583945790612704130e+00
6.374771693527312433e-01
1.039346291817038725e+01
2.273796941265272764e+00
8.866877783822706416e-01
2.850522269346190907e+00
6.469222648669775699e-01
1.522939465212004073e+00
5.604733775322890965e-01
6.189361810692823873e-01
1.625491624368354371e+00
1.166315786677188493e+00
3.340695315210490346e+00
6.278383514031816715e-01
7.095219117199667025e-01
5.857341016301346182e-01
7.509137683752070691e-01
7.941418775149172715e-01
6.009398478875466187e-01
1.284610143338377242e+01
6.254815301492446800e-01
1.066057512704196242e+00
5.501801863978895701e-01
1.759668241571708336e+01
1.500198075173262424e+00
1.508850759410627074e+00
5.605453669318354315e-01
6.388122021542256279e-01
4.576047055781035100e-01
6.009881669800446469e-01
5.786163151778522806e-01
3.010090490112616202e+00
1.415197451453385602e+00
7.430644337923638654e-01
3.101681979820848589e+00
6.545382461707647259e-01
6.130958297880294561e-01
