1.328371153514173031e+01
5.784938133749279565e+00
5.394714412086041300e+00
1.311779143465388486e+00
2.340585690345093894e+00
5.491703129477900625e+00
8.152709775236278489e+00
1.010526405558866747e+00
2.765890932554051496e+00
1.732386763661245777e+00
2.953531888290755969e+00
4.662557031114458184e+00
2.622311667916104483e+00
3.343883741438717472e+00
6.432422043496905495e+00
1.538019020165082473e+01
1.684290932314205902e+00
1.047543028393516318e+00
4.498783240811116357e+00
1.793772382008118171e+00
3.170781004182925855e+00
1.090587151745614669e+01
6.889735140893860965e+00
1.114439489857389098e+01
1.299833457430335315e+01
7.470871134785859624e+00
8.287811123133417279e-01
5.015738557961366695e+00
7.644801628353224965e-01
2.495307869998561578e+00
1.121533292210470378e+00
2.450151991005347529e+00
2.621785751243998774e+01
1.114608622870195909e+01
4.069378419808475478e+00
3.255687497950121134e+00
1.235627079115136917e+00
1.975074182614436680e+00
1.022874576075210706e+00
1.642323785427984406e+00
5.833663362907572925e+00
1.235524447897241584e+00
8.976503881394437556e-01
3.681414034845012395e+00
7.788330254450840151e+00
3.184132958655606416e+00
3.764422059133435639e+00
9.776406439113564106e-01
1.539098982073054511e+00
8.213600398861915508e+00
1.079104930810214036e+01
2.396118712730618494e+00
6.041622418092303270e+00
6.404912876576513980e-01
5.730690571717078186e+00
1.289988229585596669e+00
6.336838266270587994e+00
9.808147467215174942e+00
2.025534070509186879e+00
3.855324174244078250e+00
1.286375548534961055e+01
1.198884401123401489e+01
6.222511119044217054e+00
1.427662332831840519e+00
5.485013606777062733e+00
6.013455494795537426e+00
3.455103745495315515e+00
4.928946903961441528e+00
1.505679777838481614e+00
3.145551277881764918e+00
2.448281835934604800e+00
3.212742827946687196e+00
7.366841256518646963e-01
6.806593838017948705e+00
2.488267878411026146e+00
3.625459394933689961e+00
7.997984637579942380e-01
2.373221473745269705e+00
1.780748781051262597e+01
4.551711517744805313e+00
1.297661090131177097e+01
4.820843610338378937e+00
7.200547252920145525e+00
2.154143443292663829e+00
1.676382720522838987e+00
2.161228835361850287e+00
5.397689941114267143e+00
4.594605318874404709e+00
1.660916882124977789e+00
5.979163891873040981e+00
1.099589882845063871e+00
2.049488552253453388e+00
3.965383789556577554e+00
1.913151945377932872e+00
3.090195751137464697e+00
1.508519522303668259e+00
2.075268069056692699e+00
8.463784808750189015e+00
7.255438351390962604e-01
1.214396807311707294e+00
