6.689073833986211248e+00
1.181885424857444455e+01
1.105073209168088333e+01
7.038014327441847406e+00
1.130719934725377840e+01
6.289833458480798889e+00
1.053222262710490931e+01
1.458284713674509447e+01
4.659476576048517948e+00
1.585374665412577500e+01
2.307443364131382069e+01
6.704878965339562846e+00
3.606480897183479417e+00
8.746725558943568402e+00
9.219390349483695957e+00
5.172352913004941932e+00
3.796611319445235555e+00
4.483444090824872497e+00
6.927523963297770315e+00
8.495839210926973806e+00
7.362356305846643245e+00
1.983743397809435294e+01
7.878240123851540488e+00
1.132035927830025734e+01
1.052268222266191700e+01
8.114681451750056951e+00
7.842813653414236974e+00
7.706924313162661910e+00
8.157335432318285839e+00
7.072344469114036691e+00
6.813488078298234996e+00
7.872366334068652272e+00
1.342619126388149731e+01
6.394659124793736993e+00
6.817014848218263978e+00
1.086334625723572067e+01
3.099954097621202553e+00
1.327135690133249613e+00
9.619018097169279358e+00
9.084500643042551005e+00
9.248901800880194202e+00
5.406184064597855610e+00
2.626369558479283128e+01
6.448061556602016076e+00
1.989853157358315983e+01
6.720002192058109003e+00
1.214226009331257394e+01
9.663741356798764670e+00
5.821603637958339128e+00
4.787705345413066915e+00
1.200742341046615103e+01
3.156530448853927417e+00
1.393913796627898982e+01
6.782507743455576943e+00
6.811867893605250579e+00
7.497645707882940158e+00
8.644748869154335935e+00
1.542057124866221329e+01
1.720504541766331741e+01
8.691720527567325050e+00
9.050398762199771241e+00
1.344540317069534652e+01
6.110450162305825828e+00
1.311602762160013391e+01
1.186218500799605202e+01
1.468271538089376271e+01
1.144390140490428998e+01
1.809419907888192114e+01
6.834429596270929608e+00
1.349527497993713077e+01
4.055262591537419858e+00
2.801829583887495545e+01
6.600238944213582926e+00
6.971429277275167813e+00
1.212744040602723672e+01
9.838163079953197609e+00
5.432171038614927561e+00
1.158127072309615713e+01
9.592011143079556490e+00
9.922824886978144576e+00
5.927522577548908878e+00
6.525868209367102324e+00
6.651908926950679479e+00
5.080969312597676257e+00
1.130973265263661176e+01
7.379751539695746487e+00
8.660975441270050368e+00
1.751778718424061765e+01
1.329523229910568460e+01
1.369542429078631685e+01
1.731518982211280422e+00
8.615736817343657705e+00
1.013840017467966526e+01
5.920916644111150262e+00
1.381732494437607173e+01
1.113505787954919590e+01
1.830871286482786076e+01
8.136842359986802720e+00
6.837190143685726085e+00
6.387442184532325484e+00
