4.725054667085373250e-01
4.488812281509794166e-01
4.826614602608760851e-01
5.370572602672026852e-01
5.217718196671062847e-01
4.759425372753509631e-01
5.390482630182775736e-01
7.815981489635357438e-01
6.974282867081021964e-01
4.888773814265463535e-01
5.011069463697803705e-01
5.275775727117197889e-01
5.847340578105282294e-01
4.597873848015280873e-01
5.748295855131076992e-01
4.065672349782525341e-01
5.290167509586172212e-01
5.051505800365194698e-01
4.667673119444743501e-01
5.223054005814784517e-01
6.427446448691485070e-01
5.355295581448807907e-01
5.099688364972544408e-01
5.129315980638640138e-01
4.324377892030693560e-01
5.817106108503293793e-01
1.669852377644120089e+00
5.874078949037730091e+00
5.166890744625904919e-01
6.207566012922823839e-01
5.163268977132532411e-01
4.376049457269824416e-01
5.540839126388118485e-01
4.598185173187746000e-01
5.141628584321519257e-01
4.695767213520576910e-01
4.491633543293598319e-01
4.190738017382408254e-01
5.743524735105969281e-01
4.639675973521272812e-01
6.270919753757778770e-01
6.071423208808343075e-01
5.364205130729950977e-01
5.517454986989884791e-01
5.039705235813529693e-01
4.565399947589647844e-01
4.365618558668837856e-01
4.678453908961542340e-01
6.050693688201419507e-01
4.552268954586216609e-01
5.119037301092815850e-01
4.751341596692302272e-01
5.373491648697250600e-01
4.573362283450351229e-01
6.268747292676777327e-01
5.157250837712564762e-01
4.739134243526891832e-01
5.364022825163649033e-01
5.186151885366416803e-01
4.621294874948539966e-01
5.257145600357476800e-01
4.550052975534543132e-01
5.066600015737378060e-01
5.118870092496196067e-01
8.780792007464160775e+00
4.528522308186020418e-01
5.153900339798237473e-01
6.778013463446601605e-01
4.685213824786071402e-01
4.428388682307312640e-01
5.618031601644180029e-01
5.054998114806420473e-01
5.607948012320621567e-01
4.762593966630186415e-01
4.199972186779564187e-01
5.194947939513556712e-01
5.774039643310971970e-01
5.315303916891109814e-01
4.368338635054004881e-01
5.352186458293013427e-01
4.948602761166392972e-01
5.283320404323715858e-01
4.955228858203115649e-01
6.986567073465085320e-01
4.770064279499330873e-01
7.989368506421011817e-01
5.628254125947252939e-01
5.858524574358723314e-01
5.183885834238631807e-01
1.121176208821037257e+01
5.317541832831205184e-01
4.462440413551782559e-01
4.791825202629230174e-01
4.382666449373590067e-01
4.429194079551291297e-01
6.921493959759605907e-01
5.390603999853531558e-01
4.758047315960270973e-01
4.243520939211306575e-01
5.021027636052098897e-01
