4.854496297668144944e-01
5.972473462358700580e-01
1.050243022127131498e+00
5.638611061911595890e-01
3.943621197095600550e+00
2.460963878215773004e+00
3.991290023850720292e+00
6.333273349124045604e-01
5.641458990611225577e-01
5.421768532293920195e-01
6.535898653946299319e-01
8.078125844215955809e+00
8.166919677271834432e-01
7.215889309662111284e-01
5.228716727665755348e-01
7.260556542959980542e-01
1.579367299913937428e+00
3.538490087539825080e+00
6.884922270813178535e-01
6.789124160697287635e+00
1.183531802152692602e+00
1.413205749408490952e+01
5.380035009114411126e-01
1.053064193541791704e+00
9.199706065439280378e-01
6.071967786632491704e-01
4.338647951101970435e-01
4.491876646231813264e-01
4.914382331293846717e-01
5.206978995002209398e-01
5.587545339795970678e-01
2.472377877153307590e+00
5.190618810502671820e-01
5.264098415333927639e-01
6.251297560263966435e-01
1.893082102910483400e+01
1.506287824590002344e+01
8.242817283853434152e-01
7.504202990637518500e-01
4.879379469333794406e-01
2.145542745031132625e+00
3.173180124950985448e+00
1.643098949224746264e+01
8.535242534917064638e-01
4.772762351766726696e-01
3.320242620561817848e+00
5.857031780453357817e-01
6.506020516363146822e-01
1.114176870618328152e+00
5.968856358851977184e-01
2.065787638781249047e+00
4.526809731530084591e+00
3.823353144302195639e-01
5.770748980751653212e-01
1.048659145474228005e+00
3.318331776208603312e+00
5.523366202177482087e-01
4.823452831480829484e-01
1.092033753124812767e+00
7.213277326624056851e-01
4.454790074677109080e-01
8.023307908396756227e-01
5.505350383307067830e+00
7.899450300113664003e-01
6.022012963301512922e-01
1.064313297944759995e+01
6.089871773287547363e-01
1.210708951535333000e+01
5.152736590663772320e-01
6.234780872391395556e-01
2.343292033506854111e+00
5.793088103752427331e-01
5.227453349412255479e-01
4.587565643528313530e-01
5.512908284007391746e-01
3.574848674598909870e+00
5.722166545770632773e-01
6.215194395688555806e-01
6.850451575827990469e-01
9.382643424393187770e-01
6.727774825899385247e-01
1.037284419865588614e+00
5.439234553050386056e-01
2.888223191988837701e+00
6.879047810867853219e-01
6.142797595388386211e-01
4.634889630943129224e-01
6.533264443938224808e-01
5.554137797587892500e-01
2.306655553467634512e+00
4.179030280718183943e-01
7.502656543554400148e-01
6.708646006832924558e-01
5.467348517499364124e-01
7.895313144295532659e-01
9.023125858709969194e+00
4.813131097624251176e+00
1.456890205034565122e+00
5.316837039371596907e-01
7.249828148355111912e-01
