5.260642659578015357e-01
4.422583748516651370e-01
4.513205300438318246e-01
4.745594277473372258e-01
4.782342674946263306e-01
4.906887732644569788e-01
5.956426862219452723e-01
6.051717134356467964e-01
6.492763951754487728e-01
4.753032209135920061e-01
5.477541092408577672e-01
4.784431855753907281e-01
4.353394736120667630e-01
5.379421391958318921e-01
4.737317811947307500e-01
1.610070763055951204e+01
4.689554205082736571e-01
5.003399534565248219e-01
5.510863742928009401e-01
4.727257901425109266e-01
4.649102407885774557e-01
5.675613004291586439e-01
6.014844926721930607e-01
5.050665272528086502e-01
5.182119928571020662e-01
6.069287881295101217e-01
4.987156672929699552e-01
5.455588117180125707e-01
5.289111482386681384e-01
5.462938113382374006e-01
4.809027538059574280e-01
4.486106149276625210e-01
5.038964492127070427e-01
5.158309922508922396e-01
5.399081214890584235e-01
4.960865026001687328e-01
4.917627598548773293e-01
5.632340115336792463e-01
5.658197182457662677e-01
5.567686074647002492e-01
5.546594933487517531e-01
4.843911718564041236e-01
4.503385577420909724e-01
4.895579687158861382e-01
4.936229168090365826e-01
5.600566561958363332e-01
5.045287693520361660e-01
5.004520228318735109e-01
5.316388854786020524e-01
6.995965852394377960e-01
6.941609829967351208e-01
1.195716715122171925e+00
5.149655088163004324e-01
4.276088202136987815e-01
5.095555873011036185e-01
5.873363417690228294e-01
9.196149063733861651e-01
4.737155540377067653e-01
4.834261245004727314e-01
5.085155662370164364e-01
4.934594545004238331e-01
2.659218835514403967e+00
5.010944512570828513e-01
4.722347909967169466e-01
5.086242132385231374e-01
4.701267175796572384e-01
5.112680957095543377e-01
5.496986157737994150e-01
5.573983663377665154e-01
5.781818313845279445e-01
4.725434319092040036e-01
5.829059562743454936e-01
4.618469696459028273e-01
5.775833950312233567e-01
4.885534174878459202e-01
4.760631751230385844e-01
5.752445024773527038e-01
4.857650687295965719e-01
5.549781716538340071e-01
5.747202160247764091e-01
4.621806993167674737e-01
4.637149562536813097e-01
5.369484903953590793e-01
4.893793643853495134e-01
5.040295513477495160e-01
4.479662829474670982e-01
4.777396871347459606e-01
5.341143783248708532e-01
4.334150887927838425e-01
5.880373023114879860e-01
4.667746191156115776e-01
5.844772189357241299e-01
4.701260073312769072e-01
5.890236939893724877e-01
4.340640721832463633e+00
5.674028229854374272e-01
4.388846211814632081e-01
5.215028722361100266e-01
5.447183598486901035e-01
5.028755884033262458e-01
