5.322101842686006723e-01
4.678079337246118241e-01
3.249514933325400090e+00
5.042189868412312315e-01
5.429871937159035378e-01
4.906979565627599960e-01
4.544217115936212692e-01
1.537333931785773267e+00
5.655778491438290256e-01
5.470603315159849878e-01
5.256547618362409358e-01
5.014766540203478007e-01
4.461153986200377952e-01
7.536649753916823125e-01
4.858247966299840681e-01
4.632526518306862018e-01
5.098298806779727466e-01
5.447156966970709835e-01
1.126668289174294735e+00
5.029945177376511367e-01
7.135282823016286802e-01
2.648489497211058641e+00
4.655822160996289649e-01
5.272102660225613802e-01
5.338086098724268425e-01
6.279103906616463338e-01
7.665069865280580430e-01
1.072094074840609146e+00
5.095741395884082481e-01
5.372083860790755061e-01
4.406294965731433200e-01
3.831203103462254678e+00
4.856924570674548969e-01
4.995750877146558078e-01
4.550758987474420869e-01
5.181755781804171512e-01
4.397818653732466498e-01
4.809259356932789609e-01
4.827913020254600562e-01
5.350762873421416321e-01
4.661533747425070096e-01
5.653784483396224747e-01
3.360814613107988791e+00
5.073289962089024829e-01
5.961327758472566574e-01
5.329009777060308428e-01
6.727822251686744748e-01
4.634813824533097204e-01
4.964799537213537839e-01
5.260079510405378800e-01
6.357924418902964891e-01
6.008215684874717022e-01
4.921491149488967376e-01
2.368011293248962978e+00
5.205306691263933416e-01
5.354067761069593034e-01
5.802323188179965285e-01
5.492221109486139508e-01
5.879011238530444938e-01
5.544009260502782421e-01
5.960002573413517801e+00
5.454718334144328384e-01
4.932488141463370335e-01
6.411971506885335570e-01
4.415478900231763482e-01
7.513231393937802594e-01
4.942880089680755651e-01
6.034030081250708610e-01
6.634630349721999387e-01
4.552839682015145106e-01
4.419709040015245005e-01
5.706952363269726103e-01
4.848945657653227492e-01
6.811670645866026996e-01
4.679689643935502352e-01
5.040645439850720555e-01
5.829660117449857459e-01
5.784939156081800871e-01
7.361130119370210556e-01
1.018614248677629730e+00
5.080241471453145197e-01
4.908655860869680088e-01
1.588149665395045762e+00
4.501170904743559409e-01
5.974268010039166521e-01
5.066612363047244827e-01
5.085922543998835366e-01
1.105984502061661878e+00
5.463796545442710650e-01
8.077960210983515799e-01
4.675058018633468926e-01
5.450821926089921554e-01
6.167036292545531317e-01
4.252004589123495326e-01
5.156698389368332691e-01
4.751731055788305791e-01
4.211478536790979055e-01
6.020907973771052468e+00
5.229368472470519169e-01
5.158567930470673302e-01
