4.170145738261227253e-01
4.238457710898115849e-01
5.007453016557761316e-01
4.981301102302724826e-01
2.570002341027471715e+00
5.249240280569968942e-01
5.782617310074523731e-01
4.223932137248063712e-01
5.364942579749404361e-01
5.191411447713544236e-01
4.869592670297995252e-01
5.299506307746204570e-01
6.485762360521173386e-01
5.703310298580764881e-01
5.651213825350414055e-01
5.342989764351396831e-01
4.656233894637076820e-01
7.856392259050339888e-01
8.687454506903306006e-01
4.960819150415410883e-01
5.322510020715482959e-01
5.221898007113368045e-01
5.385798618454230580e-01
6.068017909993583814e-01
5.132598517818922623e-01
4.641800159367730494e-01
5.458346727930211140e-01
4.381972458614559751e-01
5.060628655015513289e-01
6.679421691670393013e-01
4.867942570371801003e-01
7.243336018983107527e-01
5.105894959389365440e-01
4.831069650532369697e-01
4.892191668141969152e-01
6.820113898820289178e-01
4.638304180380388719e-01
5.597223723548904184e-01
5.832457233676605624e-01
5.456562702280365329e-01
7.032294122535571734e-01
5.036112163184355284e-01
1.452257187494381485e+00
4.419140756820067462e-01
4.430051527282458657e-01
1.349008549358295284e+00
4.314778243943290792e-01
1.534997939453104143e+00
4.646090978439617603e-01
5.365537048202068116e-01
2.438783969527462681e+00
5.109741113324305362e-01
5.561570465455140111e-01
5.216635288369287915e-01
5.468876278300855986e-01
5.038004696448767916e-01
4.156464488278153735e-01
4.992592611924125401e-01
4.776022169280780827e-01
2.621087694633376763e+00
5.514765213412715639e-01
5.932109314954069346e-01
5.243499925529285788e-01
5.277197929281043365e-01
4.667895447934768960e-01
6.486868388707773825e-01
1.818420519177088579e+00
4.248733985491876530e-01
5.192157517879848472e-01
5.571423478324708523e-01
6.949206082665512207e-01
5.076517932729102123e-01
4.979834113884927249e-01
5.472481579977951371e-01
5.025011807642164596e-01
4.643996659606791644e-01
5.917638135812648414e-01
1.315064401028988961e+01
6.405014463185007001e-01
4.493376295359823858e-01
5.487801295869094709e-01
4.254910656401104108e-01
4.693649694132764894e-01
4.683588382787794435e-01
4.659206636387660527e-01
4.707037811749862910e-01
6.096629567784607184e-01
5.183321595617611521e-01
4.956335600988179269e-01
4.601538518025795610e-01
4.874391721977998637e-01
5.343953113104555896e-01
5.292919734542644861e-01
6.259116290028486906e-01
5.328894682955628292e-01
4.151390745635128443e-01
5.083673817658386218e-01
5.259085665203369064e-01
5.582966325529672424e-01
4.978076366582617762e-01
