6.698803570266294027e-01
5.421138715984511469e-01
1.279154598822421551e+00
5.534138736220528543e-01
3.361983557016944069e+00
6.401197525875627070e-01
6.235343680529121801e-01
4.812779752116374543e-01
5.309287281112843315e-01
1.207203697195915248e+00
7.829395962497723849e-01
5.968883917039259357e-01
5.099635495426985132e-01
5.734089784301430459e-01
6.103700572309219696e-01
5.177783869922102378e-01
5.212285324178304036e-01
5.512673017712806933e-01
6.880198366915966091e-01
5.328155369163121158e-01
5.431279418169612239e-01
6.057839328377977450e-01
5.282009662095178415e-01
6.167511212621135108e-01
4.724116053290789985e-01
6.869279017146593391e-01
4.864505148480655072e-01
1.564210490789112118e+00
7.220390972970205823e+00
4.951262561985592670e-01
6.896323424988046735e-01
7.280351316188982125e-01
5.663476599226771047e-01
5.549683566992534844e-01
6.677743837760903300e-01
1.197810548435875866e+01
5.378286638938560849e-01
5.904548498106600984e-01
7.667763382862621491e+00
5.876681523524205364e-01
5.091269140571319518e-01
5.104673133734729529e-01
1.578326285721549649e+00
4.959586776826925836e-01
7.799004263546953641e-01
2.791425154993235402e+00
1.491907489465870817e+00
7.171877931311687604e-01
4.573533103657788090e-01
6.209397220467133272e-01
6.263668888843186844e-01
5.423501776424756171e-01
5.142540254930257904e-01
8.412002309561776414e+00
6.902513319256320390e-01
7.079132724105881014e-01
9.889278891222017531e-01
5.513037201647320584e-01
5.902380246008508413e-01
1.327614654927601112e+00
5.787056942328344000e+00
4.997859481932316328e+00
6.007383125238946464e-01
5.159199908304592519e-01
9.727236963862706531e-01
4.746549027330506099e-01
4.234630231094806518e+00
3.773265972542132474e+00
1.541304006834619544e+00
5.337332539314699753e-01
9.326665362143102822e-01
6.379257964401221503e-01
7.072954953457069038e-01
1.750101771667834427e+00
5.388707773038718951e-01
5.088777145293008619e-01
4.350420069254570699e+00
3.888414439762410968e+00
5.596873154605714884e-01
1.668933443519783344e+00
8.466833328082006283e-01
8.848579028781584199e+00
6.183673392576297667e-01
5.198749161508142702e-01
1.007760208555340098e+00
6.001012304761669247e-01
6.291835551339473032e-01
6.064632263298158632e-01
5.470871406785817737e-01
6.345063265484471859e-01
6.987824024967685510e+00
7.903130782634386620e-01
1.199957516986533079e+00
6.152111548831941112e-01
9.608195834011519221e-01
5.719760710438190898e-01
1.298544146716068326e+00
6.006199699502084988e-01
6.634783467282617808e-01
5.522223121877793961e-01
