5.761823382959923023e-01
5.910963174535218689e-01
2.138604575489714499e+00
4.548519781977302667e-01
5.300615871854386096e-01
5.314113998063353383e-01
5.120147798201831746e-01
7.371818617338464774e-01
5.707449221597205025e-01
7.410792065860630773e-01
4.707961335750281973e-01
4.726056198994330049e-01
7.876106619872581538e-01
4.966501663134089140e-01
5.312846325079192411e-01
4.604296546143706870e-01
5.201567873573778034e-01
4.511619946560516681e-01
5.769629213255437428e+00
5.534743118889654534e-01
5.153392921526591675e-01
6.266071744068059113e-01
5.918991327296659888e-01
2.564578012557389819e+00
4.413208021687685112e-01
5.088452827569190928e-01
5.646869039353039632e-01
4.683804351861041049e+00
4.838710607891644200e-01
1.211042801910356292e+00
6.026203517304014046e-01
5.670736200449032482e-01
5.573054727493691463e-01
6.115148068264979475e-01
4.441123843681709649e-01
1.074352807302304980e+00
6.247059290128655906e-01
1.178594197057571513e+00
5.112239472696756826e-01
5.422178435214165537e-01
4.142493988864713317e-01
4.559355503532860343e-01
4.961201525355535269e-01
5.663537725674374634e+00
2.069359394368997584e+01
4.431414323309078585e-01
5.451565133035093380e-01
5.406703955891104529e-01
7.480716293865301569e-01
5.664062660562187990e-01
3.880447652692764038e+00
6.052127733408839694e-01
4.941318032853092013e-01
5.281280310592360028e-01
4.162154798785869803e-01
4.874701093309522504e-01
5.121019509953134152e-01
5.678704088914494630e-01
6.620275673432448604e-01
9.824366624339287979e-01
8.035338547576893475e+00
5.336189679792343599e-01
1.612992227576866000e+00
5.466763299863907077e-01
5.667182053731257829e-01
7.599261873097878928e-01
5.415144644248440775e-01
6.394498378821672491e-01
4.960021992591239770e-01
5.542348891457589133e-01
5.751569128972441325e-01
4.960542881277503646e+00
5.269709095410014754e+00
7.785988805102322940e-01
5.101948596085230658e-01
6.988995073440537054e-01
4.757399517598475125e-01
5.538960300514722546e-01
5.572460346099203932e-01
1.000089887180660142e+01
5.277275551417158761e-01
5.128242183013992372e-01
4.507956261556955724e-01
6.253120999799861579e-01
5.459239285456720658e-01
6.157202907866629049e-01
1.392697414500428543e+01
5.331020805828226017e-01
5.754032272218528865e-01
7.731059732647326932e+00
4.808777689217317297e-01
5.546246049110106213e-01
5.193616312380802125e-01
7.314453380703025420e-01
6.118535009119964174e-01
4.873930034556348545e-01
4.614377609656187817e-01
6.021206000921909274e-01
4.874818092931219593e-01
5.578837320521563559e-01
