4.979704612544524900e-01
5.837791824161243648e-01
5.173146551672305193e-01
5.149298909577155747e-01
6.058097754072886421e-01
4.223973855513294406e-01
6.815627029897719513e-01
5.733327964508667662e-01
5.964108793621001325e-01
4.774783734453437178e-01
5.065457062120442000e-01
5.937202542487711732e-01
4.284950269874566731e-01
5.371564993924532461e-01
6.889341429392997762e-01
5.779573182248199936e-01
4.747047389848920163e-01
4.936941884781101963e-01
4.988072828813560622e-01
5.499810459662778372e-01
4.084875236805359244e-01
5.047266320769135950e-01
4.060718332327756808e-01
4.532954631314199401e-01
1.164902881959292102e+01
5.306666370540076283e-01
5.434909185888228134e-01
3.654590805077003068e+00
4.559749683108940133e-01
5.350671613452366859e-01
5.556499001360858392e-01
4.426756393436120374e-01
4.976787125437985848e-01
5.874801467752082118e-01
4.916122129744811553e-01
5.693986286013179576e-01
5.805773871317007062e-01
5.549546117316727090e-01
5.549083050852433585e-01
5.592791578648870221e-01
5.158574051839508456e-01
4.705162531639315304e-01
4.540381444506939035e-01
6.800254803142528059e-01
5.764118086162897114e-01
4.671009378948818291e-01
5.258745004879374907e-01
6.343698917072760901e-01
5.148885340479477657e-01
5.304580250921564488e-01
4.726191547967039663e-01
5.294117990281812514e-01
4.877882927305296490e-01
5.591288098633085957e-01
4.887197141970335834e-01
6.446055967840519374e-01
4.661533138462597425e-01
5.718248046122702544e-01
6.429666043034403256e-01
4.924118056308014468e-01
6.034791334033174914e-01
4.411568416059252207e-01
5.075812888759690944e-01
4.702005436541177863e-01
4.988610210146503521e-01
5.282172237937516890e-01
5.904964377501483730e-01
5.144437528216979638e-01
7.197726222621131376e-01
6.230466922473135716e-01
4.767172794450236228e-01
5.100287648066119672e-01
5.103321776298611612e-01
4.908080434335626019e-01
5.804631844766272586e-01
4.190391614485274308e-01
5.401246306137145181e-01
3.621475189893106350e+00
5.159388482127781339e-01
5.250134693191079727e-01
6.002156384314555337e-01
4.687728262985707550e-01
5.009102227184664136e-01
4.893589676922286968e-01
5.777291290630741649e-01
4.875389945013491877e-01
5.619722114876830599e-01
7.118386333737370952e-01
6.199236798405127757e-01
4.478406923621344182e-01
5.340842812785434601e-01
7.678401254098772277e+00
5.023731234135475621e-01
8.953109714966301924e-01
1.221188560646034649e+00
4.908119493708330561e-01
5.543179261347561670e-01
5.444454428030540694e-01
6.539996070745783818e+00
5.287596307096655845e-01
