4.734859317767156073e-01
5.826728565148633354e-01
4.684713697805866772e-01
5.039005265768230490e-01
4.884170318271401356e-01
4.715291352035078098e-01
5.556298790105173024e-01
5.513757070109822633e-01
4.925955162038329616e-01
5.142051448386264489e-01
5.335029351325095703e-01
4.536010956255744908e-01
4.092660854433489148e-01
5.115902258320634832e-01
1.263535306486866405e+00
5.793878296276803175e-01
4.992004442091025895e-01
4.413142659561565262e-01
4.739689790897642641e-01
5.099329035986643888e-01
4.995001755605057991e-01
4.941400433798181502e-01
4.548663270644399126e-01
3.873916601417352612e-01
5.233568160339429065e-01
5.646421247758117712e-01
5.927279751660649021e-01
1.248563286678489037e+00
4.644650412759037117e-01
5.640834631112561226e-01
5.363135549325097617e-01
5.236482797664554489e-01
5.012133504443404552e-01
4.389505066132077804e-01
6.798823874390993449e-01
4.875234312902736455e-01
4.628219492502219645e-01
4.574886288162166581e-01
5.066726598558398686e-01
5.724113506177841426e-01
4.594890699344865159e-01
4.697728237927524808e-01
4.677651529070387393e-01
5.552622128665971601e-01
4.482772836900009716e-01
4.352201246429475145e-01
5.358219506758579165e-01
4.433185569491515654e-01
4.349611005383458018e-01
5.582833629363805894e-01
4.588027318734932969e-01
4.823126389287098470e-01
4.821649499059543209e-01
4.177147100775156496e-01
4.555093425157970555e-01
3.865964317655452565e-01
4.610180865379489012e-01
4.697955584839731968e-01
4.699291803359865738e-01
5.098342219043984214e-01
5.505741514604064468e-01
4.835910703586757675e-01
1.681779231343698555e+01
4.662969240013012384e-01
5.543275930514653949e-01
4.761233195362977177e-01
4.947596623562736107e-01
4.542430784080019879e-01
5.099378124499645004e-01
4.646220940567014068e-01
4.719771178674867507e-01
4.844963132160910457e-01
4.899851614457887972e-01
4.864785132804748113e-01
4.333174875813229354e-01
5.686581967452836173e-01
5.718257728604616563e-01
6.083702178549186268e-01
5.169235244034895427e-01
4.731571418730395884e-01
4.879155661552986301e-01
4.716778529862546421e-01
4.369387836834031091e-01
6.223812926235686716e-01
5.222567074587900482e-01
5.307467578506362971e-01
5.585144484620171434e-01
4.798764759796985135e-01
4.631342539486058008e-01
4.715128314841702806e-01
5.112058114780971829e-01
2.837540538178049410e+00
5.195154182452730307e-01
1.199443155906225078e+00
4.983816617541558247e-01
5.137053679546692564e-01
4.774136749201437491e-01
5.591649126095972200e-01
4.766308493107454525e-01
5.039605318737939710e-01
