5.354733723240596710e-01
5.577824237439231725e-01
5.664135061518269509e-01
4.533983022622585235e-01
5.192900161296110095e-01
5.330906781209469036e-01
4.515656731593984397e-01
5.228140518734174513e-01
4.359209768095329562e-01
5.542748643753336868e-01
4.535644290379669541e-01
4.809985960179196662e-01
5.305467385965281224e-01
5.250250346288746206e-01
4.957998857820689054e-01
5.731438970291461432e-01
4.916616083799850712e-01
4.701083052632689663e-01
4.938618434401290669e-01
4.770805300117356706e-01
4.590088072355900661e-01
4.906297524637512342e-01
2.977167373221127011e+00
4.901193890651980856e-01
5.871439469487618190e-01
6.304059517856400729e-01
5.239499043604105566e-01
5.055450525705230680e-01
4.963172674324582978e-01
5.638419778628833701e-01
5.109089152158990954e-01
5.861019697224837399e-01
4.970791324395487099e-01
5.148341828534130915e-01
5.177280650019958630e-01
5.041077547781588342e-01
5.449084354603802582e-01
5.106154729031230355e-01
5.014957445460148655e-01
5.243502798737299520e-01
8.823096748900988828e+00
5.156381848071922569e-01
5.376054182071534626e-01
4.704418375910027206e-01
5.174234906151199409e-01
5.354424643205876189e-01
5.880879129540195205e-01
5.726118976373694158e-01
5.680168671788105028e-01
5.253313362371619943e-01
6.929440884076183416e-01
5.046179297720152501e-01
5.725878880365403711e-01
5.154388404247783884e-01
4.958748027895082400e-01
4.514070779870414940e-01
4.869227972525353998e-01
4.706986791832037942e-01
4.495906598771322038e-01
5.176984028705137186e-01
4.907948759375193148e+00
5.309174838326354839e-01
4.418738701071751152e+00
4.784163676866841630e-01
9.940868773773232636e-01
5.747228262470466253e-01
4.994046470658269343e-01
4.438023608942062159e-01
4.954619599540092678e-01
4.441289688712290462e-01
5.661492064241286926e-01
4.564399726926157141e-01
4.510448964132867666e-01
5.755453696164781752e-01
4.384193434177649507e-01
5.052653711127450542e-01
5.036074092952667058e-01
5.456579838420493322e-01
4.661059066571768272e-01
5.947995836930620728e-01
4.692705549108957541e-01
5.060734850380003147e-01
4.501523207701680906e-01
5.334457479626103504e-01
4.844597096399327896e-01
5.394711805992872256e-01
5.520219817336265988e-01
5.711746246514015635e-01
5.717619427487963257e-01
4.840949073168694383e-01
5.551432450777745720e-01
4.379021931048885929e-01
5.058176257985660396e-01
5.769400562392553722e-01
5.406203994465033080e-01
4.980802110158442653e-01
5.414429117553694049e-01
4.557930261339547262e-01
4.408549666584674065e-01
4.877802409257762095e-01
