4.897127157606711023e-01
1.256550229846583377e+00
4.609323058961976027e-01
5.025792045172337019e-01
5.452155150980940723e-01
4.727644266780708926e-01
5.673114874258087248e-01
5.024859518574981143e-01
1.432029351790965022e+00
5.039486625505134043e-01
4.634943938044138179e-01
5.580055562948535997e-01
5.426258914627607455e-01
4.700283559857179050e-01
5.419298971977670742e-01
5.444217143292047201e-01
5.846848763833301099e-01
4.861318916137317703e-01
5.471425285468620725e-01
6.115766071555576167e-01
5.161812670419446691e-01
5.592854199846726271e-01
5.004163569094604025e-01
4.997927918701763894e-01
6.292047981132526946e-01
5.208841665220576012e-01
4.926351535445634422e-01
5.394252603290414783e-01
5.552708334230057607e-01
5.594075380969406597e-01
5.381197942227006203e-01
4.991523575532182400e-01
5.038029098375641501e-01
5.085073196253950822e-01
4.669598536683622902e-01
4.525126569364104068e-01
4.942666528299355932e-01
4.685764002057825617e-01
5.241074225628854499e-01
1.454612595747449610e+01
7.361198132450681442e-01
4.125148835321845731e-01
5.771236811982501935e-01
5.414510277082598133e-01
5.443422458857940516e-01
5.526975456489719996e-01
5.338954660182362311e-01
5.405306040858507410e-01
5.188656255257078076e-01
5.068404713779856019e-01
4.461638367241569925e-01
6.082053983800553842e-01
4.782297667297505939e-01
3.992377150745839987e-01
4.824137002194955337e-01
4.967814684136096504e-01
5.578732325882892473e-01
4.527375230367960968e-01
4.075400304074006663e-01
4.504105196869983563e-01
4.634114935288393688e-01
4.523361379711944297e-01
1.122117658086934977e+00
4.722061700487208413e-01
5.177637486253101606e-01
4.554892435359932379e-01
5.155527655265792486e-01
5.048376537532661690e-01
4.962583296508455422e-01
5.997020647810900051e-01
4.611078223957584266e-01
3.988156072867177215e+00
5.839779177855518588e-01
5.069601526756412069e-01
5.098540416740260373e-01
4.894084971731482714e-01
2.948559959523316287e+00
4.530699846097087091e-01
5.560657664823471791e-01
5.064328047759923956e-01
5.539209443715730208e-01
4.247585757272407392e-01
5.571398431897313097e-01
5.000169585838653008e-01
6.951389738506554838e-01
4.616786655292464125e-01
5.413042057147701147e-01
5.415067901317531796e-01
5.098891588674999698e-01
6.668225203395322653e-01
5.673491880259453612e-01
6.841356872509839482e-01
5.964268358827711225e-01
4.933955640644186458e-01
8.146837254640859616e-01
5.796102770887537892e-01
5.093393337369791496e-01
4.581266370055264159e-01
4.596452883940393419e-01
3.963279938826100857e-01
