3.787727187583906363e-01
4.618413941977583814e-01
5.082304187541255569e-01
5.679065183153808594e-01
6.376750964972883740e-01
4.267606947488574165e-01
5.524003182673515866e-01
5.497735465814663769e-01
4.878343989996041796e-01
5.380481615430650066e-01
4.732393881837724248e-01
5.494766430729285389e-01
5.652969096676977445e-01
4.197885253023139751e-01
5.547787997809380256e-01
5.198369530873719890e-01
5.220069921692384041e-01
5.121316710022167928e-01
3.610762673262144951e+00
3.973164812906005983e-01
4.994693785196775426e-01
4.557955934560409816e-01
5.354751365804798491e-01
4.850958284860060754e-01
5.055708368009482756e-01
6.695606968239637968e-01
5.696988446159806374e-01
4.766616993771835564e-01
4.686423818067598779e-01
4.334922667142958597e-01
6.277927454103553462e-01
4.424243064769998734e-01
6.132808993496413619e-01
4.572616879047312621e-01
5.229526521632217317e-01
5.483031381729224218e-01
5.123566875182747893e-01
4.424494981937219795e-01
5.916202079982288975e-01
4.632993370806162692e-01
4.784881741118146570e-01
4.977618404630757554e-01
5.041900940245069851e-01
4.768250505868106282e-01
5.308524581652052099e-01
4.017061356518259463e-01
4.567709594678955320e-01
5.289495834114384953e-01
4.739196493504574947e-01
5.193305344044830685e-01
5.193265470074963641e-01
7.333626522766041322e-01
5.031912323645615359e-01
4.315035500424140857e-01
5.553137585080979433e-01
4.877157372329385399e-01
4.894056424695609753e-01
4.945382538756061819e-01
4.033080634525785801e-01
5.292068073387484750e-01
4.326140534382263425e-01
5.310927337676040194e-01
7.552957024511626205e-01
4.411058856981966425e-01
4.724767161636432844e-01
5.378328516086675615e-01
5.112054624848438866e-01
5.393109580292596572e-01
2.824553218494780360e+00
4.439103234250669772e-01
4.817239677652297991e-01
5.658175583388279639e-01
4.928424895944719664e-01
5.082028571367372960e-01
3.856616242071067568e-01
6.182498942501767347e-01
5.943963969680690074e-01
5.833684061445857383e-01
5.262712231066288826e-01
5.249180623567538673e-01
6.093876239410711548e-01
5.495406612472618635e-01
5.310826351150164104e-01
5.745003909632983019e-01
5.273292559588427242e-01
5.690606045280035552e-01
5.191415635389010630e-01
4.041796248480671871e-01
4.862705525326557754e-01
5.037586543258301131e-01
5.180081163250089826e-01
5.775395017840446732e-01
4.976280557274387339e-01
5.100467727911659477e-01
4.656090418379574825e-01
4.879062389058302918e-01
5.277798358659133715e-01
5.054736825997099281e-01
2.371289645620415332e+00
4.808186135376962267e-01
