4.659365464534729329e-01
4.139036351087369558e-01
4.833440475022174332e-01
5.304443594895239533e-01
4.663023765600399773e-01
4.853707019249288157e-01
5.309399353969496138e-01
5.193303516926414121e-01
4.325999277122233866e-01
5.191534483032520519e-01
5.164781618963150134e-01
4.593404573934046220e-01
5.951822640299886391e-01
4.982158494408192029e-01
4.373251913776102229e-01
6.008898433653073745e-01
5.229234293741856776e-01
4.988741016928561756e-01
4.964345091550355638e-01
5.392947423097544934e-01
4.615854112292304134e-01
5.313168279343116751e-01
5.057629830898807688e-01
5.070893154515174750e-01
5.272863663134064183e-01
5.224861350497477241e-01
5.024810941486218541e-01
4.178082147261172330e-01
4.415321076377615728e-01
4.615288051361073896e-01
5.377805749203917740e-01
4.700757093409644871e-01
4.905123542367276213e-01
4.262828678337380883e-01
4.583607899157626231e-01
5.151620707674221533e-01
4.732918656309378358e-01
4.703820087072433376e-01
5.538984703347917815e-01
4.556208637925159288e-01
4.598850583905009781e-01
4.263027887220395273e-01
5.071419401025676343e-01
4.595939344548746197e-01
7.399726681761259472e-01
5.493383492322558848e-01
4.959916084880640619e-01
3.811315146139975241e-01
4.805875855159763010e-01
5.005063601426618103e-01
4.839081922914226230e-01
5.286906063243167475e-01
6.656842047567954612e-01
5.147876097433882192e-01
5.476738433566534781e-01
5.705051760022598062e-01
4.914545825417237501e-01
4.824672299864859459e-01
4.991743105959527416e-01
3.903762101413609242e-01
5.154432487269680063e-01
4.904232927872980152e-01
5.480575442046600187e-01
5.302588200550288899e-01
4.669446988468058390e-01
4.562758633530268337e-01
4.646241098891626953e-01
4.973459820145770816e-01
4.703182213768067887e-01
5.009128763855532629e-01
5.725326922234617033e-01
4.460347919795776273e-01
5.012410618608846846e-01
4.519076733194105633e-01
5.442053643122553019e-01
5.129139322952426250e-01
4.533918391482887333e-01
4.471394637346832179e-01
5.523379924010605180e-01
5.694014937436818746e-01
5.113114956058059102e-01
5.437151893211088494e-01
5.422461754580730764e-01
6.455784143854672585e-01
4.923107956207781744e-01
5.434622531745988416e-01
5.301638414000574562e-01
4.307074148085851539e-01
4.766178467198793900e-01
5.386844696310024716e-01
5.040768405573546884e-01
4.232439821292000026e-01
5.253632548034666838e-01
4.675385224593474609e-01
5.461858142002041783e-01
5.286837879882038127e-01
4.335668111392746438e-01
4.936809783058500600e-01
4.768093857430363847e-01
6.019455761735663657e-01
