4.575018844400805529e-01
4.363414826114099254e-01
5.749867624582583048e-01
5.399008565990182085e-01
5.270305066684187745e-01
4.852748757567603155e-01
4.898891778436385569e-01
5.197524817290430921e-01
4.876214016356678060e-01
4.814430262015783057e-01
4.851815663807215184e-01
5.954708989080330639e-01
5.475840826008068207e-01
5.059459755357337274e-01
4.759805983196045420e-01
5.352377659274902832e-01
4.679651395600271657e-01
5.441098827704353713e-01
5.049205424508050877e-01
4.770139851896241789e-01
5.741589215854433492e-01
4.867538429572648706e-01
4.969279238993097869e-01
4.665655901917103998e-01
5.072613382691916195e-01
5.381910157164967456e-01
3.188089619782080941e+00
4.741235983919898089e-01
4.856447540430423593e-01
5.373421421910018481e-01
5.229170528915230154e-01
4.765695027121124583e-01
6.041012320552260340e-01
4.976693211030998598e-01
5.296836832495567249e-01
5.211133223742372422e-01
5.044049339409838462e-01
4.831469152768098074e-01
4.833828493429224715e-01
4.880075449875601601e-01
5.104358837523206294e-01
4.800374911294339464e-01
4.889274079711140031e-01
5.259238361015231566e-01
5.453156509805366925e-01
5.387830314239289153e-01
5.323628169541270161e-01
4.819838745087043352e-01
5.761602708469993894e-01
5.295257281913360314e-01
4.740414123144969238e-01
5.435166994215862024e-01
4.857675935558642411e-01
5.393555143041283140e-01
4.784069347124564331e-01
5.267317258727161056e-01
6.346128288653540839e-01
5.502903825051050912e-01
5.503037091848890228e-01
5.922549629294541207e-01
4.163332463929986793e-01
4.805433509609813858e-01
4.880791731943073808e-01
5.086497752652928694e-01
5.117066187186369852e-01
5.468896262004686593e-01
4.642550708352083388e-01
4.056019174621127710e-01
5.169068014875253247e-01
5.025546047389588544e-01
5.035713048085083132e-01
5.357872556524787555e-01
5.096165942097415913e-01
5.663206456768654640e-01
5.379634976904776877e-01
5.639561333365666895e-01
5.893511279807946979e-01
5.493946975138541688e-01
4.874360628863921296e-01
4.697270267475903704e-01
4.906067129890230860e-01
4.997908031541218876e-01
5.141792745521615027e-01
5.821006847604163204e-01
4.691330297153590845e-01
4.897120210740721347e-01
5.190081412735728650e-01
5.110256073323220516e-01
5.231687611830968532e-01
4.915724941742058429e-01
4.690999380293551790e-01
4.829909270418792921e-01
4.820057623262578028e-01
5.133611330716039145e-01
4.817942403476622171e-01
5.040151751581107842e-01
5.320276296669312899e-01
4.604849577075936229e-01
5.873734961012269107e-01
4.938619189160273759e-01
