4.965551648400519102e-01
5.008716595062826515e-01
4.760096572868953713e-01
4.440700670861809085e-01
4.722810026573899256e-01
5.599483415222361593e-01
4.807131773739846126e-01
1.554304757754588984e+00
5.797106552136326307e-01
5.092326676365860338e-01
4.971998918112326971e-01
5.833188686759981367e-01
4.578932060403804738e-01
4.863601454719767014e-01
5.532209160169598849e-01
4.595327773732848509e-01
4.022207130768691852e-01
5.458701816653924732e-01
4.944226959776206742e-01
4.676328016774217722e-01
4.630595402622382784e-01
5.609617829970127145e-01
5.212754787475466500e-01
5.198767610773544767e-01
5.278732877931628931e-01
1.041527544304067243e+00
5.147583401989582752e-01
5.002854530111098263e-01
4.993369503612923865e-01
4.643596202487255131e-01
4.803852891595022379e-01
4.968887497482073479e-01
5.588342173732725460e-01
5.269006549282847507e-01
4.680947836346081026e-01
4.778280670786417828e-01
5.579397171489445251e-01
4.719519115793948116e-01
4.704907374568796374e-01
4.813208114831491469e-01
4.789651813179657824e-01
4.720271680175122109e-01
4.989179558808072290e-01
4.623807076020274298e-01
4.252021247405692317e-01
4.913712982310676214e-01
5.542111927239986580e-01
5.931129955361175154e-01
4.937729115488017628e-01
5.808195587928220993e-01
5.083329603272899178e-01
5.722858071645595679e-01
5.288239108253480758e-01
5.289393770685620888e-01
4.890065872397689750e-01
5.013056648691772699e-01
4.786517198742095691e-01
4.874534957956096481e-01
5.392005504212036282e-01
4.970654068948642257e-01
4.284686008640055666e-01
5.007329121963807195e-01
4.733883155783092378e-01
5.169946171450041650e-01
4.951143759472481642e-01
4.658574651686011592e-01
5.075560206775768801e-01
5.023149717453948560e-01
4.779329219443791410e-01
4.997067966267490502e-01
5.099967132098557343e-01
5.239656776718570885e-01
5.093515572122723212e-01
5.099592410432733924e-01
5.100940316583271184e-01
5.084422709337687030e-01
5.416978888226138267e-01
5.542952112056993563e-01
5.367593487093705873e-01
4.118622332685288323e-01
4.858087088868122128e-01
4.746857062011056727e-01
5.293624007160503409e-01
4.925633321980758539e-01
5.628825714116497680e-01
6.046133055857462191e-01
5.375496151140538581e-01
4.585604939770114297e-01
4.073058625138025191e-01
4.966416502791173304e-01
4.884539726565064188e-01
5.649052342828383422e-01
4.663343014068548897e-01
4.328518041500427072e-01
5.157197837071687552e-01
5.030814419607091414e-01
4.705642516548674270e-01
5.468566576939255519e-01
5.390975995840574519e-01
4.680113625200642002e-01
