5.338016980289734814e-01
4.315462139811195308e-01
4.503650056028036253e-01
4.853056424649373479e-01
5.775276263541269106e-01
5.569307933580994741e-01
5.025778584982134589e-01
5.002213848307250910e-01
4.849049705026749479e-01
4.913076718224994588e-01
4.289262438996177540e-01
5.182725353428009329e-01
4.929966699909955619e-01
5.153708770413248930e-01
4.774947791588816659e-01
5.716257320097754002e-01
5.273799177056577303e-01
5.304568999400659512e-01
5.217250921141076692e-01
5.211496029595138468e-01
4.454481510195015814e-01
6.067932922742117485e-01
4.799844263428291735e-01
5.485022129557028947e-01
5.509395103111216496e-01
4.349034733229407146e-01
5.701746428281295742e-01
5.107899060641833966e-01
5.700945415711398123e-01
4.974450664177848536e-01
4.818322563040332018e-01
4.891174064665578247e-01
5.089964439644996119e-01
4.803486050736443524e-01
5.243956134632771215e-01
3.934921558889786786e-01
4.795865278084824324e-01
4.588369554464963307e-01
5.085252455659843296e-01
5.405778978307004268e-01
5.047137132852685948e-01
5.090865103068925590e-01
4.766055445393010959e-01
4.807630787139963724e-01
4.892768171394616394e-01
4.916924688565038060e-01
4.869008932090562181e-01
5.355494842702998026e-01
5.293898815575815986e-01
4.666789452379737080e-01
4.882280923029665987e-01
5.155869386541790389e-01
4.610291826214860667e-01
4.990517664627315275e-01
5.661567409144130369e-01
5.088366127026529018e-01
4.946120493454261857e-01
4.786790550737113348e-01
4.187670949382880092e-01
4.105231936073702181e-01
4.953486819250589313e-01
4.665844418396963289e-01
6.001776577181685557e-01
4.902843845100907094e-01
5.298405450427925434e-01
4.719006515275364078e-01
4.798794688662798014e-01
4.857915954644288492e-01
4.875812245460006689e-01
5.354808006596527559e-01
4.858668834879770193e-01
5.448790683002889823e-01
4.422382849025490725e-01
5.683345210836283634e-01
4.667760724882465961e-01
4.627354636251650999e-01
4.464935396140516377e-01
6.420022779722256434e-01
5.142581835121693423e-01
5.344304662409473661e-01
5.087666375932360374e-01
4.897945808415030133e-01
5.670272136292711096e-01
5.421293066627549395e-01
5.285659622689347081e-01
5.948448780686110826e-01
4.792930177910832423e-01
4.183858163032788124e-01
5.143929290208676397e-01
4.856034610273805008e-01
5.789428040150224053e-01
4.727140626897768927e-01
5.365393172006744926e-01
4.587855007631719828e-01
5.856753176043932863e-01
5.057064477821978654e-01
4.955847896622297410e-01
4.736111942734161917e-01
4.727963789257126903e-01
5.070766962022855706e-01
