5.698953742913556164e-01
5.501338132268980274e-01
3.964960278853992826e-01
5.530355617138508206e-01
4.193886261387999581e-01
4.537058943450024140e-01
5.577841867968535983e-01
5.599175805489668978e-01
4.840954116606152602e-01
5.042922297385609154e-01
5.148831333470120786e-01
4.961558015764164775e-01
4.872760688942484042e-01
4.925878644171112208e-01
5.464614873357103164e-01
5.391186118092408108e-01
5.219278045996866844e-01
4.935791958809567781e-01
5.517083773229762844e-01
5.100317638763053329e-01
4.724414644702726318e-01
3.899306120955224331e-01
5.372725297340106287e-01
5.280744822620329071e-01
4.517445916660387528e-01
5.249021085304262924e-01
5.000419147673046405e-01
5.846253759535060546e-01
5.179444394332960444e-01
4.942493888354158038e-01
5.453661479248032018e-01
5.146990848625273562e-01
5.135617713100021353e-01
4.565876779420505183e-01
5.117605685252690773e-01
4.291766100241919957e-01
5.335066721314923877e-01
5.265186886145365452e-01
5.108234925335727317e-01
4.929881055397697387e-01
5.107966600730932116e-01
4.126394265248117810e-01
1.329705258258011336e+00
4.736092514488896010e-01
4.841648336234344319e-01
4.850412181366469677e-01
5.048091404715034924e-01
4.393128928014654044e-01
5.326133133605736036e-01
5.466334518812420162e-01
5.061969871930750431e-01
4.463533998032334082e-01
4.838104557875832490e-01
5.826050871746054627e-01
4.851091456423905490e-01
4.771073852380117719e-01
5.454154615359354530e-01
4.569007171015028734e-01
4.739135724649046755e-01
6.037672070846489270e-01
5.389268977757665224e-01
4.581951279857008896e-01
5.569641435874351787e-01
4.685781379062848861e-01
4.928100955476778511e-01
4.556870254411475862e-01
4.362012626772558965e-01
4.697562579471381006e-01
5.603252583260990294e-01
5.553629121256337120e-01
5.297684754223692671e-01
4.720448247607927916e-01
4.500516253818375723e-01
5.541032803193313150e-01
5.042507092364112431e-01
4.644403217432550024e-01
5.396489091700310547e-01
4.504023054603367160e-01
5.917871597941463113e-01
5.429963529564522107e-01
5.553836734730639435e-01
5.258009742236403605e-01
5.519616442482382368e-01
5.253769704957785835e-01
5.298933311724907114e-01
5.547838558419078137e-01
4.705193481096650032e-01
4.622485354296310689e-01
5.238439635596938704e-01
5.091543382430766540e-01
5.076763320462912565e-01
5.191847978623833626e-01
4.772153771725992089e-01
5.137157890672392480e-01
4.796459838465937375e-01
5.008994915903758338e-01
4.401489180617878527e-01
4.701566111689881589e-01
4.700402325978835782e-01
6.394107125482897391e-01
