4.701681581876124838e-01
5.055369529654114569e-01
4.298323398437227660e-01
5.854319064437434328e-01
5.273382260687806689e-01
4.617011037117972894e-01
5.272229102195109540e-01
5.535804123604706195e-01
5.215734070320489080e-01
5.783548980326479461e-01
5.204351309416203053e-01
4.955833773013616494e-01
5.038964845257686287e-01
4.975563353071438266e-01
5.564676174106140127e-01
5.756614520266710722e-01
5.362596593020461100e-01
4.818320124697097473e-01
4.777955506468680724e-01
5.113690511294014529e-01
5.225993473381574939e-01
4.765867677954331860e-01
4.789773552476797591e-01
5.510174070366888888e-01
5.046745156047816039e-01
5.072541475777712083e-01
5.296257904212645640e-01
4.612239799740816548e-01
4.725189255134052968e-01
4.607242911659486517e-01
4.786027052909174184e-01
4.803306459438973497e-01
4.714891406819797792e-01
4.353918868875983894e-01
5.357586705037181707e-01
5.224186664758072585e-01
5.858439837298762276e-01
4.857654200040414372e-01
5.421243195061529185e-01
4.546806058382157345e-01
5.585204232389823220e-01
5.048188603694399035e-01
5.106109659975474058e-01
4.684424074325131415e-01
5.956147280908649089e-01
4.975569463247246915e-01
4.917672313352631219e-01
5.484599264449594447e-01
6.235589035634780952e-01
5.119030184949230344e-01
4.444448084029746227e-01
4.770588905616302555e-01
4.177538829167175005e-01
5.588835476369311550e-01
5.139610352764858447e-01
5.117532105875486348e-01
5.129603106757194553e-01
5.172421002766207643e-01
5.181521146797741784e-01
5.278745512383282712e-01
4.757148066706659018e-01
5.342811417642341354e-01
5.220825326792954968e-01
6.198953692040618524e-01
4.855715177930937099e-01
4.771759848927827341e-01
4.976002936823816780e-01
4.678949793950252234e-01
5.240783477824914049e-01
5.328799886893008653e-01
6.442364314173890660e-01
5.048009462764840860e-01
5.362232263652554343e-01
5.594096752368501457e-01
4.077477468836631647e-01
5.063800170050239968e-01
5.472406758713114217e-01
4.562509277676720654e-01
5.438734353782146425e-01
4.767071653094803740e-01
5.343008784790688193e-01
5.071342764799483538e-01
5.168952270273086125e-01
5.275745696443544519e-01
4.633998187740888675e-01
5.263622943261414555e-01
4.890394336234831774e-01
4.979679643734744032e-01
5.163523399111256129e-01
5.358708795316060591e-01
5.115459964674129445e-01
6.507969940417528409e-01
5.147751589260369798e-01
5.595053593521086555e-01
5.180905160768566331e-01
4.660066652922710273e-01
5.620939955845005720e-01
4.865024953576647104e-01
4.254675438715754265e-01
5.890439176199512294e-01
