5.654931920088215325e-01
5.028816789164133327e-01
4.936017880942501490e-01
4.827402717077766137e-01
5.581003791641763190e-01
4.842030591770816184e-01
4.882173300324415544e-01
5.281248363202453167e-01
4.918037262738529924e-01
4.320312111413372458e-01
5.745591399420330037e-01
6.204743899512399352e-01
4.753041274354652956e-01
5.110654711608945133e-01
4.739316736064110858e-01
6.020801476860291324e-01
4.746130604351991300e-01
5.217995796564873778e-01
4.744870606221126552e-01
5.173742837380386206e-01
5.200230144985621417e-01
5.035196828664378899e-01
5.455048683531622533e-01
6.112862322648535685e-01
5.347764843788036515e-01
4.675831130057913620e-01
5.352846148173566743e-01
5.799539347398471323e-01
4.797099949093673876e-01
5.428693769159079752e-01
4.684532687969933384e-01
5.193220194095692355e-01
5.219854195251969475e-01
5.013043762194631103e-01
5.783284864339313103e-01
4.110421866546323244e-01
4.642933156654913129e-01
5.017037568090285671e-01
4.857205773186312192e-01
5.590460882530263742e-01
5.480735075246843113e-01
4.715761962323625767e-01
5.087265152505141552e-01
4.797788301974179603e-01
4.514337807685506743e-01
4.706076054280288745e-01
5.211457396096245143e-01
5.499940076996351346e-01
5.181161607561814986e-01
4.967999275186755215e-01
6.023917796246471834e-01
5.307810355964319715e-01
5.337516425477007997e-01
4.963422904913793454e-01
5.011363094414191810e-01
5.385828117930033798e-01
5.729004449031345203e-01
5.164637241458810424e-01
4.798423365085451309e-01
4.216555522306577042e-01
5.400992164858940958e-01
4.794887068763343807e-01
5.158007828295736452e-01
5.133278108691744501e-01
5.282158887864608632e-01
4.732210979309138810e-01
4.875738437472212361e-01
5.394244658298703587e-01
4.872466436302961279e-01
4.871100885482254617e-01
4.457610095295210795e-01
4.628567897089301275e-01
5.001547807242480159e-01
5.200434051982384398e-01
4.511887190835482953e-01
5.543724486749124214e-01
5.274503349106386407e-01
5.460936196151607858e-01
4.918409267399665441e-01
4.610194309545232461e-01
6.309386066305657792e-01
4.920903414101414075e-01
5.434598610367898930e-01
4.760503916586171225e-01
4.897166217662516363e-01
4.239161656992431193e-01
5.252880126202107425e-01
5.072760582153322817e-01
5.604614339266219547e-01
4.754480880891099326e-01
5.627083031907925692e-01
4.177725898225872481e-01
5.481251064509238269e-01
4.632320162931545804e-01
5.974987045927149243e-01
5.442212895116381732e-01
5.816585129449703961e-01
4.653045508893319249e-01
4.973810916983223973e-01
4.416993664701735489e-01
