4.649412750557821994e-01
5.096921686501937332e-01
5.202603337386751958e-01
5.355305411988412478e-01
4.692903784204177087e-01
5.113097036932851003e-01
5.162999135820828256e-01
5.074065409711775443e-01
5.169084199814273362e-01
5.035649658085279423e-01
5.060005117493334703e-01
4.495474788540386180e-01
4.729809118266636858e-01
5.335897683630275168e-01
4.706319798205658711e-01
5.176681238934121021e-01
5.071990600239408842e-01
5.227923243030329070e-01
4.997468805506654066e-01
4.876534028180091740e-01
3.876621727343086410e-01
4.673685218544156306e-01
5.602266426341484529e-01
5.155825450298378021e-01
5.649896445983998428e-01
5.973238961984919104e-01
5.477280820112869764e-01
5.426798786051257872e-01
5.312352930029659026e-01
4.980516801588404374e-01
6.445071394125893027e-01
5.206990679285365964e-01
6.190598539204850148e-01
4.931663126096942906e-01
4.623935426340891053e-01
5.303044546165551765e-01
4.627494051753445192e-01
5.694940491989687326e-01
4.954729909188392845e-01
4.639562817167090514e-01
5.214187581535960625e-01
4.306580888802729046e-01
5.427695624411473796e-01
4.651632014758281808e-01
4.490548951215467266e-01
5.630637603460130203e-01
4.828051134193724336e-01
4.754485307091119717e-01
5.551010184020503946e-01
4.818474797892696171e-01
5.488935030933789205e-01
4.652055010954244119e-01
5.476774901278756991e-01
5.442226374701620850e-01
4.493021525122765647e-01
4.424950310120420727e-01
5.549257427770379891e-01
4.530131378516160656e-01
4.830872835174858659e-01
4.460755400180862473e-01
5.599657067512322506e-01
5.713627622281383100e-01
4.740311360095408877e-01
4.632545231173464395e-01
5.076569211593299213e-01
5.080372719636631063e-01
4.877666136717965784e-01
5.776846855073526354e-01
5.967647216700607826e-01
6.015334575275187445e-01
4.783109793614983563e-01
5.778634603854734264e-01
5.315652927820576634e-01
4.468445556645715411e-01
5.185860463711534640e-01
4.655527994680123682e-01
5.506000412028438928e-01
5.836370506057780849e-01
5.472220053346548152e-01
4.499828225548372362e-01
5.583669431271330863e-01
5.509872276859248963e-01
5.090481535364677068e-01
4.792091982306731501e-01
5.148559392615172925e-01
5.418582204461935836e-01
4.999810493951449275e-01
4.328221443668259227e-01
5.577796808130767170e-01
5.040085004300792759e-01
5.555974728661140505e-01
4.461834844384161003e-01
5.247201596684364366e-01
5.573870510629421737e-01
5.427628822661546559e-01
5.218630741661053341e-01
4.787107054950373031e-01
5.319546076943085788e-01
5.155678834226392615e-01
4.851259992389025388e-01
