3.039367028892127820e+01
2.920631122402684809e+01
2.959312822397714626e+01
2.938519282466879190e+01
2.965908306958448293e+01
2.958370842117185973e+01
2.975160953950028997e+01
2.980358215627940766e+01
2.878259343478759291e+01
3.043666062547044859e+01
3.100730615436524218e+01
2.962323912672787785e+01
2.899533851584277500e+01
2.887593813311104185e+01
3.003648598987768636e+01
2.975875878564939114e+01
2.985560785915309978e+01
2.957364540440667255e+01
2.973917981130772148e+01
2.959582608936317527e+01
3.005806208745201857e+01
2.938295535380296997e+01
3.003193961715692950e+01
2.978313126180589876e+01
2.935761030220142231e+01
2.931222335708099536e+01
3.025358609502173124e+01
2.925658177980348285e+01
2.990263508840579121e+01
3.048471618443268483e+01
2.991969139307794734e+01
3.006201232687577729e+01
3.017815004958299241e+01
2.988753881442572435e+01
2.904895837958940064e+01
2.992868440670997998e+01
2.977707867775887252e+01
3.000662865472433083e+01
2.942428349578046465e+01
2.877190723613191992e+01
2.839423117488880521e+01
2.912793455370083251e+01
2.991418585055240698e+01
2.797236834518989212e+01
2.929062104952938839e+01
2.992249076716041856e+01
2.986533187910542253e+01
2.888745869487100393e+01
2.885055446465894136e+01
2.911867739576273451e+01
3.071071304420691916e+01
3.009592536899921811e+01
2.980143555091888175e+01
3.031076637461857004e+01
2.908335506524450054e+01
3.077791214092342642e+01
2.883577253529207596e+01
2.912818737221484966e+01
2.936061859889114700e+01
2.906964932554336656e+01
2.975592540150076459e+01
2.900126952589601004e+01
2.975794073650299509e+01
3.025625345319619086e+01
2.975598782480852122e+01
3.004488490690199143e+01
2.967181954677246480e+01
2.923647416864299586e+01
2.982424899562276011e+01
2.997951531736062591e+01
3.009667807634621539e+01
2.944432845906208129e+01
3.060233264153592003e+01
2.939981930245668451e+01
2.966569352243329405e+01
2.990812822861660081e+01
3.052434569735810754e+01
2.882665349014381206e+01
3.034172391822247405e+01
2.900274107974863824e+01
2.851626759708131331e+01
2.909076435126556603e+01
3.022505153104778941e+01
3.052372850586748498e+01
2.934329547350838752e+01
3.086987918768187455e+01
2.906877344770385108e+01
3.009522809345855165e+01
2.995797136799223637e+01
3.044391178508691453e+01
2.884102731727329783e+01
2.947273093366543151e+01
2.982440691112194386e+01
2.995747001109051055e+01
2.915768823148325239e+01
3.010397395510302943e+01
3.092310786153223745e+01
2.954337707232697952e+01
2.970258146054775850e+01
3.016644602336005576e+01
