4.793208375775150909e-01
5.434010141205799505e-01
5.515843343792462550e-01
5.118241183619115509e-01
5.466889505599232812e-01
6.168727769867510258e-01
5.085768632816448642e-01
5.262822734271110914e-01
4.456871934727534845e-01
4.666524944476584391e-01
4.162209804804959390e-01
4.587002149907401516e-01
5.003336062208161295e-01
5.034109085108890991e-01
5.065434081007956779e-01
5.767846206441649137e-01
4.893439801657094579e-01
5.824826181155980942e-01
4.009437179865059098e-01
5.039939812744286263e-01
5.590163936142480416e-01
4.492388684866468473e-01
5.328823210564186397e-01
4.787888531391383262e-01
4.669812702952356176e-01
5.341399254755381243e-01
4.264410734369907807e-01
5.171097426246742401e-01
5.370225561778939616e-01
5.514000180910090254e-01
5.153299709963623521e-01
5.150612397050606805e-01
5.503711949613556698e-01
5.411435878069014160e-01
5.223771910805703467e-01
3.804339144221500768e-01
4.054660166102082020e-01
6.027925524899727661e-01
5.092069904411972159e-01
4.776321665367869729e-01
5.876967032357134357e-01
5.968417522115786467e-01
5.192574022964161484e-01
5.805300109462940839e-01
4.660886775416423489e-01
4.867302725694410137e-01
4.589738047876759652e-01
4.860923025712001744e-01
5.558844514465808295e-01
5.184946743496567922e-01
4.456541291724814835e-01
6.035563595915208746e-01
4.895433339277934781e-01
5.851471529549087114e-01
4.771786979267493289e-01
5.776806198773355439e-01
5.445069173425944875e-01
5.171127052702363391e-01
5.095104163871343461e-01
5.532439636193610122e-01
4.834177828845548919e-01
5.646021991407241813e-01
5.676090325147233884e-01
5.278375953910432461e-01
4.472154760986075672e-01
4.673196163878585718e-01
5.937995570549524649e-01
5.244599097258254572e-01
4.903791838902591960e-01
4.939683067368416669e-01
4.963051025283100048e-01
4.770969443370998708e-01
4.864495760005819180e-01
4.393394665052078318e-01
4.915736880342971848e-01
5.360175296489718688e-01
4.453232839659662656e-01
5.552188323626261468e-01
4.604230082427049342e-01
5.421404408039922629e-01
4.869570368390755966e-01
4.609696167964520419e-01
5.075289317996437566e-01
5.114983707735228924e-01
4.820164202488330663e-01
4.672784095192457632e-01
5.339470703122776163e-01
5.583462358377451196e-01
5.098969512437034890e-01
5.238211906999277190e-01
5.035796854304472880e-01
5.273941219682460879e-01
5.346218158593336600e-01
4.658959278479922195e-01
4.610150852036613567e-01
4.548826477415520708e-01
6.185602231815537921e-01
5.190010761123593497e-01
4.777209482460992307e-01
4.671356574008634355e-01
