5.685685151735723197e-01
4.380854501120355904e-01
5.117736839496282997e-01
5.186559252883953253e-01
4.834455614167101900e-01
4.303664184474198517e-01
5.160931724568842416e-01
5.122447825942779698e-01
5.020648003402145010e-01
5.620841387391108945e-01
5.561330037501717172e-01
5.171658370016063433e-01
4.706448390643717117e-01
5.565326687692506713e-01
5.666810350280460096e-01
4.254072743212348184e-01
4.720195051210835380e-01
5.139976615651266068e-01
5.908656307809363462e-01
4.534387766547814946e-01
5.550071347706655445e-01
4.891984016951666514e-01
4.838848932470345421e-01
4.664714440843798493e-01
4.983675495628938634e-01
4.683966724796611580e-01
5.167768195599826697e-01
5.407536032073148036e-01
5.276246768197945247e-01
4.794188121817189452e-01
4.599763386882314009e-01
4.787371027958237102e-01
5.334141656296930156e-01
6.430306672431376214e-01
4.583455493958428217e-01
3.999462865919177212e-01
5.368510397739941764e-01
4.812473069075571819e-01
5.383246285366989348e-01
5.100303120713950422e-01
4.802451307166812344e-01
5.359229959205648042e-01
5.017739990693730334e-01
4.637593201037999990e-01
5.163038936614929852e-01
4.645471047187826885e-01
4.835879805711404966e-01
4.617117554148421066e-01
5.871926889472172117e-01
5.453123042708913903e-01
4.807188804817659755e-01
4.479448558828026949e-01
4.977082529497207641e-01
5.714921441719786888e-01
4.981977907770479552e-01
5.437841356704647966e-01
5.453978533146810470e-01
5.340128327382084317e-01
5.745522565313831986e-01
5.391173083454525727e-01
5.262654562065253172e-01
5.810458617918728974e-01
4.874432107410223702e-01
4.996246540680138737e-01
4.616655384300435427e-01
4.293025849332358646e-01
5.303065407331498671e-01
4.771418693421713431e-01
5.356721170200957616e-01
5.306651064099006110e-01
5.438778294151977999e-01
5.056355853606763207e-01
5.000221118763322758e-01
4.438740260034103047e-01
4.811099669595230166e-01
5.550771999981872762e-01
5.493701494725704570e-01
5.475309163859417572e-01
4.322918051827821517e-01
5.294997472933671290e-01
5.124280072028979394e-01
5.386119966454310237e-01
5.186905226934033220e-01
5.446813979028100050e-01
5.251278030806787456e-01
4.344098972502583034e-01
5.297166991438354566e-01
4.469446021781062761e-01
4.991483650155051910e-01
5.297801477330693620e-01
5.479131819205059761e-01
5.168263117223634850e-01
4.597380427069287512e-01
4.891244598902682039e-01
5.993106810615055347e-01
4.823990948078585861e-01
5.244658409494312723e-01
5.136912180356861812e-01
4.545068617757279661e-01
5.210846235147278405e-01
