4.648358412484929758e-01
4.950898931828902061e-01
5.901635840981416248e-01
4.494246690708682546e-01
4.947991323556177323e-01
4.754955835389620411e-01
5.979724697716652937e-01
5.225695323123594749e-01
4.795459526037550435e-01
5.323692347967980965e-01
4.533597014241939616e-01
4.457295314099040118e-01
4.585711332603721324e-01
4.722490453572656399e-01
4.610085149861353759e-01
4.705133784787812745e-01
4.766907350920204234e-01
6.096057466758603161e-01
4.980761244802489052e-01
5.163882243509978487e-01
5.378144299549435514e-01
5.712780105488662885e-01
5.253213480106506683e-01
5.576658437138682922e-01
4.753672129600290397e-01
5.338173029634831757e-01
4.835503959179564548e-01
4.796607327607637639e-01
4.996084326720774405e-01
4.987958884519358982e-01
4.966339224929373630e-01
4.571184715984376590e-01
5.712616120767829431e-01
5.297730664251180110e-01
5.361323817520466939e-01
5.427542918530655625e-01
5.424790687135249145e-01
5.202217071214837452e-01
4.652227003216471979e-01
4.456744277496583750e-01
4.903959543035723012e-01
5.622272145569022772e-01
4.678674113901974962e-01
4.926411550537776463e-01
5.566980194918252911e-01
5.009420730229294794e-01
5.352311894574421913e-01
4.752938682376431356e-01
4.429751140486801742e-01
5.305781514273288924e-01
4.758583076056220329e-01
4.543524670877291394e-01
4.793565416193060758e-01
5.439179095465681568e-01
5.430884463192604539e-01
5.055496167901285531e-01
4.952395174721853088e-01
5.099405472369714643e-01
5.964482031923363792e-01
5.598832309391735818e-01
4.930242491904892610e-01
5.016790696281154815e-01
4.953637043503105186e-01
4.788933672204619407e-01
4.361127864008431110e-01
5.234660347122099822e-01
4.882621321322009322e-01
5.677455941467285383e-01
5.719532932860006413e-01
4.109937604334927830e-01
5.096191049679495988e-01
5.902683161460386962e-01
5.057166969799107292e-01
5.844793385488084025e-01
5.390709948672456342e-01
4.819845076688491492e-01
4.715751031390341130e-01
6.035955929597499603e-01
5.144917167010917280e-01
5.151901376654803855e-01
4.747014738878583273e-01
4.495175305889858031e-01
4.391522049514616777e-01
4.957044890458955355e-01
5.106453489936287893e-01
5.602656892224013863e-01
4.802669154240248317e-01
5.770874871417024377e-01
4.245136732824369430e-01
4.917750202680037930e-01
4.929752718632050557e-01
5.413377501070211206e-01
5.387923823338641727e-01
4.394555092800732643e-01
4.944996024733965267e-01
4.920862045653904282e-01
5.061350556828698721e-01
4.719390971461207007e-01
5.094105741576963053e-01
5.551920042446030212e-01
