5.243300291421303383e-01
4.398396832100874843e-01
4.765389742279692031e-01
5.087838131023354471e-01
5.345626807841113992e-01
3.905184688507982171e-01
4.980394248086736364e-01
5.206711992839406777e-01
5.018627575802596663e-01
4.460433938210573435e-01
5.081348296650819441e-01
5.098531277489590785e-01
5.668573246704806667e-01
5.381297878041119143e-01
4.527564740053852121e-01
4.981986651893592910e-01
5.069898571519598773e-01
4.899894420313572474e-01
5.229755056589874274e-01
4.930130224239784864e-01
4.525195010851424948e-01
5.229230423062174449e-01
3.991268098749400361e-01
5.182617530400025485e-01
4.486727075899086259e-01
5.375340169179969596e-01
4.584120408363712151e-01
4.462030861755690303e-01
5.616753191377175103e-01
4.266178915378743275e-01
5.601363153275442652e-01
5.228066373295942038e-01
5.497107408005174056e-01
4.615113640055633071e-01
5.384596129250297514e-01
4.242884529274080219e-01
4.810671164292980584e-01
5.275116052123812738e-01
4.639302750629188399e-01
4.813090716303993766e-01
5.602278155193356479e-01
4.724591104934362518e-01
5.832525842295388507e-01
4.781565131647973477e-01
5.318997455496985438e-01
4.645768159110940099e-01
4.816129846206989584e-01
4.498117371783144636e-01
5.408298301789697948e-01
4.976947987226998937e-01
5.751394465496612041e-01
4.623847262377280276e-01
5.337660123128367129e-01
5.244942338917122360e-01
5.805993077677821246e-01
5.606935643904956690e-01
5.289151985885125473e-01
4.760303786455726827e-01
4.811994525903653397e-01
5.184310074374575139e-01
4.869448293857289722e-01
4.716395611379862185e-01
5.180322884406587391e-01
4.974443118191975155e-01
4.618932379727920257e-01
5.865606617726428773e-01
5.821124083686699535e-01
5.306033739427590268e-01
5.712533915878524882e-01
5.409964817206555088e-01
5.857446930478160674e-01
5.822856883089316815e-01
5.017983257844542688e-01
4.826080200472110948e-01
4.614387483209614893e-01
4.990707575011202324e-01
4.814518651513196579e-01
4.980301428779222994e-01
5.259787271447444734e-01
4.165359945552492005e-01
4.994264980438401502e-01
5.127981322865255986e-01
5.403559379210920444e-01
5.295005891076881577e-01
4.539809709745658561e-01
5.265137145556231246e-01
4.898656346946373419e-01
4.871381520958725231e-01
4.311202005469454979e-01
4.864915849694906314e-01
5.516911040009936373e-01
5.330836369234734917e-01
5.086826598034993596e-01
5.057276822995248056e-01
4.537162731622553791e-01
4.719797591011459237e-01
5.212426660209212859e-01
5.137116602669105081e-01
5.552045891509023168e-01
4.688416902520006202e-01
