5.667489614285856625e-01
4.941213181244333286e-01
4.785800392735223285e-01
5.177963047505081962e-01
4.818824979126863917e-01
4.651279384989027710e-01
4.926510683188746187e-01
5.478060192570125553e-01
5.305434052129534006e-01
4.841111289231450066e-01
5.120254893630258319e-01
5.213727605415821031e-01
4.874752190651049366e-01
4.992356568070627776e-01
4.940880631576405335e-01
5.759162895278455707e-01
5.109635260297159531e-01
4.532014896303203089e-01
4.858376095788337623e-01
5.013990913384952508e-01
5.251511019685013437e-01
5.927702188978609676e-01
4.520954140912707420e-01
5.189804136180246052e-01
5.076737679822163063e-01
6.092920747345774712e-01
4.400000446626985418e-01
5.534943000111909317e-01
4.791308207683079856e-01
5.204000484569902829e-01
5.710019615401975557e-01
5.144783481691953542e-01
5.926545817016466433e-01
5.131538990155204427e-01
4.928789299161487891e-01
5.070433158897230674e-01
4.601369373297649612e-01
4.997814476780860771e-01
4.256398388788272258e-01
4.964284767199628190e-01
4.892436005332274629e-01
5.192930526598792396e-01
4.921988501298626972e-01
4.393330834636551829e-01
4.155726658449327426e-01
5.036851375359726601e-01
4.948283549368593937e-01
5.172236355225063864e-01
5.213516627848800988e-01
4.728572117363868954e-01
5.110191810922523059e-01
4.591923971010362093e-01
4.921376815951878370e-01
5.103636886887950030e-01
5.248963532510372287e-01
4.898253456230427516e-01
5.362110002221532890e-01
4.446014766681317676e-01
5.798605381609418519e-01
5.188006821200980001e-01
5.215462552804088769e-01
5.117342496656264172e-01
5.001525389906968933e-01
5.902685236786556766e-01
4.956558642673447590e-01
5.473375110737118687e-01
4.883994790365688843e-01
4.725688309087358041e-01
5.029640550614763450e-01
4.445446674502574469e-01
4.631531599665819621e-01
4.764901238264517835e-01
4.903658385533630759e-01
4.516581576068100512e-01
5.016269986568943073e-01
5.475823697897749254e-01
5.426838754975314982e-01
4.908752068732321616e-01
4.917972566807117807e-01
5.691893427789234128e-01
5.323326692512057035e-01
4.956003589632175799e-01
4.960532737797512803e-01
4.767083914595660610e-01
4.387692268452159650e-01
5.069736964337682172e-01
5.076597997869904955e-01
4.484012105836251427e-01
5.532438338262263278e-01
5.005468401791735022e-01
5.908285852994609177e-01
4.935867849802513252e-01
4.503773876469897020e-01
5.626670329213789845e-01
4.658769335321937821e-01
4.860607131181303719e-01
4.353488893050485031e-01
4.571346823028359374e-01
5.325134246497231771e-01
4.788407945765547624e-01
