4.292856099463722708e-01
4.790221661219028482e-01
5.318314385050292303e-01
5.017537517591315055e-01
4.986089257096795180e-01
4.862687350568629108e-01
5.626617959229561761e-01
5.363760729113232761e-01
4.826692760198220133e-01
4.549592687014462067e-01
5.835644464457097058e-01
5.485236118495327995e-01
5.421917801844764462e-01
5.136218823687374035e-01
4.955793223906569400e-01
5.149521559510262803e-01
4.634331628003208192e-01
5.493561760581655573e-01
5.170096840014832829e-01
5.444057425760804314e-01
5.411990980017336028e-01
5.459355535785315183e-01
4.915705554606910055e-01
5.043214757101812662e-01
5.730534902196386948e-01
6.483319911478477859e-01
4.944795548439085975e-01
5.384150161122140954e-01
5.344015991121517928e-01
4.844382696352131923e-01
4.849775955390339677e-01
4.994139346883484931e-01
5.573669572933713789e-01
5.171237037139991832e-01
5.283902871458037165e-01
4.903457734359284448e-01
4.624165900005972607e-01
5.003066954280603884e-01
4.490689647180791111e-01
4.843989352718595653e-01
4.304294721062397744e-01
5.496934515864324577e-01
5.210757676059073473e-01
5.413696533449398052e-01
5.742208699494757429e-01
5.470490126275951992e-01
5.286969078530699973e-01
5.150650239860675716e-01
5.497280234379391395e-01
4.160756475798656484e-01
5.441758169046380100e-01
4.604049853948018467e-01
4.307814855480642802e-01
5.030274920323530852e-01
4.815873222671370746e-01
5.106431730934614110e-01
4.732741662147161299e-01
5.737416049628579762e-01
4.834169174608443642e-01
4.842941624397296696e-01
4.890068518279907517e-01
4.234404334978427720e-01
6.039240795037712495e-01
4.933698356806663354e-01
5.464759490586701407e-01
4.809160668738055588e-01
4.471801090811324819e-01
4.684066346629714439e-01
5.378954040112657875e-01
4.994996572238535881e-01
5.022239318632799598e-01
4.722393572613238222e-01
4.910605153890426622e-01
5.375504170804883408e-01
5.790457334796590416e-01
4.133465670415644166e-01
5.684673667779293060e-01
5.088136962060607615e-01
5.577517548992098062e-01
5.302543143498424927e-01
5.244252500038784071e-01
5.223051520143723314e-01
4.752792015837675743e-01
5.710251826951300291e-01
5.716590599710581477e-01
4.893295532532895842e-01
5.410089510051983019e-01
5.240367569182250440e-01
4.863896967395358040e-01
5.191671256912284704e-01
5.769790723081306139e-01
4.721159032377154063e-01
4.126810164462846320e-01
5.434340395942609536e-01
5.875875019757893503e-01
5.016066340795890532e-01
5.127605217959180228e-01
5.222518503310675797e-01
5.375959033017138067e-01
5.437912991280864361e-01
