3.123094191774343642e+01
3.081774677996006417e+01
3.076580988372446157e+01
3.088543463516647236e+01
3.233929723480911633e+01
3.092454338116155554e+01
3.099482397549517643e+01
3.145900901899834423e+01
3.154021394044760740e+01
3.018501976465460146e+01
3.052762495862441483e+01
3.216580328563009061e+01
3.145483166149263710e+01
3.207769251724956661e+01
3.117830532814738831e+01
3.038637492258187223e+01
2.994789451671615055e+01
3.158504144253513601e+01
3.148092481351889305e+01
3.018368535228905003e+01
3.059688236019491470e+01
3.052750361383254685e+01
3.190880696264546046e+01
3.155497485981763361e+01
3.013672183361087775e+01
3.131815700294464833e+01
3.243659581206021159e+01
3.185057587366944176e+01
3.208055452486085812e+01
3.048672783494354022e+01
3.108305777428190808e+01
3.120518967269289590e+01
3.268768418951315624e+01
3.109048025552276684e+01
3.186359203326463074e+01
3.050841946462243470e+01
3.191099211975227945e+01
3.142149643355370259e+01
3.122971386909674862e+01
3.045755505194163248e+01
2.961656448214932524e+01
3.266309278811594652e+01
3.174221000864864806e+01
3.154388434375887229e+01
3.089489727518957807e+01
3.153965529858136208e+01
3.208858215882268894e+01
3.174308834094654230e+01
3.185866336106087005e+01
3.011116570267637726e+01
3.111300563057608315e+01
3.127288219437023287e+01
3.152820460844079875e+01
3.050828121100759915e+01
3.159323935584024667e+01
3.258792058692317539e+01
3.161411442135517191e+01
3.050925002536614983e+01
3.080698978762638518e+01
3.155067555598291662e+01
3.087318515023589782e+01
3.160649433036506295e+01
3.135876956746477973e+01
3.212064033805712882e+01
3.321863951988326136e+01
3.034882160176931620e+01
3.164022173592028508e+01
3.125405668542602911e+01
3.093242707733429597e+01
3.155826361732149365e+01
3.127904545470324393e+01
3.270782765989175545e+01
3.202471325131413238e+01
3.162644009688674629e+01
3.120380273577080388e+01
3.104145494644576075e+01
3.122808752443968316e+01
3.160619272476909813e+01
3.181137350656739216e+01
2.992082660660523530e+01
3.131784985593255755e+01
3.151495270322859810e+01
3.185929566857839390e+01
3.140337921906499830e+01
3.232512028723410680e+01
3.137191745468694393e+01
3.105701141662767384e+01
3.106153088720024158e+01
3.060860479833419490e+01
3.128974034178885333e+01
3.166589952266491181e+01
3.162297674883555487e+01
3.097299725000896231e+01
3.214034692237559909e+01
3.198309474423852805e+01
3.152295849151757068e+01
3.209726341865519572e+01
3.079286885602418522e+01
3.100135105565632898e+01
3.026311067350788164e+01
