5.390273703729415722e-01
5.203494201392969698e-01
5.508258134142406393e-01
5.557378086692486008e-01
5.159850809260134730e-01
4.947865150962276748e-01
4.750363170253652512e-01
4.666181440990748719e-01
4.931727124523237471e-01
4.470073770131421931e-01
4.632066207117750412e-01
5.012383076256338166e-01
5.033586893937403994e-01
4.896776639365147399e-01
4.767081337644243355e-01
4.677917547053898617e-01
4.751558967441314452e-01
4.927460605322034892e-01
4.449222337089176471e-01
4.905359584058069378e-01
4.796638566586638452e-01
5.709861101815129070e-01
4.953842363134616789e-01
4.561725397274152827e-01
4.906395016274879839e-01
5.301950960063070983e-01
4.980323105858875388e-01
4.998379861521970446e-01
4.808156862612035232e-01
5.546113570296060669e-01
5.345550460078595245e-01
5.268232353276925961e-01
4.895234401763240983e-01
4.763712559570786875e-01
5.001473672062188847e-01
5.443407477827827412e-01
5.791274196756760473e-01
5.844307055190394173e-01
4.758117888765869274e-01
6.243456390093909958e-01
4.601776855081485818e-01
4.576546420689631689e-01
5.549011453830731133e-01
5.274305217160021320e-01
4.824846418205387955e-01
5.473919753152085566e-01
5.432401480453918907e-01
5.499526663494216372e-01
4.763648902633544346e-01
5.555491468860925819e-01
4.881600837520880254e-01
4.917502590288653219e-01
4.638432988908317012e-01
4.996596708531167441e-01
5.236618467629919893e-01
5.619296436105676307e-01
5.446737061491569998e-01
5.247327213780120791e-01
4.998340268111376994e-01
5.264774515777449482e-01
4.777415610648881872e-01
6.979710589426580958e-01
4.783384662790285402e-01
4.979853813368526616e-01
4.319922424879018008e-01
5.886614765803228622e-01
4.648646430221407000e-01
5.829214174712874508e-01
5.270333321704709917e-01
4.118833584649093105e-01
4.650363151484675495e-01
5.782640597397034066e-01
4.716655009854170966e-01
5.817117026375620004e-01
4.170908669503816113e-01
5.390682538161313264e-01
5.306658690117779242e-01
4.773823076160603751e-01
5.763002164395878424e-01
4.682214964508556454e-01
5.184405894766956902e-01
5.529480479099218027e-01
4.512980485415730159e-01
5.173278707710349256e-01
5.059668550914581120e-01
5.712467873789035533e-01
5.427202374621109549e-01
5.326291512853956744e-01
4.567188601975399886e-01
4.512784451047072154e-01
4.644949933983444912e-01
4.740406063519088664e-01
5.011535944613675353e-01
5.062763164522910975e-01
4.558805073502957272e-01
4.747578152313920441e-01
4.855635964024911377e-01
4.450036376323065479e-01
4.765377203681546159e-01
5.101000015308934099e-01
