5.207667592785640842e-01
4.822061986223032948e-01
5.007686700023243898e-01
5.037353961987187656e-01
4.749517564097973654e-01
4.949647880445358639e-01
4.806635254794900947e-01
5.165112769459362374e-01
5.166758100196292558e-01
5.081900205463212306e-01
4.765646706966703561e-01
5.316928722055268564e-01
5.679303245012168322e-01
4.496308132999091711e-01
4.768504571705448614e-01
4.845764599471366618e-01
5.168283799988815375e-01
5.483006271206725124e-01
4.689927406333998516e-01
4.696277395821151224e-01
5.275889564343503313e-01
4.232811296939877899e-01
4.906741105162431560e-01
4.707405010089733555e-01
5.255307694190135548e-01
5.083606676438179317e-01
5.207516625575125957e-01
4.882255089998142616e-01
5.690141856100380258e-01
5.584658058406942738e-01
6.067096019421561737e-01
4.205066048290290182e-01
4.395793471524279683e-01
5.461991465273871027e-01
4.670709269757451487e-01
4.931810647705003881e-01
5.134873957059330474e-01
5.114880750130921250e-01
4.991883943295409853e-01
4.610120853095228677e-01
4.897445359531696352e-01
5.072916391078716725e-01
4.635944697570162920e-01
5.880098015007937384e-01
4.319138942984487861e-01
4.395672854558310139e-01
4.870376395709063999e-01
4.385414228971695194e-01
4.888685281272188154e-01
4.913933147272291357e-01
5.428821376229662210e-01
5.222051019813810369e-01
4.958777529218779123e-01
5.257400602152475511e-01
4.764273530682943125e-01
4.731379950412781810e-01
4.964811757801842473e-01
5.314518134143439987e-01
4.799792489041259658e-01
4.810348954018386913e-01
5.083599958948836761e-01
4.625773838574691599e-01
6.047976934024212881e-01
4.240991965606578651e-01
5.001381689040728107e-01
5.649350287488067446e-01
4.635294546592079179e-01
5.597224459703893373e-01
5.162356965302067335e-01
4.621718199025831031e-01
5.259091983168985296e-01
4.789859286702996544e-01
5.224475669214585505e-01
5.522571534105670255e-01
5.012658597629391366e-01
3.541378896349545169e-01
4.319711977402600489e-01
5.418999717927869275e-01
4.474015924257370158e-01
4.541864591380995742e-01
5.870935465612526771e-01
4.562038835836210726e-01
5.049031159218093645e-01
5.581640589948962949e-01
4.470172947743993319e-01
5.012537417942940499e-01
5.460246001168831409e-01
4.770434392348164021e-01
5.725882314119742356e-01
4.677113674086598172e-01
4.821993407622074401e-01
4.823231126664210833e-01
5.172527256447712052e-01
5.256201638173078061e-01
4.992403365607649413e-01
5.718146848127795279e-01
4.783759791762924873e-01
4.503453324637485267e-01
4.900836161763637011e-01
5.652952921586307244e-01
