5.239037062774231091e-01
4.962361299785847946e-01
5.101345271699955219e-01
5.012696793521160821e-01
4.131613076638994131e-01
5.330231306596826535e-01
4.848654409794816988e-01
4.647646139332966553e-01
4.407408716745354615e-01
4.219414124133080701e-01
4.893049705692834039e-01
4.986009941466933992e-01
4.737072149952522016e-01
5.140177281370629236e-01
5.025750331887526290e-01
5.223597806038500213e-01
4.994783859171851859e-01
4.459807633403913840e-01
5.603831647840927799e-01
5.791286844250957966e-01
5.030488135480001288e-01
4.875308055537666552e-01
5.181740493651840751e-01
5.501620073502202501e-01
5.177674898245911983e-01
4.880182785094761000e-01
5.449124253423445197e-01
5.625082858788011952e-01
5.078426514146232584e-01
5.416247226106442048e-01
4.870898224235292173e-01
4.960643593517515271e-01
4.293108666181381650e-01
4.310545174231952825e-01
5.034028095549423210e-01
5.055018934075914405e-01
4.849969620442174945e-01
5.294075428022503305e-01
5.589409868549696236e-01
5.327602764508122535e-01
4.831859249856499949e-01
4.632475165160186981e-01
5.177761007194755516e-01
4.826369449961534497e-01
5.321789326954993182e-01
5.074052118574965409e-01
5.064067366623807853e-01
4.838522310778436974e-01
4.521108921596244112e-01
5.664108009639148289e-01
4.846635671667322010e-01
5.091105619076388145e-01
4.748170466242889742e-01
5.401133023195030525e-01
4.871978341769479526e-01
5.283848990157312686e-01
5.296918995384030104e-01
5.545507872907592395e-01
4.842889794197189346e-01
5.313108961555641496e-01
5.168402198527735081e-01
4.934538653984886225e-01
4.817894776723478101e-01
4.876664519825014699e-01
5.425082604365559780e-01
4.969439769532308371e-01
4.962136321317281440e-01
5.599271099411498032e-01
5.402805852966977573e-01
5.327876554126521613e-01
5.447636385159217998e-01
5.200784599986987278e-01
4.789393502631898447e-01
4.023379746075753660e-01
5.328620876753790148e-01
4.741051592322135799e-01
5.730454583964890158e-01
5.122997938848848909e-01
5.268640154140530329e-01
4.218611170940954058e-01
4.582964936388618238e-01
4.826101064726425749e-01
5.385787881062369387e-01
4.800388376252310296e-01
4.603895758189692766e-01
5.072698781183083705e-01
4.885630754578834667e-01
4.724352433506088245e-01
4.643948308803640956e-01
5.028466134822443534e-01
5.323176458619949258e-01
4.901982191150725532e-01
4.444537786784815148e-01
5.267437220006947474e-01
5.556303363597030476e-01
5.047922300964965414e-01
5.608669891026857313e-01
4.896093887149956525e-01
5.279931478878981954e-01
4.981278098750978045e-01
