4.961322633016538863e-01
5.191467815595507407e-01
4.625317336997923356e-01
4.974487681678040896e-01
5.315923279319534345e-01
4.346414898308127439e-01
5.034382573816303941e-01
4.306318881769860552e-01
4.878854672851175023e-01
4.619467899382874720e-01
5.100301934344873001e-01
5.287143872267960898e-01
5.018158205225533575e-01
5.875226092486388607e-01
5.835067790134442767e-01
4.715686772348103850e-01
5.082288283080874658e-01
4.532735152097469022e-01
4.865737671739152614e-01
5.399415472987574294e-01
5.024016729708955520e-01
5.270821805187494435e-01
4.443323535930855384e-01
4.352793978502460526e-01
4.663154714933699929e-01
5.314967885097110489e-01
5.024746735737561920e-01
4.900474067998860095e-01
5.119597841777059344e-01
5.200736492004542910e-01
5.305587159807653164e-01
4.618689565087886195e-01
4.755385661280388532e-01
4.926537614202658455e-01
5.254435139500289731e-01
5.043869025901848158e-01
5.267938386385468963e-01
5.189307601902019007e-01
4.971371700356314038e-01
5.293307227517340952e-01
5.087794417457598417e-01
4.954441123734759644e-01
3.908718740487275856e-01
5.051809355906885513e-01
5.759895137873929372e-01
5.008837631344624786e-01
4.743802526469245717e-01
4.912556188517463451e-01
5.056793635077607707e-01
5.023421401262054831e-01
4.820745340285493286e-01
5.030639938893378682e-01
5.012258571581855726e-01
4.581527725001855456e-01
5.108500396330909465e-01
5.013436664031142298e-01
5.236381267835226172e-01
4.957035871926274706e-01
4.963575251735197202e-01
4.485318152324013763e-01
5.908236417067779245e-01
4.824355184282911324e-01
5.532065193838408002e-01
5.903104303529477237e-01
5.255452541554184176e-01
5.103388760971390159e-01
4.341803012607151624e-01
5.053574077133349274e-01
5.477302190417895345e-01
5.067371376036239328e-01
4.699071966323002947e-01
4.664538646295612878e-01
5.124373633223907598e-01
4.593267373821529609e-01
5.341371053172863093e-01
4.778204946961412958e-01
4.648111542726586776e-01
4.898212851020777858e-01
5.315546307697727180e-01
5.300935664085082433e-01
5.803198031183089967e-01
5.029198893285846683e-01
4.959499303060143083e-01
4.658922597350744210e-01
4.907601108367017351e-01
4.979536793093025659e-01
4.638345241897731119e-01
5.432575741185391438e-01
5.244459330608101100e-01
5.301253453058255571e-01
4.701740598204415256e-01
5.373251172627209193e-01
5.112905558221988445e-01
5.303282218732401354e-01
5.201831316832568053e-01
4.904701769309491310e-01
4.621505431475315118e-01
4.488613857694873643e-01
4.711836296954002856e-01
5.237263938778655703e-01
