5.139453747456275146e-01
4.689151921736959827e-01
5.289148457010052207e-01
5.563138900312604163e-01
4.331074738547024405e-01
5.225425925024606011e-01
4.682435140421860598e-01
4.690209764873464193e-01
4.862978194662875842e-01
5.377369436789523061e-01
4.678889608975839165e-01
5.127609367190419931e-01
4.732782321647784896e-01
4.724600703049727790e-01
4.823222792358143884e-01
4.953898933747889477e-01
5.660955906236095903e-01
5.009370383666477133e-01
5.355611667528944464e-01
5.266211529407580638e-01
5.128901172728792535e-01
5.173396977749821213e-01
5.327225508391064679e-01
4.616198788925718888e-01
5.145558574185139511e-01
4.714126805613609306e-01
5.026496832205130660e-01
4.784001972777448541e-01
5.247229882389325972e-01
4.845273571669033719e-01
4.898742304039840345e-01
5.137227983993439828e-01
5.388509723996378620e-01
4.989156006026740919e-01
5.204645953698093797e-01
4.789978633428842447e-01
4.705799813473807713e-01
4.995436779121036341e-01
4.794407019374213319e-01
4.762955811481900947e-01
4.968208044213114349e-01
4.975896777754033606e-01
5.840281675289272778e-01
4.728801244000845339e-01
5.361657210072845459e-01
5.253768962073829263e-01
4.677809776862356661e-01
4.659182611099365046e-01
5.867435285004261036e-01
4.676889371658976002e-01
5.428320178388101880e-01
4.675051489850853281e-01
4.471596610651967230e-01
4.714492998604346563e-01
6.012215731022750864e-01
4.410643370838572830e-01
5.005817399185956695e-01
5.753090702232753761e-01
4.739514140027287770e-01
5.597004001251799643e-01
4.951443140788974184e-01
4.696805275165963911e-01
5.524428883698763171e-01
5.030246370966328096e-01
5.626307526614326981e-01
4.816965100514240539e-01
4.945924236974277854e-01
5.278399277331418116e-01
4.432834374588642268e-01
6.679417755445866689e-01
5.641444160323776380e-01
4.610632618112412429e-01
4.875743345239985649e-01
5.338300411041432270e-01
5.059106238950010770e-01
4.016330324152500020e-01
5.423326318209930053e-01
4.579450485933517778e-01
5.335021113956394112e-01
5.299037195782676513e-01
4.954999727539827203e-01
4.912867767144220021e-01
5.190476115866383688e-01
4.998311524510504200e-01
5.110586708320407068e-01
4.690060556596458707e-01
5.086919745058566811e-01
5.031175938719472107e-01
4.797475904459927998e-01
4.512681141643813398e-01
5.566329363406290476e-01
5.296804504880595621e-01
5.092611239925158850e-01
5.276342538537708293e-01
5.041886280295214684e-01
4.850944384389235253e-01
4.154396616507340378e-01
4.753797645298784014e-01
5.334966693722964504e-01
5.682319803665739633e-01
