2.129202627675750392e+01
2.130101678953644750e+01
2.175225573995900064e+01
2.044025991264226860e+01
2.122204354610530785e+01
2.071819425889626132e+01
2.081649885495170693e+01
2.125501246499469943e+01
2.073002170950563539e+01
2.066906498167640294e+01
2.116919135810112707e+01
2.080720562463669054e+01
2.055011802460856885e+01
2.060257933116358586e+01
2.137798441619746725e+01
2.129912699150730049e+01
2.049300411463986649e+01
2.099676855932822761e+01
2.069647355160812552e+01
2.143582329183240986e+01
2.088700864333720730e+01
2.112160758132230143e+01
2.094324369291866716e+01
2.083548494153497899e+01
2.080939739851718429e+01
2.138838880107463680e+01
2.116388029760221201e+01
2.100486131196363360e+01
2.098597073161344184e+01
2.043493287233169298e+01
2.038092288491320403e+01
2.104051428174127381e+01
2.042493203528181311e+01
2.120817467594292793e+01
2.045979371782526002e+01
2.038617938539786678e+01
2.084670960779995497e+01
2.108317066890853297e+01
2.057901624684702568e+01
2.125562031107730476e+01
2.096961232447189261e+01
2.088185222524365869e+01
2.086625837943752870e+01
2.030742427039668030e+01
2.072065177275632664e+01
2.104322924926363214e+01
2.010195228050031346e+01
2.088128749801849793e+01
2.035980774584518471e+01
2.126173474949122522e+01
2.088016817732972541e+01
2.098655816699140786e+01
2.075151098350301737e+01
2.054862148332600569e+01
2.085936922083527989e+01
2.008741062660735111e+01
2.131526758614819528e+01
2.061446197651216394e+01
2.096887443898950210e+01
2.143734378748115788e+01
2.068305906337984368e+01
2.134604853012353942e+01
2.035867132817172731e+01
2.105209702151715945e+01
2.084036334041465111e+01
2.057254049877996849e+01
2.090095066264471768e+01
2.042236786376145474e+01
2.123694528595633457e+01
2.069285509106251553e+01
2.063541909634949434e+01
2.064985413438454742e+01
2.053445948047309955e+01
2.077591749667732657e+01
2.049308018965738754e+01
2.082748742128249830e+01
2.130606104866917860e+01
2.072002541287033495e+01
2.084822259232723241e+01
2.083519298169126444e+01
2.001708524810880974e+01
2.076273206698427032e+01
2.092041542281928912e+01
2.081392965486541158e+01
2.091495529098861184e+01
2.091844296209248810e+01
2.052990248467403589e+01
2.088874378332477733e+01
2.082386699602659874e+01
1.985598168993040602e+01
2.078775816456295189e+01
2.087795913335940057e+01
2.081540684291156751e+01
2.088126682784795918e+01
2.125355602323790194e+01
2.073465404355551911e+01
2.045259720318991370e+01
2.097680431157655434e+01
2.135683586140196510e+01
2.041767337342722044e+01
