3.245063231978729590e+01
3.195740272031012807e+01
3.227427912585338987e+01
3.118362181054055071e+01
3.239625827788493950e+01
3.244100374066329806e+01
2.955076314631920553e+01
3.121906885876306248e+01
3.245878514129548620e+01
3.093323667105838126e+01
3.149914352547622443e+01
3.113536310529394058e+01
3.170566513081982407e+01
3.085991345517376061e+01
3.172500633654948388e+01
3.228677697681316516e+01
3.098366938364388545e+01
3.301240096683257974e+01
3.261730670730162274e+01
3.135647961823736907e+01
3.204320725867596309e+01
3.093302689164640995e+01
3.104882074478933518e+01
3.209680635425394257e+01
3.235374061507557286e+01
3.455022073849543318e+01
3.406617113144313436e+01
3.330629076359349483e+01
3.154801576222532944e+01
3.068517141331336262e+01
3.206236628340547412e+01
3.210276340891389424e+01
3.168160204271030267e+01
3.128023253429585893e+01
3.078098834147361273e+01
3.069757860395979066e+01
3.320621086475333783e+01
3.217275802637536941e+01
3.262343028039913406e+01
3.333508396803818385e+01
3.154594172357973747e+01
3.160810213215290077e+01
3.191156208767147717e+01
3.075602599357566547e+01
3.167877346331394151e+01
3.027560517377801474e+01
3.220502973350852471e+01
3.095579474098493833e+01
3.162200243446005032e+01
3.208336769455211623e+01
3.241985097493800794e+01
3.179297104205327429e+01
3.111037092654315828e+01
3.080363203107350145e+01
3.287998388791608306e+01
3.159631325929158407e+01
3.002519126324357401e+01
3.121151662717081265e+01
3.220612225027666398e+01
3.321415321382681896e+01
3.205423418887818343e+01
3.224847251869857701e+01
3.252665916259713441e+01
3.137315349893552607e+01
3.099754600237951863e+01
3.289923382127652474e+01
3.216669471368009425e+01
3.333260411618560681e+01
3.253204987098041556e+01
3.157389055063633876e+01
3.227229530723416673e+01
3.210268731808011466e+01
3.252137295936019257e+01
3.197135166003996787e+01
3.190255896895243737e+01
3.100651846833341096e+01
3.325662432450156558e+01
3.187057932694673568e+01
3.203397459505750078e+01
3.134854100506588992e+01
3.262236557211974741e+01
3.278138637172210679e+01
3.175221873142812967e+01
3.077025830571473364e+01
3.177822417543313449e+01
3.185817380479537775e+01
3.213790744575187119e+01
3.206840477521217991e+01
3.167327642770333540e+01
3.240334896419597754e+01
3.350423085287315672e+01
3.209087428491388749e+01
3.208365341235874268e+01
3.303803639740719689e+01
3.316421154147612071e+01
3.122823070718145644e+01
3.221275486230121743e+01
3.265522349899332966e+01
3.252975616482613930e+01
3.075941523168418357e+01
