2.313032663451882343e+01
2.240992190492776714e+01
1.301325050979584574e+01
4.601420798533361989e+01
2.600570383720125989e+01
1.425818834966248261e+01
3.338530714617630224e+01
1.108174574176888427e+01
4.626939523046423375e+01
2.214551793082108588e+01
4.706773302281304439e+01
4.469933622844290966e+01
4.384660199355466403e+01
1.495863081294689323e+01
4.413449790908425285e+01
4.558570428045190681e+01
9.807725065846389256e+00
4.424254882551370116e+01
4.340704746492271227e+01
1.393713639141536653e+01
4.262159172343794467e+01
4.480613597631594303e+01
3.308064896881227668e+01
4.508898170008250617e+01
3.894380178122881375e+01
3.278630623037464886e+01
4.242183447236752869e+01
1.588175076933623764e+01
1.752309137704478914e+01
4.606515195477937397e+01
2.175868494622143601e+01
4.671837209358211851e+01
4.390239327053814833e+01
4.555579837022929013e+01
1.260510088455386324e+01
4.177395884266044845e+01
2.521528722679156331e+01
2.858820520899270790e+01
1.027478659859546362e+01
2.340635267306957346e+01
3.633172874681331876e+01
4.643802001687566161e+01
4.608434712303647274e+01
2.132033164522740876e+01
4.661117444596318649e+01
3.637076506263237263e+01
4.676892220214277529e+01
2.413614728143254951e+01
4.332266696902568270e+01
6.975270928173808116e+00
3.118726867852425499e+01
2.581183723734509528e+01
4.604813165322997293e+01
3.344689644207220169e+01
1.835479635240982788e+01
4.497147943849502383e+01
3.089629538390417807e+01
3.400430137793035357e+01
4.261953103774866491e+01
3.637134927967618125e+01
3.350513860495897944e+01
1.379794842856721004e+01
4.239890632231681877e+01
4.486005455930492758e+01
1.442933007036943316e+01
4.233649363696276424e+01
4.503513855369617147e+01
1.000472508975464159e+01
2.687028719285622813e+01
4.676259735601043843e+01
1.042704492952807094e+01
2.356745496524692740e+01
4.433715616148889893e+01
3.198878382144733834e+01
3.422578965478181345e+01
1.515933671601114874e+01
6.687967436398654542e+00
4.374106433799005345e+01
3.185439464142063670e+01
1.319979556979046897e+01
1.667491862244262180e+01
3.937533794011939392e+01
3.623463042307768234e+01
4.526857110116795013e+01
2.148067634806698933e+01
2.820583481133621362e+01
2.788465234813720173e+01
3.031765158118529158e+01
4.447970030059293123e+01
3.043207924511118989e+01
4.503118813459536796e+01
4.458915325920393968e+01
3.329169967613237446e+01
4.250449576816134112e+01
1.559927462255829766e+01
4.768440471264067071e+01
3.888965768280237967e+01
4.429771083975132484e+01
4.544062775432453094e+01
4.485744457217134595e+01
