3.935557855920416159e+01
3.817143109165580483e+01
3.627670128423984153e+01
3.766272108507435235e+01
3.723822798981813520e+01
3.623690776185856066e+01
3.963617846020758151e+01
3.741361819288344037e+01
3.781740159987818828e+01
3.765121678315816212e+01
3.875960891894042959e+01
3.822341666476012989e+01
3.821043982283309504e+01
3.592885314570648347e+01
3.709160567309692169e+01
3.720050512651707919e+01
3.712588692400614576e+01
3.769640908668189638e+01
3.836752376093272687e+01
3.758950093581876217e+01
3.678726580910458921e+01
3.815905148994212936e+01
3.718672828817259557e+01
3.716438642485850607e+01
3.678084121074897439e+01
3.766304006893557244e+01
3.730237078948043461e+01
3.632578067767910568e+01
3.795635838276427165e+01
3.671654137620372893e+01
3.909566491547815303e+01
3.900986727542552757e+01
3.688557777244135139e+01
3.530011380647395214e+01
3.784114415847426471e+01
3.681454647571176508e+01
3.870317779328885877e+01
3.903416795992789190e+01
3.636778433137518363e+01
3.704289967225672342e+01
3.666944321601773993e+01
3.792732544894933255e+01
3.669724376233892826e+01
4.010407425266966897e+01
3.567546809688639797e+01
3.655119026124079085e+01
3.649845478787970166e+01
3.827478211289189147e+01
3.730780681114745789e+01
3.732866342656890879e+01
3.647894969201562532e+01
3.818457366811941256e+01
3.681725757573948954e+01
3.677136601787491799e+01
3.809938202282695840e+01
3.524630286748026009e+01
3.812143341843175648e+01
3.737166606645271827e+01
3.713428597537548370e+01
3.807507080951721434e+01
3.770497926864255334e+01
3.646544552912232007e+01
3.693761947100705356e+01
3.888029054725566880e+01
3.753994091445617443e+01
3.765603202432701835e+01
3.769692939241780749e+01
3.639024429362553548e+01
3.654033530644758088e+01
3.808200025840271508e+01
3.582780304335009447e+01
3.557718868380845834e+01
3.674755110935449665e+01
3.770792805608961373e+01
3.659143757311569800e+01
3.622276488139058870e+01
3.704414852417168902e+01
3.646948302982735157e+01
3.522494371440788541e+01
3.700909006188411610e+01
3.700496162934344113e+01
3.650980058265507466e+01
3.690682831565886346e+01
3.855610946746862311e+01
3.783319972691382560e+01
3.613431625281166504e+01
3.883748934218000670e+01
3.775538950892200774e+01
3.900097186451748144e+01
3.571625216467997888e+01
3.701289115220463088e+01
3.600475315928508024e+01
3.960533355884633266e+01
3.783364804214782851e+01
3.827028284861125229e+01
3.919433979188215034e+01
3.642401343219678722e+01
3.640517591265129482e+01
3.796913713571427706e+01
3.491439681860027378e+01
