2.168312438501706296e+01
2.186896467345877682e+01
2.136139304274872686e+01
2.162045571428713231e+01
2.128535948412035239e+01
2.159142547313668459e+01
2.162591714386197950e+01
2.159799976565498980e+01
2.138754970490398932e+01
2.125465449460912026e+01
2.161426843964983036e+01
2.223253618021884392e+01
2.208491177947188788e+01
2.138247490931637174e+01
2.131329599298510402e+01
2.215891418179761274e+01
2.172382478494219882e+01
2.105470029932858012e+01
2.150376375334496259e+01
2.163136735089171481e+01
2.264628792191590989e+01
2.154054779123659102e+01
2.114815662210308034e+01
2.219773128958519948e+01
2.168605348158448010e+01
2.137301940394242550e+01
2.171652765584354938e+01
2.081957008710363155e+01
2.132006825531357563e+01
2.157891960871135950e+01
2.172174187477010321e+01
2.140838809572942480e+01
2.202430535879591389e+01
2.212170672019976081e+01
2.231241377646682622e+01
2.168478999325388301e+01
2.219409386265064299e+01
2.152680981949143657e+01
2.172484642170412528e+01
2.093216950150488032e+01
2.188425373257103246e+01
2.152824492680291257e+01
2.179381311697420642e+01
2.196294984050850729e+01
2.137209886319667262e+01
2.129777117478235837e+01
2.147317661605627848e+01
2.131691403311146971e+01
2.173221291666694555e+01
2.079696134918701489e+01
2.176983279661527959e+01
2.196017530832242315e+01
2.199408346611357246e+01
2.125399924696348108e+01
2.179701216785212026e+01
2.188955199961967679e+01
2.151386851547325918e+01
2.190155424132529660e+01
2.102948473100482474e+01
2.191785983298517237e+01
2.165676917864055184e+01
2.179896004302715085e+01
2.140391350023019257e+01
2.199307272300881522e+01
2.155415807277053375e+01
2.180474305671416957e+01
2.158054404529876891e+01
2.148354031403446385e+01
2.160016123625288387e+01
2.167027746243898889e+01
2.125271361087867916e+01
2.159991284943513890e+01
2.126221972679616812e+01
2.149521863640828911e+01
2.160889366490357233e+01
2.200707351633827003e+01
2.251152437115475280e+01
2.154706962587053809e+01
2.188112127905666071e+01
2.176478405580471787e+01
2.164120222624325152e+01
2.211881601829422550e+01
2.090497030281058244e+01
2.163113990191978075e+01
2.156469665663634316e+01
2.136960397962269198e+01
2.155020524910797874e+01
2.199343286619440718e+01
2.207613640585843839e+01
2.166971689655741429e+01
2.141556955881940993e+01
2.194333560918084203e+01
2.182964118123512165e+01
2.113473654154320869e+01
2.233208216626009346e+01
2.195282980874053180e+01
2.214356270345114908e+01
2.181873342766233037e+01
2.212463537685423987e+01
2.231453209971426688e+01
