3.401907780587542618e+01
3.331552093588296515e+01
3.358972138933491891e+01
3.246800446191257805e+01
3.190576143373741402e+01
3.451553147273066458e+01
3.347432733852534881e+01
3.373204000058808560e+01
3.370983598264803760e+01
3.586708843025784432e+01
3.233017834378587452e+01
3.390217238026827573e+01
3.428693952666954914e+01
3.477592738057987987e+01
3.376418758174578016e+01
3.409918156597122874e+01
3.227102266601263381e+01
3.299668388701193322e+01
3.393434196492906096e+01
3.219665522254131673e+01
3.396776963135749838e+01
3.527967557250131847e+01
3.392806973023288464e+01
3.464271174425797284e+01
3.329436520828794954e+01
3.435346664448652376e+01
3.446815746930511892e+01
3.372348315373064764e+01
3.395442324959675773e+01
3.305699347633991891e+01
3.353260150256200234e+01
3.161725997056024084e+01
3.230913560691689668e+01
3.441375206537339437e+01
3.432437776524170658e+01
3.336548798393852167e+01
3.304110385419003393e+01
3.482723288891742897e+01
3.333150982391381234e+01
3.237550897045895226e+01
3.428290569439071334e+01
3.468269755222100770e+01
3.270717149606097252e+01
3.441252681388515811e+01
3.266211784214658564e+01
3.371373098934277834e+01
3.266765819339092047e+01
3.301742392918040991e+01
3.417998992890015586e+01
3.331430803677798735e+01
3.545875139639726825e+01
3.384443138126442108e+01
3.382508072384508324e+01
3.298614950473427854e+01
3.324361909224582234e+01
3.293263327705435017e+01
3.523989115025746344e+01
3.403189050244289859e+01
3.431817106095176229e+01
3.407328433427120729e+01
3.265662223978075929e+01
3.278644196133343769e+01
3.489632348779439752e+01
3.381869975500781322e+01
3.450036008920039166e+01
3.422944530222721937e+01
3.452480822426886675e+01
3.478678511799204642e+01
3.316921641192545422e+01
3.254261331992335471e+01
3.511366236427558363e+01
3.469979239242645974e+01
3.351781452736285871e+01
3.329881003808534956e+01
3.512620276265317898e+01
3.351068595314974630e+01
3.324514257703150122e+01
3.225852828578194220e+01
3.369390569688667370e+01
3.187924172822252444e+01
3.424885309110558751e+01
3.424613560490311670e+01
3.391361187942541022e+01
3.359376019274078828e+01
3.357459344153064507e+01
3.325442110462204681e+01
3.341671559102933742e+01
3.471946802016272215e+01
3.398588129015588066e+01
3.381394754696325577e+01
3.508195147463371910e+01
3.414385193846727873e+01
3.408867734077624334e+01
3.385893310605966633e+01
3.318606923084999494e+01
3.364364892760480785e+01
3.311004053683211623e+01
3.328964623645901355e+01
3.305256067341250770e+01
3.451073341059543509e+01
