3.400293058088325182e+01
3.578120342889421579e+01
3.411683972266449416e+01
3.562679812409349012e+01
3.587556949740960732e+01
3.539149608119149093e+01
3.519407855045324851e+01
3.326930837064974611e+01
3.473331299485919743e+01
3.401880264595273928e+01
3.468948647747676972e+01
3.566324767601428647e+01
3.663974349154914734e+01
3.564968371120939850e+01
3.400989869120077458e+01
3.571037099392762570e+01
3.504065375829963358e+01
3.509500772030808236e+01
3.554392701540537303e+01
3.606735660459344217e+01
3.594941171013260117e+01
3.616290531987494461e+01
3.604630116560026210e+01
3.508655071133733117e+01
3.510662600162139313e+01
3.329358134994838991e+01
3.420613993153774146e+01
3.437894114087529118e+01
3.606763054435602101e+01
3.536731143069199845e+01
3.524499720460828911e+01
3.569304979504288866e+01
3.445090032659480528e+01
3.515362883500833391e+01
3.493162699796177861e+01
3.410529979317956162e+01
3.498753767297731088e+01
3.633050231364617844e+01
3.587427206045092731e+01
3.519994420685777925e+01
3.561559924855068004e+01
3.430881114232106199e+01
3.558500945740922816e+01
3.627598452599685430e+01
3.361344106895128903e+01
3.534278451299972090e+01
3.392360712205977791e+01
3.490374575528555567e+01
3.698502355684486531e+01
3.521610313185711050e+01
3.455528259381684109e+01
3.638881068728938573e+01
3.658102392116641965e+01
3.593103608074504507e+01
3.562231028569906499e+01
3.610641616964049661e+01
3.732257323863360909e+01
3.551504223396724313e+01
3.364684395027948938e+01
3.588490667823008806e+01
3.560222540431044536e+01
3.575027455633119189e+01
3.664643001268863998e+01
3.553175656555525563e+01
3.555372051307851677e+01
3.443264704642260909e+01
3.465347796205593767e+01
3.424824302658835506e+01
3.540648168808424145e+01
3.537010282286717455e+01
3.433401439659741783e+01
3.557322088154163708e+01
3.514347727096197360e+01
3.532938119339132754e+01
3.418227129309423873e+01
3.723252369647592985e+01
3.534874006168049476e+01
3.739666850892365346e+01
3.587552393436803300e+01
3.475832015199198111e+01
3.559249409287891552e+01
3.525330435492945469e+01
3.504290729295824036e+01
3.682770402569038026e+01
3.395973800935957598e+01
3.562277800496082847e+01
3.652600386124801446e+01
3.676020058836363802e+01
3.531541764367312197e+01
3.525711389285856256e+01
3.519967606192427922e+01
3.527512900502571114e+01
3.625142007873476757e+01
3.560887373056942806e+01
3.554315558877041781e+01
3.544995422061624879e+01
3.738563017141302680e+01
3.663802754719716859e+01
3.472974025480217364e+01
3.640189614611291802e+01
