2.045945745461428711e+00
1.617278437309057537e+01
3.737112158624320113e+00
9.689502260568762182e+00
9.735696067474258086e+00
8.174544288692827010e+00
1.856538775175297218e+01
2.540410894635107386e+00
8.379092463691542036e+00
2.462740488379302040e+00
4.271049594489495504e+00
1.085812588616239527e+00
6.570517446860191235e+00
1.373697268219754442e+01
2.021512715056525966e+00
1.392896527326033684e+01
3.531600231476353713e+00
1.368693587631711317e+01
1.011972673484482499e+01
5.370250505192384338e+00
4.137358166282431249e+00
5.035081075122179506e+00
1.672190874834457830e+01
2.433346261690938483e+00
3.175709682901897146e+00
4.748953355324381675e+00
3.127572933648369080e+00
2.628882688994472971e+00
4.714351033774247135e+00
5.138017176761741744e+00
2.707645944100752988e+00
1.697384947595345084e+00
1.412468663073084763e+01
3.638523050367647116e+00
1.353968393490177391e+01
7.720467577214439991e+00
7.485240458741329483e+00
1.631904346843896647e+01
5.951126808647110522e+00
2.157893035169234697e+00
6.129957720368591545e+00
6.490809695384092137e+00
5.089456094762693894e+00
3.702818972463005842e+00
5.859380922596591823e+00
8.711651600742563728e-01
3.312581143506338588e+00
4.072859117006884411e+00
4.667488503388344867e+00
9.122560310282009866e+00
8.939793535296608695e+00
2.757486172536268043e+00
3.268936035196671863e+00
8.327410944284965311e+00
2.870275242179360919e+00
9.128955330149647551e+00
6.405718156472717695e+00
2.550923284032100558e+00
2.038418388631031863e+00
2.005731124467797777e+00
3.274573825058502585e+00
1.319710811923725302e+01
4.431439184390978170e+00
3.855853847795569056e+00
5.448613344338592235e+00
5.822575846473492245e-01
2.674583692714818994e+00
1.050662028406188675e+01
2.882098708398065590e+00
1.070328331793177057e+01
7.232764542353155690e+00
1.736081447580650661e+01
7.641835479519985874e+00
4.663452834083971155e+00
3.410451362657927366e+00
2.025624876196447044e+00
2.588694374222266781e+00
8.762943679021752530e+00
3.001583846157786173e+00
6.181446502631153805e+00
4.019261639161929800e+00
4.788083233265106209e+00
3.189224365449874199e+00
2.691894570770488659e+00
2.201055198874224406e+00
9.421650929808073061e-01
3.159541408267957596e+00
7.398798068589687915e+00
6.359643232557909087e+00
6.096159642922669875e+00
3.081167791121378396e+00
2.331952343376104242e+00
2.732885475793194185e+00
4.964156824066249030e+00
2.459888886160662480e+00
8.970418472122631215e+00
1.087936160259387997e+01
2.885150730942458441e+00
1.041204802169806953e+01
7.287521313701594394e+00
