1.030989974273114917e+01
2.820445185558405754e+01
1.232328318616396068e+01
1.238180074647720197e+01
1.011082252574381890e+01
1.062832707876450478e+01
1.247410599592356384e+01
1.310945796554399578e+01
3.114291136695799267e+01
5.739762549771595168e+00
1.910850569609885241e+01
2.826832065979096242e+01
1.428406466258468832e+01
7.615593483106492201e+00
1.879151014571713674e+01
1.144221173047435514e+01
7.422396485213153206e+00
1.306140310264631488e+01
1.060153113941346348e+01
1.559467507618934690e+01
1.740438181385757233e+01
1.037631278994642336e+01
4.016817677286176291e+01
1.561345484566922970e+01
2.302852421096535984e+00
3.700473737467924451e+01
8.794596102680831251e+00
8.401255077548569261e+00
1.626331534380967270e+01
1.489385128479205278e+01
1.130527000670763726e+01
1.366101806922854500e+01
4.415829414845659073e+01
3.944565610240985620e+01
2.042376191264436613e+01
1.142763041944995273e+01
8.264388252666485357e+00
2.943081105826435451e+00
4.407171456292113376e+00
2.082680791460840553e+01
3.869072982876103595e+01
1.185835034281908129e+01
2.009869209117184141e+01
9.173905628496676457e+00
1.063800005498813128e+01
9.922343912703864177e+00
1.047429342373963834e+01
2.131429167750474463e+01
1.346480813752231320e+01
5.969762677970168241e+00
8.702197568078924306e+00
2.356212452597631568e+01
1.455630425533397521e+01
1.182702504964973578e+01
7.052049427289380112e+00
1.655493493120238568e+01
2.699832730221672605e+01
2.532723687417879788e+01
1.118071526450771813e+01
2.154658590441867005e+01
1.644844031796967698e+01
4.736379163974186923e+01
1.633517112130975235e+01
9.722702087943391192e+00
7.882651974278378049e+00
1.324000351989499791e+01
8.855826756404447053e+00
1.528052817103062644e+01
1.321037340871062149e+01
3.537810260974580956e+01
1.298160184204866141e+01
1.535207499323398217e+01
4.340346834525076503e+01
1.588860588733641954e+01
9.591665579008385123e+00
2.963806209566368111e+01
2.630783031214644652e+01
1.317221997839575209e+01
1.703324340601638198e+01
2.986869721763196495e+01
3.416168866631162615e+01
1.306139241548965479e+01
1.440657683208184281e+01
2.129028471790194743e+01
1.576662446761689651e+01
2.028200648258859928e+01
1.176780443837330026e+01
3.431340742866559879e+01
5.761760998759006824e+00
1.856717711848319396e+01
9.581731413061392644e+00
4.027103198623200875e+00
2.976059250706061832e+01
1.000253017664937971e+01
2.660667518960319100e+01
1.184393343367265139e+01
2.108245661021920014e+01
2.128425226907812728e+01
1.028146302468076811e+01
3.376603823152288442e+01
