9.891890176326285644e-01
1.634582572698782155e+00
1.432518601537489644e+01
3.262187106737623576e+00
1.172021676616379349e+00
2.436413183791147574e+00
1.886805792913094582e+00
6.138116923325173779e+00
1.433083830386406632e+00
1.302275703639704219e+01
9.316115630665462888e+00
2.886307922356334377e+00
1.887841116423656818e+00
9.057818212514064271e+00
2.336614594533564571e+00
1.099587177941938165e+01
2.157573918481159581e+01
1.148483496280762628e+00
1.121864416441578527e+00
3.309692908083046614e+00
8.865385047707574628e+00
2.253538939044546385e+00
3.227897736121516203e+00
1.352872098873165285e+00
9.471901494232121133e-01
8.642840832701595977e-01
3.463840292659726039e+00
1.462963559357103760e+00
1.320593442106652526e+00
9.376088073115826926e-01
1.966349230955793947e+00
6.914871993657767391e-01
5.515053510238704604e+00
1.819366563365244938e+00
1.965669939088177998e+00
3.969208401888026483e+00
7.527277183950802364e-01
3.672513593004915755e+00
8.332418766820324230e-01
1.090368749172915042e+00
2.798960082889468737e+00
8.919909281818276803e-01
7.076830651890085866e-01
3.428624619308819899e+00
1.416053653419710567e+00
8.267409164354914353e+00
1.977574662220942026e+00
6.347185610914545251e-01
2.102208603916719376e+00
9.449570172799151013e-01
1.047448540859907906e+00
6.116674580742271772e-01
1.365060385740334503e+00
1.200877976007632952e+01
8.011477938340220151e-01
1.576606674445347300e+00
7.731739797758376831e-01
9.161210612519758101e+00
1.374500495120220878e+00
5.537193406165387133e-01
9.826293425395188352e-01
6.466338743057971961e+00
7.137263431386272616e-01
4.369803948626057810e+00
1.203595108613396114e+01
4.624367630041374078e+00
2.884592649272000209e+00
1.674989761706359603e+00
4.850879438228307805e+00
1.172056752011981340e+00
3.384001123966888791e+00
1.743424186710727497e+01
7.766275320889028944e-01
1.030031182619691288e+00
1.868226315031280560e+00
5.373882570012745497e+00
1.204633091496284392e+00
4.420052119664337198e-01
1.063760317568571478e+00
2.039416418426804878e+00
2.904979691074958570e+00
3.980369435087136587e+00
1.559037790697178627e+00
6.583737925495856125e+00
5.269574974194720651e-01
4.530946863971372807e+00
2.365373795015643044e+00
4.537850920984356939e+00
7.594501995860961641e-01
8.019737482688935160e+00
2.797196030220977292e+00
1.150674686568102523e+01
6.709930040281760766e-01
1.034228987456206283e+00
1.266691470553164001e+00
1.884573230112098763e+00
5.235607217713783790e+00
2.678565478070003003e+00
2.401289913854887548e+00
1.559565714168126327e+01
