9.260720672381376417e+00
7.547645476459291736e+00
7.060127703867364879e+00
1.485979507245253073e+00
2.970300843560976567e+00
2.815086727565017100e+00
8.848560239683562756e+00
8.315751144020870456e+00
1.573946164039958617e+01
2.890815297496037495e+00
7.950097868325549655e-01
2.545260685085994012e+00
3.978392153781101559e+00
1.220442345752893898e+00
1.212994672841831489e+00
1.317056892711168103e+00
2.286300187690734731e+00
1.535887743596596966e+00
8.315626655753934671e+00
1.094960592662040710e+01
7.687328046544431581e-01
2.189869750086606004e+00
7.389753599074809776e-01
1.554597651300769989e+00
2.005234336939735407e+00
7.513470695568381430e+00
2.833827729268036055e+00
7.830538232436525803e+00
2.037860962110462193e+00
8.459291639532836582e-01
3.133713569764283946e+00
6.913675720250967993e-01
6.785068531192803398e+00
6.886167890141783321e-01
2.650391043603292474e+00
2.094506455703173842e+00
2.280016759957872008e+00
1.085423224036868461e+01
1.465266278976710135e+00
2.296570385193351882e+00
2.626160959969064290e+00
7.098208760488943447e+00
1.856414689662390316e+01
1.191324399844246651e+00
1.356588769628675362e+00
2.049525046038237264e+00
1.149050932808220571e+00
6.185037605972496522e-01
4.174851691248426810e+00
3.737700314604206930e+00
6.097262428520930477e+00
1.944962027955101291e+01
1.101482281485419179e+01
7.242176263585207163e-01
8.131071858652957118e+00
1.189953047275256637e+00
9.975030632782498907e-01
2.099019878879042622e+00
1.844347683976577779e+00
2.690939953912342197e+00
4.038652940815589787e+00
5.436822905911696147e+00
4.834074769510711356e+00
3.597259974598825405e+00
6.521905305379519513e-01
1.145402384402491869e+00
1.296718741445896050e+01
2.584663821448337728e+00
7.469480383048543448e-01
3.838184194977615871e+00
3.525239725212356401e+00
3.018719936555646743e+00
1.439512709999210438e+00
1.003587011712068211e+00
9.193371069310876109e+00
1.144919469691965341e+00
7.001874614151482490e+00
8.061831974007519497e-01
3.091561252718302288e+00
1.232564458343381242e+00
5.655425193996668654e+00
4.516922722592414452e+00
1.049433464761596158e+00
9.117682432922717961e-01
7.992752235131423966e+00
4.777511981005859276e+00
9.029342124477997444e+00
7.724630943492792667e+00
1.043105061233631892e+00
2.214033483313196271e+00
3.511113021098746234e+00
6.611621140256845885e-01
4.916204795100916236e+00
1.041118900513872347e+00
5.703080494909634757e-01
1.206929426066181810e+00
8.295204198070195156e-01
2.198403076089043839e+00
1.489615485393671390e+00
3.098599325800472926e+00
