5.729511743696968473e+00
4.808883799940348869e-01
4.689176280026046140e-01
1.435957875258256911e+00
1.363562162037072589e+00
8.788029058180626407e-01
6.295196398667735060e-01
5.437160083135688105e-01
4.685224434765510870e-01
8.136522861920841843e-01
4.293553946181809522e-01
5.320590698778863148e-01
5.272929414420974847e-01
5.839248181127527637e-01
5.222411892375485865e-01
6.674944639675270963e-01
7.635712351109846807e-01
5.420465345193712370e-01
6.646299537449149586e-01
3.955312138765106900e-01
5.187426388583475934e-01
3.107566545043057626e+00
4.978922591885854843e-01
9.160336275270875017e-01
4.356042953656021899e-01
1.290710423056802059e+00
4.801121640113725775e-01
4.653093406091082240e-01
6.013400151355595691e-01
1.086345250234087345e+00
5.042233833809549592e-01
5.690568125065713634e-01
4.724115364399438799e-01
1.612321268144129682e+00
6.503112659493742953e+00
4.296077951457767385e-01
6.722561736695542578e-01
4.963738460169571654e-01
6.883794951850816801e-01
4.535007777741441037e-01
6.007658134853393062e-01
5.617123156969964226e-01
4.875868964523270011e-01
5.041980556414535908e-01
5.532239872927308122e-01
3.363233005455607216e+00
5.677123503412979666e-01
1.407160193731780584e+00
5.651808814990110230e-01
1.485391641446870281e+01
4.799937825678682324e-01
5.126564602135950111e-01
3.515734105025471457e-01
3.195108733513131183e-01
5.357280419685102046e-01
6.265857133049083094e-01
5.035550946346243339e-01
5.916237349340390805e-01
4.874496509528059018e-01
5.010687122812588212e-01
5.563165166527379579e-01
6.311646118945349881e-01
5.086778305811553436e-01
5.541634205288645809e-01
6.667429079483472298e-01
5.654130913958600457e-01
9.564200771895056130e-01
5.203324873642041215e-01
5.702466899249698518e-01
4.455567942754726118e+00
5.090206518895823429e-01
1.492618925195432045e+00
4.620827713992498587e-01
4.921519731494518601e-01
4.925190135519511014e-01
6.775946017939827870e-01
5.170353203076212267e-01
1.777098394886401200e+00
5.287731383801757001e-01
4.601206279795454490e-01
4.340998071284301596e-01
1.833462045178057664e+00
6.467206284433275609e-01
5.716540532476996894e-01
9.742947042078844433e-01
4.898227704569301011e+00
4.261698975848862148e-01
4.774051322949183218e-01
5.457932529194052806e-01
8.028863789592453060e-01
5.245516722914911334e-01
5.447402565528094431e-01
4.247979272113699412e-01
8.005219487313175453e-01
5.342237970446892525e+00
6.221364535835544052e-01
5.158812965130730177e-01
6.074493476530390401e-01
6.052074181035722589e-01
5.137627217155890103e-01
