4.403165905777027822e-01
5.464721008499817678e-01
1.371338778388665025e+00
6.769137556472356598e-01
5.059175615332996978e-01
2.173496643480198109e+00
5.547542606622385408e-01
1.252539248640418990e+00
5.030364441225479988e-01
2.060189872826385660e+00
4.168314170822707276e-01
8.527906820733786475e+00
5.949368576505024153e-01
8.982935129875196933e-01
5.629032372072935164e-01
7.705604725938275390e-01
5.741596355029657817e-01
5.681382524033391501e-01
5.391434881850375449e-01
7.642612227246578627e+00
5.127627887645751503e-01
5.182265936194667688e-01
4.645677810484620252e-01
1.653609627238799229e+00
3.253709473180662837e+00
5.182251539222370029e-01
5.952740295027552087e-01
5.423592189337824720e-01
6.594795292794172203e-01
1.330044634943159831e+00
1.336545714711921296e+00
4.711780750412863372e-01
5.889848939564462649e-01
4.747644479645715676e-01
5.008537810331246121e-01
6.439024484859240394e-01
5.273422895249543219e-01
4.792660757185286391e-01
5.436439354911259958e-01
3.697299687849652905e+00
5.226201682885448507e-01
7.984302168998355098e-01
5.495204431398125200e-01
4.384107360101086037e-01
5.773949242864914178e-01
6.687089325369127701e-01
1.767335547118130012e+00
5.823034378311230164e+00
6.662149436142891235e-01
6.266806207182878952e-01
4.936193837210042790e-01
4.739013298745815561e-01
4.972643834160075382e-01
5.180930372457054345e-01
8.274815892201191403e+00
1.874769019622803956e+00
4.795820396384062323e-01
5.495368987206707967e-01
4.651321666294303547e-01
5.273908239030709044e-01
5.087686693083343092e-01
2.221368777205844136e+00
4.882860136204080770e-01
5.763084168719287970e-01
6.084338529185376876e-01
1.691616931584149608e+00
7.608330886511275537e+00
5.241871438690727247e-01
5.247422865845189355e-01
5.924093036962537751e-01
7.144499073369032782e-01
1.178723208119487609e+01
2.329774727454443806e+00
4.956891401223071369e-01
5.573535699989587977e-01
1.461463943422910639e+00
4.689046938725648928e-01
5.499967679890553907e-01
6.702466063056652379e-01
6.155761459987028061e-01
5.560609379540316644e-01
4.069369842149805350e-01
5.775491690771075159e-01
5.355471778263908300e-01
5.578713829742036445e+00
2.563864680994579093e+00
5.916426534519867442e-01
6.666786287965693614e-01
8.003605206886414081e+00
6.803813306147223905e-01
6.173049717443234163e-01
5.592228849381277733e-01
6.264367549007133773e-01
1.203798716708266214e+00
6.451589485016990810e-01
5.397773115214186124e-01
5.225345254498392489e-01
5.322253240884018410e-01
4.619983038831333433e-01
5.661135095035469966e+00
