2.213899876501798314e+00
5.504501694790965294e-01
1.007695924476498028e+01
7.061737448722502641e-01
5.929516041929396852e-01
1.244886811579744190e+01
4.159961960225810884e+00
5.721564950791341309e-01
1.814748397317559991e+00
7.133765098121156445e-01
1.101414277517988483e+00
5.131785835315464395e-01
5.523662247401294190e-01
5.593050983260744458e-01
1.749008222441096772e+00
1.281838062859520733e+00
4.323405289344912084e-01
5.964769744325365552e-01
5.576013923561109475e-01
5.889719820496930325e-01
4.728361876224410065e-01
6.800103029424591217e-01
4.866446529512279406e-01
5.890668309270979952e-01
5.571970246970225915e-01
4.875379352278309542e-01
5.965043554643172374e-01
4.790949054208146207e-01
8.121513375522901867e+00
7.203737292962921757e-01
5.877797937931905636e-01
5.078305090463741678e-01
4.905260810407452432e-01
7.818799343198507223e+00
7.341180249456412676e-01
5.318947662611691607e-01
3.906635085269853036e+00
9.491401029079551410e-01
8.170539621149623954e-01
1.332779153906960667e+00
2.124453422984010853e+00
5.471270467565949591e-01
3.978281276464203486e+00
4.783863490214010916e+00
3.063512638629258156e+00
5.145059752814616916e-01
3.207909299824123650e+00
1.183719096802890292e+01
4.428520525942522212e+00
7.773973291287270548e-01
5.170193455648056657e-01
1.149081052937954794e+01
5.435114326503615034e-01
1.225712959087604581e+00
7.219304140054768615e-01
1.104848956847462871e+00
6.720311960498671633e-01
7.533198549923384446e-01
7.572186598874536934e+00
7.272202561727214576e-01
7.935219034190140741e-01
6.210843718086969112e-01
5.247397843747996227e-01
6.170406162371291359e-01
6.496232905678395175e-01
6.277301725416563061e-01
1.562734030762460424e+00
2.183151545674596239e+00
2.695374653628819672e+00
5.707619667964221044e-01
9.520696985750410901e-01
6.495288131245543495e-01
1.142462498831819717e+00
7.804839547238044961e-01
6.098827484428777090e-01
6.438575260579363357e-01
1.029074545899758331e+00
1.652754993917146820e+01
5.047430210910197612e-01
5.388591324438136709e-01
6.061020790522176904e-01
5.599963565202916715e-01
6.820761086517975080e+00
2.201061047794541814e+00
9.630725257220400515e-01
4.940078258097010400e-01
4.934120320802928283e-01
2.067507203779512803e+00
7.357657761505629335e-01
7.757334439110305624e+00
1.621800683563462853e+00
4.383689679070132406e-01
6.076759027643920952e-01
1.486329128148014878e+00
1.024716583884601073e+00
5.542918223479643691e-01
1.590945966934905975e+00
4.713115590767663621e-01
7.057758166128409449e-01
6.988238266905947293e-01
