1.087781336175201341e+00
1.002647661433288429e+00
9.915016362846997833e-01
5.559949053993026524e+00
5.092270390805062608e-01
5.914068613759311255e-01
5.631947240816725930e-01
2.908091347063002985e+00
7.139147716956755207e-01
4.578019840721636591e-01
3.009637498809967671e+00
6.518972537532398137e-01
3.448301460442921407e+00
1.261559979598434245e+00
7.605256551186447833e-01
1.757909681220612086e+00
2.230316620390509819e+00
7.294481897985040098e-01
7.774690946376502376e-01
7.741203433735781569e-01
5.119741984438768156e-01
5.953991610512562316e-01
1.655294717840954721e+00
7.090566081648046470e-01
9.924406425024785428e-01
1.440064126136940681e+00
6.215490121770731458e-01
6.630063375703603157e-01
9.028014265963323126e+00
1.121744739827671644e+00
6.665550985564470565e+00
6.508671989644371214e-01
5.901631446348316601e-01
7.974800909174678765e+00
6.702095899693948367e-01
2.163766080302630179e+00
1.546474772580856749e+00
7.807114859693659037e-01
5.488110098377027013e-01
5.125186449497834973e-01
8.517607349354181512e-01
3.450979350765532860e+00
8.840187768644269806e-01
1.177088274023482484e+00
2.761229450269394370e+00
9.420489369846414274e-01
7.769755329296466062e-01
6.973173542016482429e+00
7.851616925968006200e+00
1.190528197653020426e+00
3.726498768938523387e+00
6.129786662025465960e-01
3.633868158583733798e+00
9.274316874963750568e-01
1.311013508825344509e+00
2.558287939287509083e+00
9.838007732654840964e+00
2.286499124101048963e+01
6.727207057606337415e+00
1.209509093882188635e+00
9.146841287890040695e-01
6.617348112656742387e-01
5.915680210982421361e-01
1.541795358460963827e+00
8.824784080947001286e+00
5.156778945009947712e+00
1.155975688917866950e+00
5.302119864060906629e+00
7.382515912783907952e-01
2.815232093008638081e+00
2.850071328020140182e+00
1.371853947719812838e+00
8.295830747102679315e-01
7.155567840770663546e-01
2.152599003145864831e+00
2.440669430957909558e+00
1.892319972305251063e+00
5.684023273287442946e-01
1.881801346966642363e+00
6.673321522564727992e+00
9.926908574872268520e-01
2.128940421788120929e+00
1.470709206829107440e+00
1.179715352399851369e+00
1.062774478584665871e+01
2.242911405087610888e+00
1.730358878257588051e+00
5.674943172063466879e-01
2.956742456483558712e+00
5.165681957587558992e-01
2.380904692908038633e+00
2.402077373669513349e+00
5.140134108895766385e-01
6.877125988360948128e-01
1.845183107068067763e+00
1.021933715818987487e+01
2.833190019399232984e+00
7.312058583020930591e-01
7.238983641087821663e-01
9.183512400562627853e-01
