5.252783867528688644e-01
4.904861094847214331e-01
5.462314098653595629e-01
5.492557341375503555e-01
6.598437220857210628e-01
2.249297584044951837e+00
5.568872244876507116e-01
2.168120546344389776e+00
4.885731938976894395e-01
6.066934492626753217e-01
5.281693580839665891e-01
2.091945868110780538e+00
7.450623591018322500e+00
5.430986065182056288e-01
4.130699743073831254e-01
5.343403532710570003e-01
5.371233960362682414e-01
4.672404959962465076e-01
5.123910433473884973e-01
4.591165293121698965e-01
5.307456180819605240e-01
5.564206086892122816e-01
4.574347961236471249e-01
4.872341236581315127e-01
6.605166762552066029e-01
5.733636276586730141e+00
5.069188292580986133e-01
4.828400186930370541e-01
1.567054269423065138e+00
4.902914119340004429e-01
4.624645161573013308e-01
4.816039960749144977e-01
8.717374576537116893e-01
4.889257844157772759e-01
1.760631700445838277e+01
5.296102954645890426e-01
5.525926012493093120e-01
4.124143299492758485e-01
5.302778083938279874e-01
4.671424230554282464e-01
5.357745198135426268e-01
5.559091039549988178e-01
4.716732930474825114e-01
5.314502589624762185e-01
6.659058729766104134e-01
4.764622859016915957e-01
9.600099021484755468e+00
4.640461241102452061e-01
5.428814797939259806e-01
5.406158157355315241e-01
6.156346067266840194e-01
5.663049975984077999e-01
6.349162002554815665e-01
5.587331007866311872e-01
1.087774822282350895e+00
5.906152798940925708e-01
1.338176388919360971e+00
5.091924946022969856e-01
6.015155407838489454e-01
5.165177821563912142e-01
1.115838099272272288e+00
9.587509357043761948e-01
4.281714900652320299e-01
4.436931669374221676e-01
4.265718443792582693e-01
4.912857508860999367e-01
5.291370536446385886e-01
6.354557931963127348e-01
1.256117281545065412e+00
5.739396175965431057e-01
4.708991921361087019e-01
5.408046190671733644e-01
5.217583352146919484e-01
6.139253578038486037e-01
4.930138630165205038e-01
4.735754234599062196e-01
1.189151726925521402e+00
9.360700219570993852e+00
5.580423047172929918e-01
4.684140412295322298e-01
5.505129763816311028e-01
6.731694945488077009e-01
5.081789423418991980e-01
4.618221884222808438e-01
4.302249438158833872e-01
9.513174908877960467e-01
5.809745585774719334e-01
4.790286957972421100e-01
5.522395898009221371e-01
5.521698117947595463e-01
5.339498640122234407e-01
4.502681183583129854e-01
4.629548613945215774e-01
2.300080418103184865e+00
5.650081455981353917e-01
1.812078077773893847e+00
4.831244136761903563e-01
1.624373421655699445e+01
5.043842518324329616e-01
5.870555562106968273e-01
