4.128299361967417092e+00
2.576865874392162414e+00
1.686255855866243714e+00
1.475569097622841275e+00
9.591072473525941167e-01
1.067473537460841504e+00
6.249468059065228509e-01
1.772924619592165030e+01
2.347582423027372744e+00
6.068660941664875352e+00
5.785084827339167513e-01
7.144406160949610118e-01
1.431696005410198369e+00
6.072650710377843986e+00
1.636222941250873975e+00
1.261978189212881407e+00
1.135373277864186292e+01
1.570999404081068418e+00
7.159284303849139164e+00
1.773846597530058355e+00
7.937940593830881131e-01
2.239061781239628512e+00
8.041866290387905680e-01
1.512729065918321236e+00
1.682609486554978107e+00
2.200426007049160404e+01
5.022967868169726735e+00
6.937971258185344325e+00
8.687454633963132000e-01
3.726786211141310368e+00
1.123777139199594988e+00
2.018886612150219140e+00
1.596602946006278723e+00
1.090951854288729805e+01
6.149081727871057446e-01
3.916285103279820934e+00
1.085190386460807899e+00
4.036541196428923506e+00
1.461337821443092766e+00
2.711688540104901790e+00
9.005405662865478833e-01
2.538509111816240615e+00
1.253524572138108528e+00
5.532889951864601308e+00
3.171076224947553701e+00
2.261901103049327677e+00
3.847149963552014551e+00
2.331984088133665534e+00
1.293235454385745165e+00
8.859093773265227512e-01
1.962780849863323018e+00
8.032754377454046635e-01
1.282411975223564538e+00
1.711929888735920224e+00
6.005638050887961432e-01
1.654633301512786092e+00
8.579447741225048052e-01
5.965905789686413385e+00
4.058022483222255339e+00
3.840665016313528302e+00
1.188060733853088191e+00
1.497067101499494290e+00
1.062348141386239675e+00
1.566492773885279410e+00
5.875088238815713293e-01
7.600106490646997282e-01
5.488232999774760312e-01
1.680682792529565095e+00
8.731161089603207692e-01
5.657684151641323211e+00
1.884290873437375113e+00
6.584487531591621812e-01
6.943397671581885255e+00
1.021279490805360401e+00
1.216101310696008220e+01
6.496166929281891322e-01
9.717460864376982199e-01
7.802582646875266814e-01
9.170488258683182625e-01
1.249386878264735046e+00
5.474635316497803217e+00
5.991422824383050294e-01
3.932966776175419898e+00
6.237715491688036185e-01
5.340696792898133038e-01
6.399519724517106489e+00
1.363401807554355694e+00
2.257629174451252219e+00
4.109519515080322982e+00
7.119185522760366203e-01
7.953625337120040495e-01
1.354180582744112682e+00
3.251475460091619585e+00
8.570519364770442294e+00
8.530554928846056928e-01
6.972348538289083741e-01
6.697745453987130615e-01
7.992114101269768289e-01
7.891933607792891436e-01
3.331539055442594766e+00
