5.247371050703937279e-01
5.549717197510245503e-01
5.896737017614847032e-01
8.968282066932864893e+00
5.950812269245699948e-01
4.519836672899358310e-01
5.132416251755304026e-01
4.997895064728155590e-01
6.119539383031115110e-01
4.724806542957850075e-01
5.141382668758218699e-01
2.840073314119137660e+00
4.950987932151577064e-01
5.088460768586494654e-01
5.334669060873624691e-01
3.962846460741634158e-01
4.775221164831991993e-01
4.246745725911305613e-01
3.801862777498732915e-01
4.659192272866888862e-01
4.886778349036632330e-01
5.465638901141259831e-01
4.409989681081810664e-01
5.255947430043509394e-01
4.477115508820299628e-01
4.914768413053125506e-01
4.546434908810503273e-01
5.492392770842727812e-01
5.190877155447818359e-01
5.375529546345266807e-01
4.845424513575212200e-01
4.910633683157665796e-01
4.069990289795059613e-01
5.153501794960484439e-01
4.311326826526414635e+00
4.749769280304549923e-01
5.816563950641199243e-01
5.072840841212374885e-01
5.023772191795021769e-01
7.472058963626390105e-01
5.392023484321470939e-01
5.847215334715110124e-01
3.743426635294469507e-01
5.359162231584283509e-01
7.773897243229097587e-01
5.066434449154902930e-01
5.415507248111993688e-01
5.614838232755609226e+00
4.946920709727966603e-01
3.567264395174371661e+00
4.786988560531841297e-01
9.300133939270450734e-01
4.866313913719255702e-01
5.222450736038293240e-01
4.962057428301954731e-01
5.063218476278429359e-01
4.655110983568612193e-01
4.787409277898594939e-01
5.214431634618738043e-01
4.625147511426071500e-01
5.427388318780347332e-01
4.769934528775079952e-01
5.501166377437416433e-01
5.906981405804100360e-01
4.773643135598545917e-01
5.156648377883259471e-01
4.997045820095431523e-01
6.083004021522079308e-01
5.553215399589027657e-01
5.040835380961713463e-01
5.526538792486435092e-01
5.469787922844050465e-01
6.763464974610506886e-01
5.363188115401298361e-01
5.433286689861537289e-01
5.157810990201340262e-01
4.715877969818994542e-01
4.456352432845573364e-01
6.705680383213801221e-01
1.094035588806200332e+00
4.801085104193465014e+00
5.485771357867708087e-01
4.622781841422257121e-01
5.182857801982715396e-01
4.979880215104048324e-01
1.406980312404956468e+00
5.367115090774551289e-01
1.600665079128740009e+00
5.899964678800670992e-01
2.533482371037293568e+00
5.514521166215946568e-01
4.175289324994161388e-01
5.212672461683039993e-01
6.489129686835400923e-01
4.302911985885314317e-01
5.382986097756362609e-01
4.765536683537696661e-01
4.883310233870898909e-01
5.652842777460238555e-01
5.392361103381639875e-01
