5.041596569032372743e-01
4.819579884064736364e-01
1.958552142829387943e+00
4.401404466731988485e-01
5.387530315633384248e-01
5.518690844877858215e-01
4.169535817123928845e-01
5.577233467626688812e-01
5.967346698402400396e-01
4.624862472116791356e-01
5.216714218976309381e-01
5.252704936646317435e-01
4.830040907175174869e-01
4.290789815652123473e-01
5.205827229673977152e-01
4.385843887009147068e-01
6.279189860691024583e-01
4.821999382972729786e-01
5.668302293203858477e-01
6.125651884516077894e-01
5.112473743019479988e-01
5.026048417921213929e-01
4.826718400079689775e-01
4.640634340667833868e+00
5.939712772160951060e-01
1.090368022916549329e+00
4.708544819872274023e-01
4.350903511218237041e-01
4.910302106622120855e-01
5.589883240137633047e-01
1.169558488606922353e+00
4.339862004254780858e-01
6.139850024575594922e-01
5.009012415308187194e-01
5.170233588665440472e-01
4.721847631154622027e-01
5.363780931931848572e-01
4.545773139143478581e-01
5.127530533646185162e-01
5.031785568068918302e-01
4.891405155917367686e-01
4.800371660890224712e-01
4.928876356186078778e-01
4.889618102510927544e-01
4.406782590096808838e-01
5.445608070905539888e-01
5.066971708553708043e-01
5.180960736545675571e-01
4.096276652498294091e-01
5.345202307242530315e-01
4.741264518082204393e-01
5.440274894894003843e-01
4.805515056407336782e-01
4.861074954463638909e-01
5.297474399403451217e-01
5.320274032745772042e-01
5.405193313677982836e-01
5.403546457320812513e-01
5.731952688439769794e-01
5.460092914759629990e-01
6.491252653134604866e-01
4.789628927973927919e-01
4.844604578358220892e-01
5.013841164596403166e-01
4.242237599024870076e-01
5.188606998558823458e-01
4.922160908329485385e-01
4.901525408331078304e-01
5.041213157624245822e-01
8.009314541376424401e-01
5.119821378153371905e-01
5.402319044391259428e-01
4.687887965600162077e-01
4.954648214187405975e-01
5.609904821653884932e-01
5.988709368466094141e-01
4.778445948263961296e-01
4.831660709702031431e-01
4.946424923247814132e-01
5.368738224159482764e-01
5.503340640705145503e-01
4.309770068556185163e-01
4.845823213217504977e-01
4.984467899325170093e-01
5.692652302878773440e-01
8.307485441018042094e-01
5.086191472678458503e-01
5.218373585428839334e-01
5.303979402654577235e-01
5.702631013619942069e-01
5.160918396471519953e-01
4.858415244407670031e-01
5.620636057520108642e-01
5.504505704198886518e-01
4.793127334309184029e-01
5.026885887783324458e-01
5.212553397710935066e-01
5.465922236082292329e-01
5.957573788116834468e-01
4.998926892275718514e-01
