5.672184486410052351e-01
6.406961983762259338e-01
5.707453168654921249e-01
2.462533439488523879e+00
5.372573481786125926e-01
6.290742990291131598e-01
5.608733245150794300e-01
5.607762560931230933e-01
5.625722461979257849e-01
4.722295987161833630e-01
4.833947497108981861e-01
4.133240055545447378e-01
4.550062906057288359e-01
4.902767627722928179e-01
5.019030118984884048e-01
4.803036201248688242e-01
7.250988762580831137e-01
5.620976276794067417e-01
3.939484007249322017e-01
5.579244402866511132e-01
6.086657164810459486e-01
5.525352315484447496e-01
6.019484364365974560e-01
5.109810991444790895e-01
5.187961746332715451e-01
5.410386124404505948e-01
4.606391861125074261e-01
5.232184826206363049e-01
4.129258443318710170e-01
4.602684514194926302e-01
5.172477280956297996e-01
5.140861477887586073e-01
5.162503640983167053e-01
4.430157033503441255e-01
7.403139748597419301e-01
5.193393856493976335e-01
4.954567413344950766e-01
2.940578860247088588e+00
5.340707034396944275e-01
5.013460737758438368e-01
4.779337746181782642e-01
2.109936959545192892e+00
4.948329848334819259e-01
4.703965231361578181e-01
5.280019714494009753e-01
5.337237178047267161e-01
6.011272036910199068e-01
6.465012134415287770e-01
1.163863035261611723e+00
4.731193235705628553e-01
4.209096825865186742e-01
5.015225143742572111e-01
5.610496674302328790e-01
5.548220470197483545e-01
5.185631241799254498e-01
6.258988229337441034e-01
4.762506645564756891e-01
4.902105225450872905e-01
4.824482259608666723e-01
4.872671217352889106e-01
5.000293834721396546e-01
5.274881787108134379e-01
5.779777964051900918e-01
5.691612877979200791e-01
4.545620416813868636e-01
4.994308130945514512e-01
2.839210234386059017e+00
5.355387264467869057e-01
5.770431374973228333e-01
4.650069115694805966e-01
5.180190930065748933e-01
4.339128154662375558e-01
4.516120905057425250e-01
2.029504819832611773e+01
9.360257991114393050e+00
4.101325112779646842e-01
4.685093772102600362e-01
5.757338914235149430e-01
4.131885566007269528e-01
5.825169158819130111e-01
5.050494316397268202e-01
5.107006233442122900e-01
4.763701312914851993e-01
6.476405852526846418e-01
6.862244509854485308e+00
5.955035958641442528e-01
6.272833288522726702e-01
4.917598268041251108e-01
4.803786684731249923e-01
9.990370635851510972e-01
5.283484574129564404e-01
5.955424202217255436e-01
6.515387220994336426e-01
5.611930734272798649e-01
6.053481395169705293e-01
5.771335016034225829e-01
4.769061413148675266e-01
6.977381340814237110e-01
5.353955342412197727e-01
5.463211890721775266e-01
