5.368119025636460817e-01
4.502863864554774720e-01
5.200893739419650830e-01
4.372455998421850287e-01
4.112813880904015451e-01
4.818198922873237477e-01
5.012059628364494701e-01
5.049303660018923390e-01
5.448595945391174755e-01
5.478210785017185724e-01
5.297548937051537177e-01
4.533164304683021673e-01
5.479094931679586722e-01
4.481905611041142601e-01
4.879495579571896391e-01
4.506120009038236951e-01
5.748714585472546323e-01
4.913585264772264427e-01
4.535411450117796672e-01
4.995576667660843739e-01
4.802700970772370570e-01
6.787612699240358483e-01
6.526623755052167741e-01
5.089586826589840296e-01
6.314999913309039536e-01
4.247024125978311471e-01
5.150427623821134393e-01
6.407959799048171812e-01
4.781913252395140757e-01
4.894008986263619354e-01
4.802897956150549152e-01
4.812809789437227925e-01
5.116980295911457421e-01
5.224342084799931119e-01
6.346315238594201213e-01
4.614313254466636538e-01
5.314039743625879053e-01
5.392450550449396918e-01
4.339625011335502824e-01
4.539626145136760882e-01
4.632533270446919649e-01
4.498006643034476726e-01
4.697361418787183718e-01
5.461895420222794284e-01
5.277569968876223427e-01
7.149495399133494189e-01
4.219581794704937994e-01
4.525171124384874677e-01
4.979356064014766048e-01
4.262518502554930588e-01
5.057173127590510742e-01
4.478268824609909493e-01
4.590882637552727852e-01
4.549364619086734285e-01
6.715792451266874297e-01
4.986516523452161342e-01
4.694462731744461492e-01
4.708147703090876934e-01
6.032879303528129178e-01
5.866007355942153279e-01
5.770431870401627750e-01
4.789152300776776117e-01
4.714688582328550037e-01
4.025920554615994851e-01
4.902467823588591567e-01
5.561822367554358770e-01
5.641510687603541463e-01
4.815171056286819962e-01
5.351008005347674956e-01
4.687987609647729093e-01
5.429677133404421374e-01
4.458825521879459797e-01
4.951729575134997674e-01
5.187496980779594535e-01
4.793763410513792733e-01
4.680791225662477850e-01
4.542463979958647480e-01
4.658545767546589111e-01
5.259261240086715583e-01
5.860896282568480720e-01
4.669897000501984641e-01
5.603796810821088936e-01
5.771927953156976709e-01
5.070814390728463072e-01
4.870811409971099737e-01
4.722377789488401145e-01
5.783184516155015498e-01
4.940972906667515652e-01
3.991098730752753454e-01
5.475800988412387049e-01
6.297948926625349664e-01
4.732189249219769800e-01
4.703769966238930955e-01
4.951845321150187273e-01
5.111809145774403040e-01
5.488007423204565027e-01
5.214659684156587316e-01
5.183958765419813819e-01
4.347308017685724280e-01
5.113771022806802291e-01
