6.528223927306297192e+00
4.632243741133230674e-01
5.995370817740690583e-01
5.049518891997268888e-01
6.287582664820802192e-01
5.018083940187412217e-01
5.542507182401746890e-01
5.098067008553213153e-01
5.876447781839692075e-01
5.392249048369845976e-01
5.122455801715954937e-01
4.272684178507148434e-01
4.615338816109245679e-01
5.448311317852626567e-01
8.702853056748334204e-01
5.091238568310555435e-01
5.074974048031313245e-01
5.205318649655319430e-01
4.238900547935658403e-01
1.138976964491807742e+01
4.966917921933271529e-01
4.368703840232665003e-01
5.481290588922957951e-01
5.524875892138192413e-01
4.361130544143024812e-01
4.829042209808920849e-01
4.336572958463822403e-01
6.189840998133804284e-01
4.639137063195976074e-01
4.293071142195367118e-01
4.552614381572667179e-01
5.214643744978924023e-01
4.667764985396836153e-01
6.796876265996540933e-01
5.278881345213349841e-01
4.225930096386274482e-01
5.466461367621417988e-01
5.568962346476520331e-01
4.588894871312839130e-01
4.876607914804839128e-01
5.932661651245256795e-01
4.289550740819806918e-01
4.075696590865925395e-01
5.068539239868341539e-01
4.975184275637021813e-01
4.330570557063132542e-01
4.613588962447167097e-01
5.782865564864162478e-01
5.263090348731334078e-01
5.470412760243416050e-01
4.171157430407044231e-01
4.578317491421645680e-01
6.045506531305157027e-01
4.969196465966045362e-01
4.155266465725323544e-01
5.759936058398807956e-01
6.162693649395916129e-01
5.013948304472383155e-01
5.206697448222318281e-01
5.359702861656474582e-01
4.308975560732503651e-01
5.011259205336476841e-01
4.814595034230695902e-01
5.096568705080471995e-01
5.240021582707637959e-01
4.786155405025797061e-01
5.862157668387825149e-01
4.814983054102393578e-01
4.405764746852487979e-01
1.360742407268587861e+01
4.311986808404834615e-01
5.397657439807290736e-01
4.581214300118408578e-01
4.822369723971822730e-01
5.115162152307465293e-01
5.000123061188951334e-01
4.973292081476177739e-01
4.916934025034842559e-01
4.738349616624437655e-01
6.296453347445640780e-01
5.105295502039146616e-01
5.041562296927724063e-01
6.173900436754679033e-01
4.738163754995401988e-01
4.877862552511011418e-01
4.878317826913144972e-01
5.872299269995153725e-01
5.093768678679017059e-01
3.985055331665460776e-01
4.750425964970906856e-01
5.401868356594879961e-01
5.415816416129807243e-01
4.720156120059015303e-01
5.549639765209843922e-01
5.422037563396778781e-01
4.535131381891238100e-01
5.416062135025947466e-01
5.111579510226155199e-01
3.937213817021539275e-01
4.866733639495914310e-01
