2.379141892799340496e+01
2.505110555677241990e+01
2.473933199484934065e+01
2.398947745853517688e+01
2.402661084073885434e+01
2.397241600414123042e+01
2.405996114491986049e+01
2.429061939231517897e+01
2.447301337765238216e+01
2.452907586006208618e+01
2.414776313898334337e+01
2.462493771260333375e+01
2.388704390740124595e+01
2.392764211812824726e+01
2.478617043491062688e+01
2.488622031680583646e+01
2.412734847092077217e+01
2.423851187854562994e+01
2.458140088860094963e+01
2.479350185487255942e+01
2.476052448073509638e+01
2.392134766422779535e+01
2.444869995522202188e+01
2.456690718984373945e+01
2.460597318361901387e+01
2.380432430328904658e+01
2.431324927530114977e+01
2.424509418990347598e+01
2.498958701100443491e+01
2.388707300390439414e+01
2.469648602464606668e+01
2.449274876151210023e+01
2.469715756111072125e+01
2.535774220572190174e+01
2.445998427903449013e+01
2.474682663742716215e+01
2.495346191611957209e+01
2.396955574798985822e+01
2.420044662489851817e+01
2.400125949329099484e+01
2.313812398633185907e+01
2.490756850520979171e+01
2.431055628705592397e+01
2.480061207547723612e+01
2.482925198592605298e+01
2.370416176193618796e+01
2.476519163422138092e+01
2.490667597927082610e+01
2.444286352599682743e+01
2.433635155085203650e+01
2.442938896545115668e+01
2.466558789696155074e+01
2.444853934861405875e+01
2.454619017116586477e+01
2.479770184806958611e+01
2.443553349384836082e+01
2.360074245416145544e+01
2.469648858761765098e+01
2.537330376473308746e+01
2.497525374983568724e+01
2.534376655117665678e+01
2.389839781162240939e+01
2.470028107176445076e+01
2.461708749242919225e+01
2.368414157185925717e+01
2.498309513767330614e+01
2.463817189873847724e+01
2.460491827817684651e+01
2.445965659037046436e+01
2.408522982948503000e+01
2.476356076772334802e+01
2.385145008540456146e+01
2.460096097372918678e+01
2.520085622274924830e+01
2.375164737925859626e+01
2.522721203526032596e+01
2.440248526457159528e+01
2.495560096290232721e+01
2.508069485472647031e+01
2.507482528372071684e+01
2.453441884043014554e+01
2.442271886122200186e+01
2.389604226103551099e+01
2.376738031845178867e+01
2.429447403636345726e+01
2.414806859045502563e+01
2.473571746827418849e+01
2.437336074535791397e+01
2.492470515856846802e+01
2.511672285199486510e+01
2.422549841846660712e+01
2.391974421649010552e+01
2.511178050828751296e+01
2.475678218983089707e+01
2.480036589712093331e+01
2.429948191008964642e+01
2.428053378897614678e+01
2.475491663578588586e+01
2.481351044480843981e+01
2.437589370256935339e+01
