5.093177175556591330e-01
4.548035831750623093e-01
5.010473445257402902e-01
4.918757360390205169e-01
5.020418422505081857e-01
4.357413307703408845e-01
5.503804280489947853e-01
4.729600299869292646e-01
5.405070074064247665e-01
5.013676067248942214e-01
4.771635634946358451e-01
5.176936203958758531e-01
1.452639239729692777e+00
4.448663753412889221e-01
1.074299030564277890e+00
6.079176624468323187e-01
4.975487175240357884e-01
5.391879641512206112e-01
4.835921231657692165e-01
4.716626052068744746e-01
4.984580381213514766e-01
4.875831611050667758e-01
4.576457807944310785e-01
5.019798454250568032e-01
5.513234980398690199e-01
4.522553432150726582e-01
6.090341280092574916e-01
4.625206735635725708e-01
4.241518588119750910e-01
5.451070857662089209e-01
5.286415847390457667e-01
4.723018959565046249e-01
4.456387455050002111e-01
4.847560966161447160e-01
5.251617905616922100e-01
5.241187455024366448e-01
5.643977232865236004e-01
5.092518824607277228e-01
4.971349279202733618e-01
4.505988785069599545e-01
4.785040217796562301e-01
4.897361936863532939e-01
4.811464817524022664e-01
6.023540909886999639e-01
4.709303586873966330e-01
5.461101256061906550e-01
5.308422790416676973e-01
4.951060010555626278e-01
3.708955745369105217e-01
4.604366512494711405e-01
5.299551032338107870e-01
5.066420590493403431e-01
1.624011427020183529e+00
5.255006747544236356e-01
5.099747699104848486e-01
5.462603527999284614e-01
5.438739003735799660e-01
5.104504548658999052e-01
5.374173776402764169e-01
6.028648714583725310e-01
5.470515864975669107e-01
5.384560203886078478e-01
5.773750360122166247e-01
6.217088286142147258e-01
5.026096174847097808e-01
5.138243634624537481e-01
5.097619300000300058e-01
4.490912085750063398e-01
6.226196477818370933e-01
4.743693359250338859e-01
4.159444297728854267e-01
4.454652270525704671e-01
4.942543283986954306e-01
4.313200004153472378e-01
5.113052606285476420e-01
4.384962841117054366e-01
4.597405738514354634e-01
5.086605883734074407e-01
4.309295522900279396e-01
4.995382399948088414e-01
4.535178552007082531e-01
4.660257259298142274e-01
5.246055559418560943e-01
7.240523107577372386e-01
5.364855456995379912e-01
5.393359780327299235e-01
5.863580533533319095e-01
4.890856888414993886e-01
4.997976199721878010e-01
4.913959889858113828e-01
7.180788292703306208e-01
5.336077611740134286e-01
5.181492823029680839e-01
4.895960588830967075e-01
4.614922546780707568e-01
5.032417288734623018e-01
4.236730440614490667e-01
4.813469115820938615e-01
5.619540794770430114e-01
4.988579049139353350e-01
