5.890012722606297046e-01
4.599876007880962514e-01
4.024893751007120879e-01
5.781491761318308109e-01
4.993383985608372821e-01
4.248915377538608484e-01
5.198551154428167065e-01
5.139826726167713300e-01
4.861882140101606575e-01
4.910793653381598234e-01
4.536732522258402622e-01
6.430016120813707436e-01
4.817575385678614097e-01
8.391017937303231200e-01
5.379302265123867555e-01
5.206288689991852570e-01
5.123494008589807303e-01
5.285262159360661904e-01
5.175031974907841059e-01
4.305815096757504845e-01
4.991539643648721936e-01
4.709914978464501689e-01
4.472403916926757095e-01
4.592124231802364731e-01
5.250824137534703118e-01
5.305477652797884192e-01
5.392853287093217762e-01
4.429020966073959342e-01
4.874122163066627045e-01
4.543066977935854567e-01
4.630622361725577618e-01
5.289198692067244023e-01
5.013121246139409237e-01
4.314036919099105694e-01
4.650221658703757588e-01
4.741538731926600581e-01
4.840767304723099795e-01
5.346639226985266946e-01
5.273531025998250410e-01
4.236645192154062101e-01
4.710830272620488701e-01
5.232823929712927535e-01
4.134343862708756978e-01
5.755272448860651036e-01
5.115295190840754014e-01
5.350361233753485601e-01
4.550964515468056137e-01
5.432101979583463525e-01
4.272067409560172946e-01
5.238715795554421684e-01
5.200151858170576347e-01
4.505539906857191634e-01
4.927866925015787491e-01
4.976624711499157971e-01
4.462429170745174645e-01
4.689574774282303515e-01
4.824706927607309570e-01
5.146232300604456356e-01
5.090885437107205425e-01
5.093821777857492350e-01
4.634123897534483949e-01
5.876591427802040357e-01
4.839282917606578249e-01
5.666875274574643129e-01
5.124661206812533010e-01
4.713478841246125373e-01
5.240163074645451946e-01
5.470116064559323865e-01
4.529020598595990266e-01
5.001318773551616248e-01
5.061972833858919829e-01
5.716103405349282074e-01
5.271204777370585015e-01
5.072667448681645874e-01
4.988637104341527850e-01
5.100382641228510261e-01
9.366935058016475635e-01
4.612159250234493246e-01
4.521934805167872051e-01
4.839638599728519619e-01
1.055637419118458986e+00
4.991197364171604534e-01
4.544438682015953801e-01
5.166351296778280977e-01
6.050827442554156388e-01
5.041614920230519381e-01
4.457347035042500960e-01
5.358985659673356494e-01
4.755324921436628327e-01
4.736866047534408208e-01
5.541008438009830117e-01
4.551759551219646260e-01
4.875477623770230751e-01
5.106126698405364372e-01
5.441571961601661123e-01
4.324971803574349516e-01
5.003945780292577972e-01
5.296712128713680912e-01
5.380033329691242816e-01
4.525553223802946667e-01
