4.542314390892765452e-01
5.099359739123439095e-01
4.771924541609169901e-01
4.663735612079534243e-01
5.105534703804014418e-01
5.439227714444615502e-01
4.346229078470824070e-01
5.793368558999664186e-01
4.353861874719273661e-01
5.249374364839949347e-01
5.096328587823016898e-01
5.688342068040911359e-01
5.465617770284534327e-01
4.431873825769405695e-01
6.110943190847936135e-01
5.188048859570594251e-01
5.995997797208151292e-01
4.969739371472945977e-01
4.694279065918988691e-01
5.111850553892138826e-01
5.308484580568871847e-01
4.305435925602228986e-01
5.747297539687620249e-01
4.860588520529134926e-01
4.009620213811789791e-01
5.126206798795057695e-01
4.468519194245996196e-01
5.204971104808971960e-01
4.877560867165027236e-01
5.351414866622408173e-01
5.462650815934344539e-01
8.295395799052525110e-01
5.001479035758459313e-01
5.572372254534955216e-01
4.325883708434101194e-01
5.587139503261565610e-01
5.295616270073760790e-01
4.259497124612054431e-01
5.006194780680972567e-01
5.356553548292589673e-01
4.866756051590921950e-01
4.640030262320976040e-01
5.659510854059246476e-01
6.090887211682406432e-01
5.129916246918253542e-01
5.323907191927625959e-01
4.768943495316823045e-01
3.921861724666978466e-01
4.769915073723858256e-01
5.390707100165305077e-01
4.560536863149518005e-01
5.040393365572866102e-01
5.125551669305753455e-01
5.012508798180065339e-01
5.417489590303702363e-01
5.199312946635462618e-01
4.890218336786277264e-01
4.874526865833951339e-01
5.240030116432149443e-01
4.864815002794521948e-01
5.064943052134984747e-01
5.335707786188097490e-01
5.671401289577493454e-01
5.032536340714958145e-01
4.698126474156111843e-01
5.596694750185295941e-01
4.681678744436802986e-01
5.329100331256498846e-01
4.842539188350947210e-01
4.198888038430057534e-01
5.555956899830289952e-01
5.082575507407596227e-01
4.580075457551818219e-01
4.931951516033085126e-01
5.395509267820008947e-01
4.281685286267976065e-01
5.160623483364473740e-01
5.414839671810006694e-01
6.185150086591779672e-01
4.837788693480837843e-01
4.277288644119630612e-01
5.539173182641564663e-01
5.100102510456517857e-01
4.474068746610233016e-01
4.919506401251246275e-01
5.233110313166645655e-01
5.451165852943661294e-01
4.399734922167434226e-01
4.374339934184180989e-01
5.481460195841646454e-01
4.967099551519089662e-01
5.228424923246981493e-01
6.296916402110032118e-01
4.515803265580790038e-01
4.530480791016618380e-01
4.849194500458995361e-01
5.951923583051345057e-01
4.928663392928545051e-01
4.695983256332058597e-01
4.797703219325375468e-01
