5.521781828090459587e-01
5.132143712557549753e-01
5.125319649924429122e-01
6.026723454801953261e-01
5.470233275546726448e-01
5.621101034866959889e-01
5.041310855408523972e-01
4.961946478003613770e-01
6.166150357056546794e-01
4.563910295381354287e-01
4.765605616111390219e-01
4.784949958497262124e-01
5.418444136025116764e-01
5.984735888588826880e-01
4.622787204716601317e-01
4.850757207105598767e-01
4.328406404894523662e-01
4.977849134190479585e-01
4.766751064502796620e-01
5.013733834847192705e-01
4.902359380829489632e-01
5.072507203431877443e-01
4.936916146241055459e-01
4.775427041325026600e-01
4.200483324553854203e-01
4.869437830175674109e-01
5.125855745229994653e-01
5.024895949767217429e-01
5.471004232463505534e-01
5.931528248031052719e-01
5.068932628596858336e-01
4.904864764593496185e-01
6.844535409962908545e-01
4.977707653894501427e-01
5.100520419024152652e-01
5.312890765203983623e-01
5.136744918894351475e-01
4.467879404468225735e-01
5.355251318484081091e-01
4.890421900093414043e-01
5.749564768842145845e-01
4.648584327284249751e-01
4.561697577451806485e-01
4.249367749806171601e-01
4.862395460282966098e-01
5.728152786398124086e-01
5.540522070623652429e-01
5.008555538571956012e-01
5.315794665678488240e-01
5.259635748275490741e-01
5.285030255485350104e-01
5.019886430187717741e-01
5.373092495276712288e-01
5.491116398441985291e-01
4.919994317263028383e-01
4.672305066766230808e-01
5.008239494663928593e-01
4.203237864640171351e-01
5.834733521526224154e-01
4.624508477496080960e-01
5.861430074841832427e-01
4.676283904657669854e-01
4.513529037548867362e-01
4.857613099742122964e-01
4.493821218672338635e-01
4.859042711650825574e-01
4.811687931168041610e-01
5.056536035783074645e-01
5.078786704970150723e-01
5.326592476474216742e-01
4.821943059058925729e-01
5.169573627220236389e-01
5.226135972359282622e-01
5.251911126027992704e-01
4.584499407579102903e-01
5.288141417336981176e-01
4.458581698780380576e-01
5.725330390910852163e-01
4.816131682406752934e-01
4.793352899714016235e-01
5.281681873971445507e-01
5.427653466422825979e-01
4.212157497294789499e-01
5.348013048357536103e-01
5.120335294378512980e-01
5.338437435265251940e-01
6.706426551782858070e-01
4.505024721844895774e-01
5.329060467236477194e-01
5.049760900521528262e-01
5.317271087781895167e-01
4.391449941516517574e-01
5.577964987345185310e-01
4.892401520976732421e-01
4.513480381510851513e-01
4.996361918383693257e-01
4.707445981247410094e-01
4.063421813967254548e-01
4.947231431322218209e-01
5.033021821196458356e-01
