5.467351242116144094e-01
4.348508541630234925e-01
5.394979367653821578e-01
4.749630193106234577e-01
4.993191804321782667e-01
4.943685621606853653e-01
5.405090501953416782e-01
4.657224047957945201e-01
4.651391973191612017e-01
4.628833895957010780e-01
4.726096561650056094e-01
4.089529709902902099e-01
5.107964932813198189e-01
4.805119787790909647e-01
6.239717141453314797e-01
4.805972577506988919e-01
4.548119171948783457e-01
4.748642523600394849e-01
5.360785757608853563e-01
5.670912403773339383e-01
5.538647111602578166e-01
5.369840813435374782e-01
6.040952180682145345e-01
5.056609027110539056e-01
5.162634416385405434e-01
5.258793984162017932e-01
4.680285507705891912e-01
5.254276397525806663e-01
5.710576381973919702e-01
5.268301834772601833e-01
4.469564545166115344e-01
4.553535078770576949e-01
4.696987729528923072e-01
5.791305791275064285e-01
4.185881647220983104e-01
5.090195094446745561e-01
4.658209268070371278e-01
4.583376634572552955e-01
4.469877128147932699e-01
5.249103751444694765e-01
4.681148354134596068e-01
4.442433023685038451e-01
4.199404801948861121e-01
5.369465615539008585e-01
4.791362486448226821e-01
5.093168528825540164e-01
5.618176484044226093e-01
5.099013629387473268e-01
5.045972353008263411e-01
4.836366649007362573e-01
5.161823934448563911e-01
4.918021685917529084e-01
4.547899765079500001e-01
4.122988781303357220e-01
4.809433212811218272e-01
4.386709561037198113e-01
5.298729842751211949e-01
5.149555668113982021e-01
4.946150701625218749e-01
5.325874590007669829e-01
4.255987716390573494e-01
4.625303699264778912e-01
5.267285335747964314e-01
5.361012263479330020e-01
4.453553886654371685e-01
5.021245372268581253e-01
6.584366268013981394e-01
4.965318398662275645e-01
4.950096825770906594e-01
4.611910183013224196e-01
5.443104461372078040e-01
5.080701563320120240e-01
4.443505194984235240e-01
5.168269440846734453e-01
4.592669857532810651e-01
4.952491060664325206e-01
5.348464224452026405e-01
7.303098306572634035e-01
4.688539622707527110e-01
5.129315106591146867e-01
4.565140439565926744e-01
4.964403673624571689e-01
4.761615693402014293e-01
5.203320238613444726e-01
4.559930893549385966e-01
5.266607906323343968e-01
5.483402878534174851e-01
4.554849900390102180e-01
4.679744426734065987e-01
5.234105427724277115e-01
5.794820165519607436e-01
6.065119141309242012e-01
4.460190513649583965e-01
4.859745499691403570e-01
6.131402495981229661e-01
5.543754403138499987e-01
2.696773963178686451e+00
4.510585591346359946e-01
4.280277555854097304e-01
4.889252242527405423e-01
