5.531334503337248520e-01
5.356514870975916942e-01
4.942874168321046424e-01
5.502082135652726080e-01
5.202447137877108663e-01
4.982502942296827553e-01
4.666129055755207644e-01
4.076985553506229931e-01
4.933563480664532319e-01
4.602149930561905689e-01
5.072346986408365899e-01
4.926813627867590029e-01
5.236943989399370780e-01
4.910402594192415648e-01
4.822162205416610781e-01
5.435017340050003476e-01
5.220874345098144298e-01
5.706088525761038310e-01
4.648477178990865766e-01
4.787128572818674099e-01
4.415531430475971852e-01
5.096828289410082480e-01
4.742220195203867283e-01
5.397999826805736090e-01
5.342458701460912618e-01
4.968534799569769289e-01
4.550877459839772765e-01
4.840465104459382162e-01
5.049687565827613023e-01
4.464686640879741986e-01
4.744262711569148250e-01
5.909146458554160874e-01
5.248682759110074869e-01
4.868474655518716387e-01
4.660598674175414624e-01
4.881645049463634312e-01
5.549911055884773070e-01
4.536971790916550229e-01
5.680862246935866056e-01
4.914435104775272123e-01
5.883805596853133313e-01
5.018739474119555677e-01
5.101423221368986960e-01
4.550741910454513817e-01
4.919798026055434703e-01
5.209948304971749877e-01
4.822549224775833365e-01
4.535551540898127842e-01
4.510321761573070076e-01
4.889402637451190636e-01
4.724427935936794110e-01
6.066647271160007238e-01
4.567741791333644330e-01
4.436414153060999066e-01
5.281688733577133421e-01
5.422123573281752984e-01
5.274595207447675405e-01
5.425650987071984899e-01
5.187877288134133957e-01
5.201794369244949756e-01
5.568304415864241408e-01
4.331047154990707582e-01
5.310312718634762064e-01
4.235758923070839232e-01
4.493826787963230429e-01
5.513094725787760497e-01
4.815380453562219665e-01
4.600277923852399420e-01
4.704144757677876099e-01
4.340768448556998060e-01
4.810359947261410585e-01
4.493683203048640662e-01
4.841837863870189218e-01
4.860571059789501325e-01
5.732133144427822291e-01
5.146991675546134237e-01
6.507258588222731843e-01
4.760302430105012861e-01
4.297637218810448911e-01
5.055356260661650891e-01
4.568814303471645522e-01
5.302290568492995515e-01
4.925695814873804479e-01
5.436361867802232961e-01
4.526766292887591803e-01
4.624943782540372750e-01
4.829699015418089658e-01
5.794176981275066529e-01
4.519380024522674510e-01
5.159302897582996872e-01
5.938323370924154521e-01
5.336480195393193959e-01
6.271119281993978722e-01
4.665183262226197392e-01
4.863446701854704513e-01
4.599159682170753660e-01
4.350086592500962412e-01
4.497076497923488403e-01
4.864641541149228865e-01
4.780434618301234728e-01
