4.943964743830225328e-01
4.122576283820300058e-01
5.160449759516618773e-01
5.419263914245843194e-01
4.774646051903289057e-01
5.160894096815979992e-01
4.600515824019969502e-01
5.075695721424826612e-01
4.885832099775646586e-01
5.624177938175116687e-01
3.900054940406393333e-01
6.470616068209572580e-01
4.971525827783236928e-01
4.618870490164703746e-01
5.666766217662431160e-01
5.308775482626649778e-01
4.434117008603101762e-01
5.039511493181636492e-01
4.488380115432294426e-01
4.560703126756621151e-01
5.788530058206919904e-01
4.356545581418578839e-01
4.671815746292576899e-01
4.900020780707341483e-01
4.582531041017073870e-01
4.700076411873772564e-01
5.009204846935038091e-01
7.364640822146226729e-01
5.144586618620273777e-01
5.522676249461049292e-01
5.336776392867037533e-01
5.411169579472387969e-01
4.781506553712636665e-01
5.032205741494349960e-01
4.902057051662978560e-01
6.001767220924468793e-01
4.206014302230565716e-01
5.053858406536276826e-01
5.299060143060277950e-01
5.505715251388187959e-01
4.129085832465333450e-01
5.207298656537835413e-01
5.046457659861666167e-01
4.662336638108622866e-01
5.901072378821301534e-01
5.157892210953238799e-01
5.559962261420225982e-01
5.421252025430252086e-01
4.810316404632864473e-01
4.986189083410668133e-01
4.477076501123727903e-01
5.393435916475676217e-01
4.590072730746742602e-01
4.875964336877154359e-01
4.245722818857254333e-01
4.870400570538440110e-01
5.159952275461913151e-01
4.780907138003281931e-01
4.954132371070841256e-01
5.234825957625878212e-01
4.974493725842953906e-01
4.995966414600660488e-01
4.398636818113280111e-01
4.681296839028011303e-01
5.700410794417866134e-01
4.907978320931155602e-01
5.157606272379604562e-01
5.051291546079029748e-01
5.419261057776992851e-01
5.639774491724599548e-01
4.553277294926662000e-01
5.079231710444690462e-01
4.447278297016556969e-01
5.960549319141135172e-01
5.402058106783831359e-01
1.469575575704985759e+00
4.531905397642109756e-01
6.276214831765508650e-01
4.334907080132461843e-01
5.610200678257705187e-01
5.506063636978426601e-01
4.955373027925001894e-01
5.441183161759940434e-01
4.981937874909264097e-01
4.700475697706686384e-01
4.338011931323488279e-01
4.951964808785153105e-01
5.706181309055973205e-01
5.404079922771294342e-01
5.102962539381437068e-01
4.796267588814894789e-01
5.605450690463885666e-01
4.852321178094832765e-01
6.212991402818945907e-01
4.998525249686188721e-01
5.513431926840913766e-01
5.387392338602885467e-01
4.658336115886514972e-01
4.571018774484339464e-01
4.904252416695871197e-01
