5.088928154935635773e-01
4.970014802805864940e-01
6.606330217653799686e-01
6.156535850531537069e-01
5.341055109178856064e-01
5.547039867830416693e-01
5.469749695338737006e-01
4.509823180813942178e-01
5.034508197838079013e-01
4.953827240188208303e-01
5.459242099067391774e-01
5.758073427676908551e-01
4.908014475354392503e-01
4.904164573707958108e-01
5.264300587044282720e-01
5.226139253532234852e-01
5.134061951757491471e-01
4.914106957030532907e-01
5.396739790394593506e-01
5.339921955497977102e-01
5.429693668807853424e-01
4.699977518638086549e-01
4.653302653290163904e-01
5.289768611533769427e-01
5.085591974469781951e-01
5.224932902345037489e-01
4.766820719767802528e-01
4.406757046991032212e-01
6.048064356120887997e-01
5.061391964049204439e-01
5.170474104570143004e-01
5.079439180260756359e-01
4.987465421296590762e-01
4.747686767005067088e-01
4.389379874921550129e-01
4.996664716137332318e-01
5.035169165262863844e-01
4.717113081934596885e-01
5.008613714291429986e-01
4.224403611615417109e-01
5.403614150601349087e-01
5.304844450855316085e-01
5.261737804342875302e-01
5.457392427531537749e-01
5.260169230159845721e-01
4.972958873039269312e-01
4.079957465954969775e-01
4.685362750294574941e-01
4.468362277347360245e-01
5.515827674364477406e-01
4.479333758719590275e-01
4.697503742330664811e-01
5.188985512722311677e-01
4.072401181196699804e-01
5.334490474935450477e-01
4.916891687462544014e-01
4.761718801800286505e-01
4.882317114361603982e-01
4.515400319114853955e-01
4.971763881669091223e-01
4.079615574064102135e-01
5.686156049920604305e-01
5.279853243271326324e-01
5.139331596952823045e-01
4.861511612618512057e-01
5.471642928396347472e-01
4.828079606069743401e-01
3.982282010336262168e-01
5.503469524607653707e-01
5.129939746473728412e-01
5.181616765222393228e-01
5.359426896361042525e-01
4.943108887817291297e-01
5.478867337228769951e-01
5.135308433483251056e-01
5.342659148507641342e-01
4.637354044724656954e-01
4.085743118512006888e-01
4.739907352644856520e-01
5.421196843432872781e-01
4.730504538008197812e-01
5.392196059847319534e-01
5.422687644992236766e-01
4.220883430165047745e-01
5.380005591665966147e-01
5.243007086468962630e-01
4.763588652305620896e-01
5.489284540159459214e-01
5.561463055590399884e-01
5.066157057663660535e-01
4.585019084399937772e-01
4.597183707272862185e-01
4.809384505966202705e-01
4.630414203417950736e-01
4.647594463050035429e-01
4.393380591152158954e-01
4.640410844193033069e-01
5.162553165166113844e-01
5.307349102006269081e-01
5.765809553066180149e-01
