5.473204296247023981e-01
4.413439551279050299e-01
5.601475618702350667e-01
5.806225854958171340e-01
4.311362929066849814e-01
4.933456707602385527e-01
5.680570705791828656e-01
4.630035642237058102e-01
5.498764575699991441e-01
4.792025252220014075e-01
5.062843107564769518e-01
4.646268226929058942e-01
4.985705172713706945e-01
4.152193716223676612e-01
4.451377629568582517e-01
4.695548010731472877e-01
5.320210863052988737e-01
4.323951984138840743e-01
4.994768175340750238e-01
5.112091571437981097e-01
4.580605339878034421e-01
4.440726316505531623e-01
5.115189344235532287e-01
4.424302371909229481e-01
4.348219568297698734e-01
4.821057494615005878e-01
6.194864853368835522e-01
6.247899220172216106e-01
4.665530444996345838e-01
5.447945333265320489e-01
4.849067255720110881e-01
5.162743107337657289e-01
4.568474367353076437e-01
5.454776400494354416e-01
5.566741887242651066e-01
5.076383843974645593e-01
4.756848263410375366e-01
5.095463549418874916e-01
5.424541359412854424e-01
5.205352194275217892e-01
4.803943352229771424e-01
5.215418259993037653e-01
4.731125375364694241e-01
4.950470276974130446e-01
4.687545942863606263e-01
1.199728667017825767e+00
5.588912786132743671e-01
5.125532750207123511e-01
5.440505764110685760e-01
4.160909301962646412e-01
4.210460671039577552e-01
4.392192807573314650e-01
5.109074452159193536e-01
4.654011358274701693e-01
5.186107766504126637e-01
4.808881084656159155e-01
5.041878431616936274e-01
5.550544448439154177e-01
4.972713166751177583e-01
4.589957447037591454e-01
4.806528943747286897e-01
5.129467926150446111e-01
4.850023830453140672e-01
4.345095987662287440e-01
5.224109018218636713e-01
5.037184319052691039e-01
5.145665449008969272e-01
5.523923065926129583e-01
4.652578279038728781e-01
5.441974646352107925e-01
4.457826625216553262e-01
4.369461548200671008e-01
4.859043839180318680e-01
5.157160484853530180e-01
5.277826352807744037e-01
5.616977391858326563e-01
5.707480236154665043e-01
4.237963692682146788e-01
4.836618356328483137e-01
5.399790722885103866e-01
4.327160029812111008e-01
4.751407038587451837e-01
4.416039457955976411e-01
4.313306758015517661e-01
5.065582344986966357e-01
4.839382148697141117e-01
4.994361693906231858e-01
4.500818484551590837e-01
3.978408126841355141e-01
4.267508455163365744e-01
5.129732898617824777e-01
5.020024312658233345e-01
5.524567365127049934e-01
6.069806714738156250e-01
1.313930881667046524e+00
4.976366452618225522e-01
4.689587721848955670e-01
6.063137614774558593e-01
4.364917246337887691e-01
5.256848310722724849e-01
