4.920147368085042161e-01
4.921769206252740170e-01
4.807224295188196050e-01
5.333838108578177195e-01
5.177159228885335196e-01
5.378185314801218198e-01
5.220763094533091841e-01
4.424979802169884402e-01
5.001605703535610958e-01
5.109115359010829582e-01
4.236300443808078686e-01
4.458311253418064113e-01
4.429029516780567666e-01
5.371482570896991549e-01
2.554630066469284255e+00
4.697176204428968327e-01
4.421944024728105549e-01
5.249468811896248477e-01
4.798489676476533350e-01
4.971603442314383448e-01
4.812919590170308681e-01
5.338342401854351271e-01
5.121158290905030164e-01
4.928518433080533723e-01
4.762722224254755665e-01
5.411022663429684298e-01
5.037097571539635998e-01
4.451351069490284140e-01
4.950509080713663690e-01
6.632193471222576076e-01
4.262315724261274696e-01
4.951843374779704710e-01
5.207317558900065313e-01
4.474391448477633149e-01
5.113062505849129691e-01
4.338573604136604089e-01
4.883540119241769339e-01
4.857008743733240985e-01
4.902545739239549949e-01
5.158805187799934133e-01
4.836301472274435187e-01
3.713025850247841375e-01
4.521203457405706394e-01
5.548203887160148007e-01
5.177766547286898335e-01
5.101291171910355970e-01
4.961436415359359864e-01
5.357174837573578374e-01
4.898472419218267704e-01
4.874918343579208724e-01
5.545390562530190248e-01
4.944972119590919646e-01
5.258369336906317804e-01
5.943369692986222308e-01
5.544629715127190606e-01
4.742401128086477513e-01
4.638748514317853622e-01
5.668743303183911841e-01
5.935426621423283144e-01
4.551336175579034915e-01
5.717652542791560322e-01
5.233541496354726652e-01
5.011944786642508198e-01
4.547943620707066148e-01
5.876836286684948840e-01
4.801990654145983362e-01
4.128437447548994332e-01
5.021157024691419446e-01
4.212164612023840404e-01
5.027865034244541897e-01
5.674226283091005074e-01
4.988557340627665648e-01
5.206418690313368014e-01
4.813197599923406123e-01
5.793035479722693504e-01
4.918566571108641816e-01
5.212121771956130800e-01
4.952931598482552267e-01
4.898991843631109178e-01
4.053458970060635491e-01
4.657970424826669009e-01
4.825562657854562953e-01
4.907866719491760787e-01
4.548447784570436303e-01
5.233198476309912639e-01
5.148560107161528343e-01
5.450331659279475938e-01
4.907028784593448489e-01
5.054773343974190425e-01
5.491394040306976088e-01
4.498541217296652683e-01
4.799680003228704583e-01
4.725779408918527880e-01
5.064017753039630199e-01
4.235290360098549201e-01
4.962385541008951240e-01
4.404127394793118655e-01
5.331976347466272914e-01
5.049903465969008964e-01
7.959783022445134915e-01
