5.342925452845466161e-01
5.970026887435440077e-01
5.228746288381994622e-01
4.514286718045775193e-01
5.553863066148279071e-01
4.585435201153819640e-01
5.062803458726525818e-01
4.804640150364726803e-01
4.930868076164030556e-01
5.169418244286402286e-01
5.753703586938280212e-01
4.513084250257126673e-01
4.827219752712739731e-01
5.836711234863452002e-01
4.571895285876335646e-01
4.672209228746238563e-01
4.638728348204378404e-01
6.344167424936659749e-01
5.453040499868881952e-01
5.252130623505912865e-01
5.068806388972151300e-01
5.521203315561311609e-01
4.772114697836452590e-01
4.791707057052488339e-01
4.458578889249533161e-01
5.572661023252107881e-01
5.228206481784642978e-01
5.198675885419620224e-01
4.056991010359827232e-01
4.292839001040366087e-01
4.409492473390337897e-01
5.732509093135884637e-01
5.588474151679480029e-01
4.671519553731185992e-01
5.133695510709278542e-01
4.864263700346740382e-01
9.427947221552294144e-01
4.852822844845135486e-01
5.067301105546504481e-01
4.542441867834799973e-01
4.452357080512414633e-01
4.998300203477811232e-01
5.006923020132716395e-01
5.015702659182084133e-01
5.013424204806379292e-01
5.412038982943282450e-01
5.432908904821154294e-01
3.933946923848612998e-01
4.615574855832324519e-01
5.224467391821053797e-01
5.649225319905748499e-01
4.903355423477604447e-01
5.298921700513867794e-01
4.727017188056715224e-01
5.747393456592019279e-01
4.829591061711051014e-01
5.755636666156190850e-01
4.708090403478529251e-01
4.733519250552727375e-01
4.918770885568427009e-01
5.001151344163439205e-01
4.852483011195949381e-01
5.070884492667184773e-01
4.542293772629152904e-01
4.932355754851580065e-01
4.812116991978899749e-01
5.608550522631917667e-01
5.004656039869438411e-01
4.743465824350630577e-01
4.933902536763231095e-01
5.366850863051974008e-01
5.050913354184370929e-01
4.340733007189985782e-01
5.520412712042815917e-01
4.386387806669649891e-01
5.406615931801485031e-01
5.176583215394289228e-01
4.827729634179052098e-01
4.885072539973275840e-01
5.125054210643076313e-01
5.095299605782976915e-01
5.577015807877874209e-01
5.071819621537875244e-01
4.448654974121226680e-01
4.794877081962177767e-01
5.450966941390241738e-01
5.255467265397699705e-01
5.083249315169067195e-01
5.000882139411484406e-01
4.720049214141423533e-01
4.789403940511115509e-01
4.590054794006062644e-01
6.066491286046018505e-01
4.864781954752054327e-01
4.812281343854022397e-01
4.675769995470835938e-01
5.157946479595099110e-01
4.943961624280103218e-01
6.166046931949182852e-01
5.536309758108840517e-01
