2.784477045330593015e+01
2.677204593439097025e+01
2.658588259264392661e+01
2.668301231928347050e+01
2.629217282548189871e+01
2.702706986691794810e+01
2.739074308311655415e+01
2.673543831000236892e+01
2.598313276750118206e+01
2.593324127643051824e+01
2.637389388469810214e+01
2.652663796826044518e+01
2.648498799811653015e+01
2.621328728933628227e+01
2.605715149862179203e+01
2.681747454772908767e+01
2.677076009430947678e+01
2.722376671106777124e+01
2.656365227309100874e+01
2.650144119301295831e+01
2.521636101012872544e+01
2.648762246502091244e+01
2.689942952249235120e+01
2.676167575426376999e+01
2.694136970360150585e+01
2.691712958976513193e+01
2.764520583132817677e+01
2.705590102882215220e+01
2.585933372222410753e+01
2.616563803784564612e+01
2.734673339649296153e+01
2.579320009538422198e+01
2.671295553508742771e+01
2.632774833916050738e+01
2.708227552678989980e+01
2.641575556523273960e+01
2.569716641959343661e+01
2.647645702852925353e+01
2.674586975365804875e+01
2.672057087589878321e+01
2.669596366791954978e+01
2.704140564931038071e+01
2.611528908240312674e+01
2.682680451462996984e+01
2.606403301322560395e+01
2.661654675830107664e+01
2.588944557698355808e+01
2.670640614268488022e+01
2.629404440243401098e+01
2.610089480616547064e+01
2.618441805719450954e+01
2.608125494153476254e+01
2.588752343019247348e+01
2.763118051937311037e+01
2.673500794511923218e+01
2.684440123599706141e+01
2.727571785032158402e+01
2.650269209258549452e+01
2.631383047075910753e+01
2.614119885771018303e+01
2.666537984059224442e+01
2.645655474760583203e+01
2.678149715779379392e+01
2.644069251126361308e+01
2.559308385159622645e+01
2.674507927029239340e+01
2.626066089786852586e+01
2.653102165003814505e+01
2.638919308571658107e+01
2.641457307344227701e+01
2.631728343234670575e+01
2.704588043184667612e+01
2.748782892833719416e+01
2.633224861632385583e+01
2.729007365498970117e+01
2.572308604230023121e+01
2.656928597494041000e+01
2.600471577831206460e+01
2.658000111460102488e+01
2.639287510822110505e+01
2.606736779272990390e+01
2.678163069182080847e+01
2.653380872542178892e+01
2.612384788415134551e+01
2.547722141633239445e+01
2.755410756574052300e+01
2.657610200037327175e+01
2.678633700473693580e+01
2.669813530676240987e+01
2.579432603159679260e+01
2.677194517562716314e+01
2.579445970596262683e+01
2.665610624072242985e+01
2.628466148644140077e+01
2.688499855794949767e+01
2.632546984286139136e+01
2.643549688350769955e+01
2.585612648596045560e+01
2.663038767688045638e+01
2.698952803500085551e+01
