6.125843908973624963e-01
4.953963393081771693e-01
4.887252575906670948e-01
5.248500209301204533e-01
4.630994785231993260e-01
4.202136007496262704e-01
4.367558823545474311e-01
5.354992085179003380e-01
4.582786692630930192e-01
5.103055353815720840e-01
5.572969031152614772e-01
4.721251678952627651e-01
5.815281128934562949e-01
4.779891796103817314e-01
4.906048771219749249e-01
5.242272658626833115e-01
5.409504131929621096e-01
5.127382124606563174e-01
4.998495566739971085e-01
5.495702194376168581e-01
5.834708628751464898e-01
4.755082167840065654e-01
4.611536949538944108e-01
5.284495417868503297e-01
5.223046028388531603e-01
5.317221696942109332e-01
5.548608744796479364e-01
4.729202172342750754e-01
4.336813943107684088e-01
5.684735472462825179e-01
4.874545563107750556e-01
4.760302453801467659e-01
4.613356781188232558e-01
4.191950504531957722e-01
4.884133822924459634e-01
4.926439697640555004e-01
5.171117906127973285e-01
5.447183959737571524e-01
4.702848109115464470e-01
5.068703102082475764e-01
5.073757226494491901e-01
5.156743047042142702e-01
4.665494820213056948e-01
4.751274650526039478e-01
4.644514513717999393e-01
5.354538199770351170e-01
5.632067368375963667e-01
4.787822034317521513e-01
4.555297641320070756e-01
5.194207990087132965e-01
2.364518938594596165e+00
4.480711756825300207e-01
4.941924500083448857e-01
5.292535658876469373e-01
5.371338173837045815e-01
5.966719630727344015e-01
5.441026811663084439e-01
4.464625970340184713e-01
5.062305448988105860e-01
4.412084946089662729e-01
5.607300762691840301e-01
4.439947473960499935e-01
4.497346519080567817e-01
5.610726731107743559e-01
5.422910099311201160e-01
5.458909804443901059e-01
5.002053387211842228e-01
5.422853027959680938e-01
5.519257127846047828e-01
5.375241010533505781e-01
4.833691224577092993e-01
5.376252967574473018e-01
5.082939724901944789e-01
4.956918540215954350e-01
5.554010871568486607e-01
5.541910051303370333e-01
5.469957277359492887e-01
5.507362932410916345e-01
4.363527512227187710e-01
4.729577913807931355e-01
5.215392092085017195e-01
5.277591944825980042e-01
6.098086768440388328e-01
5.006161109591695801e-01
4.462835984590717286e-01
4.824052368323259454e-01
5.740333907426496962e-01
4.391648978081778010e-01
4.952455092151797911e-01
5.020749898422123270e-01
4.758064107173769486e-01
4.645127972733003041e-01
4.955257681278921744e-01
5.437982425965084410e-01
5.604649380831268068e-01
5.164682422778654747e-01
4.511930726553806115e-01
5.301923360796947371e-01
5.404496239759716270e-01
4.595070566444373616e-01
