4.574103265094645598e-01
5.513080458526996575e-01
5.069850507792648120e-01
5.200589795699425144e-01
5.249189919061247878e-01
5.906786304730645698e-01
5.519343321227837551e-01
4.346675895849403393e-01
5.937110964915488509e-01
5.163415846651278063e-01
5.157586638710335292e-01
4.999598249072536582e-01
5.104510369025651029e-01
4.288282880718125578e-01
4.837948766026051728e-01
5.146421730336392386e-01
5.123412714173368743e-01
5.067206654783237285e-01
4.729944653201410554e-01
5.839041667239871503e-01
5.001507015069945883e-01
4.707069335338461835e-01
4.797891626225318507e-01
5.575892768593714299e-01
5.001359669186654644e-01
4.857531625584979307e-01
5.167427361826592014e-01
4.731905662581231686e-01
4.692781295759343441e-01
4.630259627976403558e-01
4.974613381394139555e-01
4.963022132508227990e-01
4.495338486977822900e-01
5.692129386490877296e-01
5.321195996548405693e-01
5.146306426215974117e-01
4.746169244028029532e-01
4.856624666812567326e-01
5.054499962450564876e-01
4.928923789592479232e-01
4.483507035168045607e-01
5.378543803412698665e-01
4.862081131368051756e-01
5.385467349274483118e-01
5.717384255662156800e-01
4.683764583941128490e-01
5.125903710334640540e-01
5.823884202954873190e-01
4.496795432104161994e-01
4.765603477787233033e-01
5.105114156594231511e-01
4.764130132714488042e-01
5.303440649685740027e-01
4.771840328508238360e-01
4.866854180694025200e-01
5.651023368447262163e-01
5.539492841000024370e-01
6.083555388526502572e-01
5.819425149189615398e-01
5.095542914911729282e-01
5.046263292038687398e-01
4.975625334184503590e-01
5.193601983179956250e-01
4.968986896090361594e-01
3.850954706985045273e-01
4.541212128764957612e-01
5.464759526262469302e-01
4.786623164043883882e-01
4.014335264526840974e-01
4.586521919301096428e-01
5.401921100285194122e-01
4.873039833336142990e-01
5.950545320769260460e-01
4.724375775540261002e-01
5.203715447460767196e-01
4.324672268270904341e-01
5.287264475338355751e-01
4.985368409920304389e-01
5.042948658259353012e-01
5.003381440136210889e-01
4.708936463606960832e-01
4.573831532608568784e-01
4.225784285761428061e-01
4.357184486452727046e-01
4.726840107605214114e-01
6.196787779108445804e-01
5.579247144751732224e-01
4.574061490699897203e-01
5.322149271834054618e-01
4.370863157035340674e-01
4.397354123427026362e-01
1.389206833967495003e+00
6.060309300108851494e-01
4.427406985269075057e-01
5.939392241169507702e-01
5.710447156462911122e-01
4.955158639421901046e-01
4.905289231483577206e-01
5.186592781038892319e-01
4.805763014505524677e-01
