5.501436728543376287e-01
5.220442726707061887e-01
5.166748054606751239e-01
5.111666043842875151e-01
5.527400405285852747e-01
4.510056714673303935e-01
4.855275012208231100e-01
5.223181015071197697e-01
4.493672850873023372e-01
4.864347326263120386e-01
4.679493420930344594e-01
5.056895528125189276e-01
4.316615016340049626e-01
5.310059177743501335e-01
5.370897253610424915e-01
5.738707037061195892e-01
5.252074282251592008e-01
5.105787268279194935e-01
4.772737820335027914e-01
4.539244717339712687e-01
4.383663922600335439e-01
4.621348734406353631e-01
5.309918521373836464e-01
4.579474397740291858e-01
4.682973199720841251e-01
4.699185105902232706e-01
4.918882338704937407e-01
4.918562727062512629e-01
5.022365400463261187e-01
4.870407245830754572e-01
4.844966839521703816e-01
5.009980957071720198e-01
5.257981823600901272e-01
4.846736282822382003e-01
4.868575161038808385e-01
5.133467091332581944e-01
4.737379528665825457e-01
4.249472939286982887e-01
5.044075765576399029e-01
4.882851936578206931e-01
4.365637898646042570e-01
4.615672499807338403e-01
5.236802079368864105e-01
4.961073797263962359e-01
4.632324714763703666e-01
4.737641258985739734e-01
4.816180817040892626e-01
5.089579751066172220e-01
5.514990305274917182e-01
5.061216689718643913e-01
4.937602661951965843e-01
5.385730491138077669e-01
4.957237196842635418e-01
5.361729715912809668e-01
5.627206850147126183e-01
5.103169346487159697e-01
4.620739293200248343e-01
5.191550199915719865e-01
4.744476851916078486e-01
5.022424917706912462e-01
5.630841628610564475e-01
5.176737731617746530e-01
4.740464466761509232e-01
4.758787845319202847e-01
5.240334457930110323e-01
5.212682949909935859e-01
5.428116607199899857e-01
5.123478502926698264e-01
5.049675829204788302e-01
4.830998958626027129e-01
5.240127465436482668e-01
5.219101017549527821e-01
4.292533406308597921e-01
5.228598066040707204e-01
4.655398892744184725e-01
5.319752755760110974e-01
4.941458955436403566e-01
4.930845419344049851e-01
4.752953113530302143e-01
5.376225945736374801e-01
5.552784335413241124e-01
4.996986718857094334e-01
4.291083625618319908e-01
5.159421470451804881e-01
5.174889871507392103e-01
4.892803176604164639e-01
5.252315620271280627e-01
4.172416936183137581e-01
4.427421670216254435e-01
4.520392209116080862e-01
5.382357409956826100e-01
4.309723221990227615e-01
5.311427478591310702e-01
5.502356702862621907e-01
5.314494118269280643e-01
5.054979736851648031e-01
5.627563822534639160e-01
4.687681252716380809e-01
5.397228127256694652e-01
5.416164413121044019e-01
