4.835022019427561712e-01
5.350143779978562275e-01
4.980781960057281132e-01
5.273677867860200319e-01
5.547306054887385374e-01
5.406378508840824493e-01
4.687010284269652605e-01
4.878196577410875423e-01
4.987690279273502836e-01
4.795206907464373836e-01
3.936312298579157654e-01
4.942089159303197365e-01
5.533091111538356310e-01
4.953387624059232830e-01
4.980858218487771993e-01
5.822076171231344022e-01
4.860764344572671147e-01
4.476011207152217897e-01
4.477698127701881248e-01
5.371474767805141104e-01
4.923348115238415645e-01
5.271217066691481490e-01
4.857773917203044300e-01
5.242446878017650302e-01
4.509999365819501449e-01
4.143975632264191855e-01
4.973301093897996572e-01
5.785862216877881714e-01
4.996035525900670016e-01
5.281487959111079711e-01
5.816658736869230184e-01
4.394726342053988377e-01
5.257262769162380778e-01
4.468430251832002931e-01
5.250368971068357649e-01
5.387724279351238099e-01
5.283493809921734341e-01
5.018379228886284960e-01
5.018243980242224067e-01
5.104752779989961686e-01
4.849633066017257077e-01
4.558911559108472233e-01
5.149027515291109136e-01
4.619442341830822252e-01
4.330072741764982025e-01
4.536929734667564662e-01
4.481523871171763651e-01
4.374472143081956643e-01
5.148224413592987769e-01
5.018022877745986765e-01
5.424843762390983981e-01
5.394293095419941952e-01
4.965517714968780139e-01
4.916174485225769386e-01
5.553700964659736838e-01
5.015517228121791904e-01
5.262468740147216995e-01
4.945488858193051174e-01
4.282512804445907095e-01
4.608616854023121490e-01
5.004855075311961388e-01
4.948534711045226020e-01
5.207923867851063093e-01
5.326314301927753680e-01
4.774965690740917146e-01
5.301463846031158056e-01
4.886604799941278721e-01
4.734188162248459397e-01
5.308880897214304229e-01
4.488485986645853187e-01
4.788884006057622655e-01
4.770017703373482520e-01
5.008428253113980100e-01
4.660210433648982464e-01
4.700424841942812959e-01
4.563333577253108064e-01
4.292591135723098916e-01
5.471888190099806204e-01
4.218288187023528923e-01
5.130212648568862610e-01
5.092500498685739174e-01
4.459306800769791690e-01
5.696908378887051150e-01
5.163404089964443999e-01
5.611081033116616101e-01
4.112354826423604837e-01
4.947090937903234065e-01
5.028683783486523895e-01
5.402954484204072205e-01
4.649853447646047910e-01
4.861345996687639337e-01
4.525795152712254743e-01
5.193260725042627701e-01
5.036507436008211824e-01
4.607616042982500826e-01
5.271969658402561043e-01
4.960289289600067764e-01
5.686936641397777326e-01
5.400774230781154595e-01
4.576697640648632048e-01
