2.826950110750789591e+01
2.749171890419751207e+01
2.790625972374628816e+01
2.738803839958693587e+01
2.786258172659602650e+01
2.752606122865381622e+01
2.809746771663964182e+01
2.835006118547915221e+01
2.825472547003160884e+01
2.780228747706898318e+01
2.848103867121321287e+01
2.747459019031104432e+01
2.778109322940945347e+01
2.802393253584309463e+01
2.884001199239165558e+01
2.901754257580394381e+01
2.814136357745346828e+01
2.773841948810237312e+01
2.765727336029193850e+01
2.797867834127576003e+01
2.865109897950399898e+01
2.736208728157733461e+01
2.787247211565811966e+01
2.714569833623570361e+01
3.005208911136421790e+01
2.781013581319776407e+01
2.769281219986818243e+01
2.821728875535795211e+01
2.866274672393404899e+01
2.797521688071313406e+01
2.846457045260531871e+01
2.863455902656588847e+01
2.767449043248619134e+01
2.782007098724396954e+01
2.746490026220205038e+01
2.872487959275623481e+01
2.740674401358792878e+01
2.806642704150110390e+01
2.773651621484478724e+01
2.822479631107638198e+01
2.689279096835709382e+01
2.886138623972754047e+01
2.778052654235975183e+01
2.764497047401994934e+01
2.714118057052953148e+01
2.684243097191620109e+01
2.835898163140234018e+01
2.798050850265629563e+01
2.799578266459041131e+01
2.858803189143480239e+01
2.842017321461218415e+01
2.739061503853994139e+01
2.866388434837058341e+01
2.815196150144913645e+01
2.815743203386299243e+01
2.844052241628049416e+01
2.821585497591190972e+01
2.769027774799593900e+01
2.799494679055199242e+01
2.765003337493933344e+01
2.793398963823234027e+01
2.910242278180454534e+01
2.706779540633212022e+01
2.764561930046300375e+01
2.746846184094809118e+01
2.848102084276447243e+01
2.802732412014033869e+01
2.862214965508488618e+01
2.727138506525026074e+01
2.733173462652598573e+01
2.778130756546296709e+01
2.718451035854683084e+01
2.822048261488232868e+01
2.746361159722307121e+01
2.769583690198497905e+01
2.843828645939437294e+01
2.662126097675153957e+01
2.802369800338375327e+01
2.807500097389117499e+01
2.834982556185563851e+01
2.792021263087322325e+01
2.790228172623493919e+01
2.759603253987589255e+01
2.751047027053734695e+01
2.703405800115541524e+01
2.779655175100569764e+01
2.747107695308842068e+01
2.758890270226966734e+01
2.730112020026568231e+01
2.820895598523364001e+01
2.756061552802938408e+01
2.827997983919978608e+01
2.737073985367393192e+01
2.920335232010994631e+01
2.870623377833489798e+01
2.698423791547282136e+01
2.812453441240185015e+01
2.742634819422981352e+01
2.755261293940445100e+01
2.778765680658769099e+01
