4.419370801187478270e-01
5.324665330564013477e-01
4.436785669943895671e-01
5.189572423291934911e-01
6.036112839775084060e-01
5.551789150383793503e-01
5.304620971331194257e-01
4.953019853077799683e-01
5.681858978141844929e-01
4.935739537864922144e-01
4.788876521025179356e-01
5.089247356552156765e-01
5.222387906298096016e-01
4.642109409609190829e-01
5.363947640198488687e-01
5.246647105059917271e-01
3.843015801419030208e-01
5.087873493012655679e-01
5.646485548207800242e-01
4.563907574592637184e-01
5.351008493422626522e-01
4.845561908931499961e-01
5.230651536051887929e-01
4.878363416989290324e-01
5.091093081419743038e-01
5.082612151814598356e-01
4.420186835754888466e-01
4.731058091138634625e-01
4.757281285479427746e-01
5.820687229461940504e-01
5.158549926105647776e-01
5.536439357597660038e-01
4.916053053135405748e-01
5.001000166422762128e-01
5.784983441172542040e-01
4.717103925202684733e-01
4.503098217812248616e-01
5.059992518805358497e-01
4.843293617065753676e-01
4.915871282338195591e-01
5.142312502866439594e-01
5.882653251017743168e-01
5.622692724291309396e-01
5.145077833315570004e-01
5.158941374571249794e-01
5.493178961436318009e-01
4.297102732814292447e-01
5.224977079683831294e-01
4.967454759458997948e-01
4.845994412901981629e-01
5.270113824212185882e-01
4.967043142154785595e-01
5.254956969176209913e-01
4.970547860227376713e-01
4.136850769259664551e-01
4.744799533195671604e-01
4.335903766535856851e-01
5.449265573851557187e-01
5.011836299136563921e-01
4.248675477482209417e-01
4.295783385281551348e-01
5.162423726929621370e-01
5.415702539386565428e-01
5.706154693159466440e-01
5.518539054147304501e-01
4.774717036458954733e-01
4.812040157108486427e-01
4.877275378620996582e-01
5.403257213583039231e-01
5.251181433473693927e-01
4.682706603265771594e-01
5.468368551238810271e-01
4.852550183701818121e-01
5.857757517282395909e-01
5.656676007338191647e-01
5.421023580079656901e-01
6.015415774158791029e-01
4.473131606650965209e-01
5.680227410255049847e-01
5.281597583303953014e-01
5.028329835972342732e-01
4.436976918902073019e-01
5.191973958147032553e-01
4.142585009892894021e-01
5.188049216207715197e-01
5.088928165011886717e-01
5.072941004251593222e-01
5.300525151006240110e-01
4.667917346837651138e-01
4.977496031873417381e-01
5.436945877476657696e-01
4.792358871282108024e-01
4.763462439057556397e-01
5.389019165679861390e-01
4.899986693589297726e-01
4.982162907036086774e-01
4.921569373600144792e-01
5.137555157593225452e-01
4.962659052747134258e-01
5.078126234744784195e-01
