5.219320098164349497e-01
5.556985741193989359e-01
5.187819492290390855e-01
4.278657534599454304e-01
4.913763461919051223e-01
4.660893760911565264e-01
4.584039409228485296e-01
4.954955514145868434e-01
5.420519953126384793e-01
4.814469175797754796e-01
5.162773575815839955e-01
5.304312666570250023e-01
5.090467085641241507e-01
4.557629805993580474e-01
4.105059952662137301e-01
4.883212698516541383e-01
4.587310168474191818e-01
5.613709094357695051e-01
4.484298125012324276e-01
4.677122944473357524e-01
4.786014951547652441e-01
4.532079832403869690e-01
5.266446858361278904e-01
5.009086066371064572e-01
4.401272454171177850e-01
4.768887347536928667e-01
5.517482285317157897e-01
5.340890371279842785e-01
5.172769400876765511e-01
4.664266017158585353e-01
6.076614789120464710e-01
5.044135976515822239e-01
5.179039964417790909e-01
5.698011595369139037e-01
4.888300696513711019e-01
5.608714075621159534e-01
4.616803693483842452e-01
4.795267113749409060e-01
5.296633510496201458e-01
4.622149391628395110e-01
5.565215417081305072e-01
4.544653692147879176e-01
4.800437882202280848e-01
5.012965153619564074e-01
4.858059798455796052e-01
4.925831699894758220e-01
5.327742901520762242e-01
4.834704292554332095e-01
4.660383064226182315e-01
5.285587041635297911e-01
5.930922099613940013e-01
5.468488446162067529e-01
5.031571697411363342e-01
5.683145691117299503e-01
4.968889383992915465e-01
4.475939456340176648e-01
5.686353975734509403e-01
5.063605314732740892e-01
4.703518915344198636e-01
4.978514699641888863e-01
4.179111008847035125e-01
5.186307076671370364e-01
4.700276325652677500e-01
5.204323493029369141e-01
4.371078571511990973e-01
5.047601000847573571e-01
5.000450115899149894e-01
5.556419383301139936e-01
6.352494281821262634e-01
3.971311581911152744e-01
5.621156818709981406e-01
4.509653757620323833e-01
4.313393238487516768e-01
4.545664930033204709e-01
4.561624551101094438e-01
4.899672215057966351e-01
5.225533354445651701e-01
5.192667562218568067e-01
5.450983501121277053e-01
5.463160052699567171e-01
4.566583603871058328e-01
5.266783372155766640e-01
4.618240253344718660e-01
4.251490258689279989e-01
6.133551935631839092e-01
4.535336194375041430e-01
5.269623352335580657e-01
4.635070781941243445e-01
5.737625435887424574e-01
4.355180768911099953e-01
4.393427939183809361e-01
5.121386413509351199e-01
5.572157951052252312e-01
4.856408148905507760e-01
5.300749893693897929e-01
5.195781098221406991e-01
5.349519351628095887e-01
5.059709294941731050e-01
5.325641400633666089e-01
5.429765194687312668e-01
