4.930810003792542306e-01
4.713913790487184730e-01
4.778155219137771859e-01
5.330328752835701289e-01
4.994885471350948847e-01
5.619350055954682732e-01
5.015432550189011796e-01
4.756399004658682927e-01
4.926537816050012286e-01
4.570077625504412877e-01
4.971422207896000200e-01
4.498951397568932142e-01
4.734251122817177415e-01
5.305392794766564668e-01
5.414832291077198434e-01
5.182913725463296206e-01
4.845214841194959710e-01
5.605208047540065630e-01
5.786042117437065757e-01
4.876089202354585428e-01
6.155693496777528972e-01
5.145927734766313488e-01
5.441823102315189731e-01
5.091093985008972034e-01
4.602056478507489667e-01
4.725874100485882301e-01
5.201440361997575756e-01
5.104240720870086845e-01
5.247009148272768764e-01
5.581250454213866341e-01
5.114210593302357388e-01
4.184136156071193158e-01
5.147457907535195609e-01
4.649526260666356769e-01
5.457119283476538074e-01
5.205766595402597785e-01
5.596360146016450265e-01
6.200494246091665662e-01
4.828244668152609220e-01
5.421958459174430756e-01
5.572152949017777912e-01
5.944210996450877138e-01
5.669325716733903953e-01
4.568913115149665360e-01
4.513854192168772483e-01
5.541351679148779352e-01
4.705131040910102702e-01
5.932275321074601537e-01
4.956823990815052983e-01
4.419744438615588189e-01
5.091759363725556486e-01
4.983272012862943190e-01
4.808210401902180409e-01
5.633798276507832048e-01
4.942299276082590120e-01
5.358702444212462002e-01
4.820623334859314713e-01
4.064512734330881227e-01
4.852133174583180275e-01
4.931820738386167857e-01
5.473443733766418795e-01
4.816508068861815040e-01
4.869240162036007624e-01
4.497370617484623967e-01
5.286086957560914845e-01
4.492877424300096290e-01
5.019904195727336038e-01
5.100696767382117969e-01
6.003852079956362164e-01
4.733460411191022787e-01
5.328374164597091678e-01
4.687613411725740087e-01
5.288932323183483941e-01
5.235691129478772243e-01
5.636415189776836643e-01
5.203346097254883951e-01
6.189944989764267769e-01
4.992707440184789847e-01
4.830832944621594183e-01
4.923589622219640694e-01
4.962799210825857843e-01
4.849191805459555082e-01
5.149868420622261134e-01
4.496237514586412520e-01
5.001346795177451510e-01
4.823534982018778949e-01
4.867413964896388778e-01
4.557102609203518284e-01
4.798427685154518785e-01
4.785046502758574238e-01
5.348256027093956089e-01
4.498450508535723480e-01
4.338834154312043445e-01
4.701417701494635670e-01
4.385956449233501253e-01
4.579279372010700011e-01
4.979167482388374144e-01
5.123086232999235490e-01
5.051613575785522947e-01
4.908101834059337976e-01
