2.905559109798683437e+01
2.804709302067761456e+01
2.906416494801454320e+01
2.861734840636270860e+01
2.726144938252437555e+01
3.027787068998186015e+01
2.980553379288643967e+01
2.863349592376327379e+01
2.872346999127716316e+01
2.963020214118335360e+01
2.823689230487856605e+01
2.925706004813912742e+01
2.826016990093317460e+01
2.866701444827882383e+01
2.935945126252483206e+01
2.898690585633152494e+01
2.970589924848824026e+01
2.875856190693490433e+01
3.050800727445471949e+01
2.877868635152956145e+01
2.946467725664227899e+01
2.905580678502258962e+01
3.006542088258238010e+01
3.010309043371560733e+01
2.919482710256821179e+01
2.884897783692304074e+01
2.870217892916617330e+01
2.882061287466505917e+01
2.803524227166403548e+01
2.909729999061732642e+01
2.863539740515904342e+01
2.812654636905469019e+01
2.980078186065946610e+01
2.829207327172388631e+01
2.836574510940362615e+01
2.942213168841040627e+01
2.971343242294882714e+01
2.878494921937397777e+01
2.925323021212932773e+01
2.980269073756196718e+01
2.792077151317421624e+01
2.866315540044994492e+01
2.787591235076937934e+01
2.875631026867320728e+01
2.946504455781827758e+01
2.845118209470787463e+01
2.931019620202513210e+01
2.851452457478533375e+01
2.886591796995665149e+01
2.925763707066985830e+01
2.922874276211154410e+01
2.918134662420945347e+01
2.959259716121144024e+01
2.887932247303901789e+01
2.768159315687760014e+01
2.927107325817750194e+01
2.867018245224967643e+01
2.908547719530031728e+01
2.901922873304307160e+01
2.903303666763271806e+01
2.853589483067447929e+01
2.912661085581143894e+01
2.900637415161905608e+01
2.960724666326789745e+01
3.038217214056120596e+01
2.850704208899101388e+01
3.010816526358274103e+01
2.868808915457124087e+01
2.981196470273846799e+01
2.947144795545343499e+01
2.979475134481438658e+01
2.854341900705633606e+01
2.851260737622387964e+01
2.881063473173422906e+01
2.925619820187867859e+01
2.890990200207449590e+01
2.930629085753801277e+01
2.959638777737525572e+01
2.870234236380673920e+01
2.791102093700829556e+01
2.959243517498370224e+01
2.915754742722699788e+01
2.966555935500507246e+01
2.856867102671969150e+01
2.896885112785106031e+01
2.910816037453492910e+01
3.079859252470473763e+01
2.959916059591043336e+01
2.750350177346016167e+01
2.939402059757005858e+01
2.877967448605367906e+01
2.992705020584019593e+01
3.038789236554834616e+01
2.908256958883217536e+01
2.949727994964593591e+01
2.936653266488940872e+01
2.808920709526327997e+01
2.928184299343352492e+01
2.967175023046347349e+01
3.005074734985708673e+01
