5.580735801204647073e-01
5.140496384377749584e-01
5.135422582178329476e-01
5.298873560772660030e-01
4.909794640241716968e-01
5.129081071550437576e-01
4.952191944890046438e-01
5.980024429344179548e-01
4.982250033119353105e-01
4.808462247230685938e-01
4.921376731300313723e-01
6.098380187116974049e-01
4.665367119968319987e-01
5.539185993363200389e-01
5.618910785612502012e-01
5.291762857388809804e-01
6.222490200032617658e-01
4.771296102537605499e-01
5.015477620735724340e-01
5.036107937618798935e-01
5.271537806888032529e-01
5.173548953072034662e-01
4.872715522980349823e-01
5.012535479359772062e-01
5.742796956946732978e-01
6.191724445197244187e-01
4.198166670939249001e-01
5.002770751115506176e-01
4.939775628477768299e-01
5.557874748821272082e-01
5.670113983116115142e-01
4.124615924723078475e-01
4.881248029529912658e-01
5.016563170380061720e-01
4.853319900412683685e-01
5.274786621871181413e-01
4.587297362209370455e-01
4.710210344512774649e-01
4.369438372415213045e-01
4.492649066232397570e-01
5.862600727508304743e-01
6.324349048899429171e-01
4.946101578593034009e-01
5.198446205237365891e-01
5.047106638383260790e-01
5.202438024569190356e-01
4.235112110685513853e-01
4.896090721240938803e-01
5.559960054919672601e-01
5.468894156344629165e-01
5.643812699416014267e-01
5.778426765980204660e-01
4.330420227177271264e-01
4.940201755950174300e-01
5.162674934649218450e-01
5.269042904310863307e-01
4.763246471949233452e-01
5.331502841139356130e-01
4.605732003444579781e-01
5.285621843887807758e-01
4.580100338942890703e-01
5.391123713733116940e-01
4.746659250039150790e-01
4.744758953454066286e-01
5.033153034721888908e-01
4.484947179992631594e-01
4.700848929983101332e-01
4.567078690452016643e-01
4.337081384848653909e-01
4.659799105075242975e-01
4.834512453943620724e-01
5.035253343225206679e-01
4.548902771753386975e-01
4.924405982002748039e-01
5.653502545705489934e-01
5.255730122951061123e-01
4.796419093353782581e-01
4.762856123015025145e-01
5.412620651158934759e-01
4.835371196092528856e-01
4.653455428694863727e-01
5.197149109268678346e-01
5.251403144082527064e-01
5.067351411880539613e-01
4.258034523023471185e-01
4.790023189971639450e-01
5.353980485944076495e-01
5.139116291316782048e-01
5.628481935919106283e-01
5.149329178459541856e-01
4.740985969592459437e-01
4.895929581426377020e-01
5.224382078981402167e-01
5.506827449310968126e-01
4.779424697325645455e-01
4.804530317734303502e-01
4.962876479670043639e-01
4.952946562716830647e-01
5.324208135211117021e-01
5.663019266688693598e-01
