6.023525388352527488e-01
5.235008136935539458e-01
4.690754025990717668e-01
5.915518811941472554e-01
5.029329107903203200e-01
4.822157229124611755e-01
4.141503381897695957e-01
4.721978310398727285e-01
5.378325193770846502e-01
4.721976816436366242e-01
5.107385989454381603e-01
5.433276240828464054e-01
5.310335618396890833e-01
4.788900868189377436e-01
4.540429404283436443e-01
5.442867132860250701e-01
4.260650658079523367e-01
5.035906123341132856e-01
4.960968675605589295e-01
5.544092885141488347e-01
4.800765714977432430e-01
4.833726397707466260e-01
5.890421696206370461e-01
4.464617212052091055e-01
5.127812307579417972e-01
5.060327597347722417e-01
5.209808822167069087e-01
5.061965030089109474e-01
4.757828894763330707e-01
4.490434100553911678e-01
4.888434494421787235e-01
4.846497720435031242e-01
5.283354060085566628e-01
5.338073503824380950e-01
4.372959507880014307e-01
5.104079948858464277e-01
4.210897904844325135e-01
5.408284168412690329e-01
4.998525534548463045e-01
5.101094564104160511e-01
4.409501602623414063e-01
5.324609241485386280e-01
4.960228029977621911e-01
3.975633407175607759e-01
5.454503320021578672e-01
4.786778005628090638e-01
5.325413046259724892e-01
4.915180125327805460e-01
4.957921367085421638e-01
4.751939082937900460e-01
5.040725098899335732e-01
4.822323359808755039e-01
4.324757927783107747e-01
5.206318781922946171e-01
4.800699174558420990e-01
4.823099246412199670e-01
4.954013184115733104e-01
4.771292804860087777e-01
4.884316054303127208e-01
4.621739521893914460e-01
5.158634548798898267e-01
4.635798494879265208e-01
4.770773846853980649e-01
5.596134723368241248e-01
4.786439973200882214e-01
5.399412133609479136e-01
5.527041308733251501e-01
4.967579902806399939e-01
4.449262705292704179e-01
4.407055075333868865e-01
5.192077837542875551e-01
4.506939150787882542e-01
4.802664182729025066e-01
5.086398167300800743e-01
4.512132214310515810e-01
5.059962228415322283e-01
4.956640426388612131e-01
5.338427247247407026e-01
4.437880185176847903e-01
5.336778170785880793e-01
5.567363395266701209e-01
4.951093760523736509e-01
4.754966223790245139e-01
5.308919715200667300e-01
5.100565651555085678e-01
5.658309177500661091e-01
4.738423909379858578e-01
5.135525865733414630e-01
4.970520221595264299e-01
4.852707088916279332e-01
4.255423229141358510e-01
5.671022102744538440e-01
5.090087988617268966e-01
5.081084671609930048e-01
4.984405213476292840e-01
5.396181011228173841e-01
4.631436298648167749e-01
5.139241141584374173e-01
4.568261523326114237e-01
4.493486164970579844e-01
