5.673950927654204390e-01
5.098811888972000217e-01
4.198337175913381958e-01
4.902264245372497387e-01
5.129335273920474503e-01
5.040409228366412586e-01
4.991121736271101339e-01
5.081674747869826536e-01
4.817723168689015401e-01
4.783950277586704880e-01
5.444649413448012787e-01
4.928907006367512222e-01
4.887827752612549093e-01
4.905742968635177226e-01
4.469564407610073231e-01
5.502089404564736164e-01
5.405268381601598948e-01
4.301773253084802406e-01
4.656276089873378488e-01
4.896589637951035967e-01
4.782653297893609268e-01
5.101224020741759180e-01
3.934016134437849921e-01
5.397617645001510089e-01
5.131880007857498871e-01
4.857174216150051960e-01
4.591727358978508478e-01
4.350946782043110250e-01
4.804345844527462273e-01
4.552732626468371513e-01
5.669159451628690283e-01
6.072446026013481601e-01
5.226948613848618752e-01
4.524285820105655720e-01
5.432307951983028627e-01
5.465493228153686101e-01
5.503367740200112435e-01
4.701460270808053843e-01
5.452209414999522608e-01
4.890521777300902428e-01
4.389091778219697537e-01
5.765503879366812301e-01
5.294770662076762058e-01
4.586679102606289749e-01
5.684989345678344019e-01
4.555113068388230158e-01
4.837631701344960455e-01
5.381652646276124941e-01
5.189211795854953291e-01
5.176421052714030857e-01
4.342104429199933335e-01
4.777656532062501960e-01
5.076101296760044956e-01
5.355544168822836681e-01
5.063978269429638690e-01
4.861218506809483197e-01
4.827351539806955527e-01
5.259092404066779691e-01
5.006403721986001365e-01
4.665820676245095999e-01
3.986268766693211174e-01
4.901977916832225834e-01
5.137477527187124249e-01
5.340618311596804224e-01
5.106498421852745384e-01
4.753976185957721201e-01
5.287304656354714361e-01
6.181403865218112470e-01
5.073787168087897648e-01
4.675810933521175605e-01
5.075479228322269387e-01
5.085755686878346005e-01
4.773305035504777916e-01
4.627559481559066490e-01
4.903650610422162770e-01
5.091070352406876776e-01
4.910820651274998005e-01
5.211649792581358742e-01
4.661367687167581875e-01
5.266241946762025838e-01
4.111165563562708125e-01
4.855677554288141962e-01
4.583816315513820627e-01
5.173437006405333660e-01
5.331527474017540014e-01
5.404958258935013138e-01
6.055516632105167885e-01
4.515115425709301245e-01
5.569544742383545355e-01
4.644465931797479019e-01
5.187457823347794150e-01
4.650762941980269849e-01
4.502813929214960487e-01
6.103440910037293277e-01
5.436469786363511414e-01
4.708072358237185839e-01
5.226749519265320165e-01
4.464030064027941780e-01
4.909255492592123349e-01
6.056313310854209986e-01
