4.607755168644159793e-01
5.136263792458966027e-01
5.266800171895152927e-01
4.621319008988681865e-01
4.122774017390702372e-01
4.769845908355332398e-01
4.495687988427063408e-01
5.431845573680087469e-01
4.959822698435576438e-01
5.099306550585355202e-01
5.135404943551362678e-01
5.011651448841966117e-01
5.479698303088232914e-01
5.162561178706603915e-01
4.524342463171494022e-01
5.299804021656292496e-01
4.740700989252014663e-01
4.194736913615125795e-01
5.420980661195186068e-01
5.082929075941662322e-01
4.880470758412529531e-01
5.508771710192602589e-01
4.962206082204045354e-01
4.596473888700916555e-01
4.591923734309686922e-01
5.363494976326729224e-01
5.281280164163764113e-01
4.550619723184602949e-01
4.697002922555953974e-01
5.307325205226572917e-01
5.157576823576702774e-01
4.602470244227381269e-01
5.363086002743813197e-01
5.199868190137095780e-01
6.092852592156059455e-01
4.872161148518817653e-01
4.517536463235735100e-01
5.684814659006913740e-01
5.583200815255677796e-01
5.227308310296199245e-01
5.409264522019089361e-01
4.697800037754150670e-01
4.654359802688266545e-01
5.282127831129596052e-01
5.426936361659546737e-01
4.296834577356348772e-01
4.871709496001875861e-01
5.330085188891219294e-01
4.741226523244327917e-01
4.879037513356812017e-01
5.131966634091820190e-01
4.780914543587568288e-01
5.465187073001269713e-01
5.083777706991794432e-01
4.958076619805575902e-01
5.994649862144991737e-01
4.875347281500800323e-01
4.212844398707858984e-01
5.865636400520677363e-01
4.560518394942314480e-01
4.676062941203483203e-01
5.164050340211105983e-01
5.188201255202897766e-01
5.432842827579603684e-01
5.121960706374617533e-01
4.408078672112138996e-01
5.728938479748109103e-01
4.797643172703796588e-01
5.191644471197601751e-01
4.879645934641049232e-01
5.938606567094772970e-01
5.505964626605620582e-01
4.790983574799392297e-01
5.091698183130207722e-01
4.585180478507501767e-01
5.121530787751910063e-01
5.259515914755197308e-01
5.800755051673641693e-01
4.986334374386676149e-01
5.170511935674897419e-01
4.723136292280687987e-01
5.190521100122180709e-01
4.743175681110457509e-01
4.220909625313458702e-01
4.137143098853026113e-01
5.186226454200492109e-01
5.030946523392737513e-01
5.661329712207746612e-01
4.690379542411603486e-01
4.946846706171791341e-01
5.583949441380151590e-01
5.006154300920002687e-01
4.394125103046821468e-01
4.875904042830888629e-01
5.232960666110212378e-01
5.282256240447690265e-01
5.112962205149731432e-01
5.361223344025304316e-01
4.719247463458081659e-01
5.281752497251229750e-01
