4.946491163861760909e-01
5.670458903630227754e-01
4.970007032760640486e-01
5.534797302174206957e-01
4.864080203622440091e-01
5.150096557603680569e-01
5.704994547901230950e-01
5.112050839506447897e-01
4.958135754012268359e-01
5.074285766024954070e-01
5.288748246185713819e-01
4.855009557595939551e-01
4.840697245489992695e-01
5.447462825324033142e-01
5.136201051863542588e-01
4.522069530379904667e-01
5.780701761429489771e-01
5.532110558452371096e-01
4.934068686490585831e-01
5.482503454037452872e-01
4.588162436351521656e-01
4.915278485761357397e-01
5.134298549809424017e-01
4.691747988785610612e-01
4.826072324323947837e-01
5.051997171791332564e-01
5.776789024219403101e-01
5.478751691792584921e-01
5.088458713691438318e-01
5.216160213982073968e-01
4.827793768467584790e-01
4.648382634985120943e-01
5.394644025394567111e-01
4.786213051602570823e-01
4.604252555682666337e-01
4.991209334221625715e-01
4.830503509009385632e-01
5.247615814353326913e-01
4.595289577854130281e-01
4.956386015261614597e-01
5.405803786220495510e-01
4.906586220154885991e-01
4.429207689979047236e-01
4.911102093627795484e-01
3.991303676970671677e-01
4.769521233715587338e-01
4.761514542754323731e-01
5.070652584952235475e-01
4.500268346541814179e-01
5.211093665949254605e-01
5.344674675373740635e-01
4.189126584425762467e-01
4.567621347259068765e-01
4.614964582895993428e-01
5.785938864306219287e-01
4.647501515781026216e-01
4.510547496700096359e-01
5.896118542284086717e-01
5.047271770285680637e-01
4.494086773683559910e-01
5.388397202309187506e-01
4.866145117092210426e-01
5.360936856438249798e-01
5.134172645777201893e-01
4.781607541175444398e-01
4.104163104612879587e-01
4.783263691384374017e-01
4.609567835873122355e-01
4.747375473154063497e-01
5.442552359768541015e-01
4.461657726847588767e-01
5.317046688052162740e-01
4.830254671241502873e-01
5.297582888609466689e-01
5.779131146440861233e-01
3.978773299739281066e-01
5.110185164556091397e-01
4.676515149259867221e-01
4.964090612227850530e-01
4.309182437576821179e-01
5.679942422961190562e-01
5.013130794438021010e-01
4.749322120665558367e-01
4.209282998633011030e-01
5.273546043532861827e-01
4.814617481699405843e-01
4.884420330442297287e-01
6.006467041920913186e-01
4.806469323686226591e-01
6.569886908352591259e-01
5.061557082897321092e-01
5.511995529690508766e-01
4.991078436045006672e-01
4.725035517365049897e-01
4.617171731078378860e-01
4.876276528396193410e-01
4.692377733433216180e-01
5.450996434893862208e-01
5.192915317340425219e-01
4.693994088435635148e-01
