3.162361906516231258e+01
3.187663239375159208e+01
3.193111834851310959e+01
3.087375928018850146e+01
3.113770166081523527e+01
3.289494095268217677e+01
3.147058441676505680e+01
3.192981154999289117e+01
3.244271813983790764e+01
3.196846412077415067e+01
3.075581101924477423e+01
3.202387150188678078e+01
3.066860886726327351e+01
3.202223678180374122e+01
3.241051016564865961e+01
3.225690315127741314e+01
3.135516845813796749e+01
3.077619686020429768e+01
3.326939826628348840e+01
3.314056634927204925e+01
3.208671815495052471e+01
3.190033404266000616e+01
3.247345352423981524e+01
3.086630595009977895e+01
3.160113205250413770e+01
3.253643105771215716e+01
3.090416775745789124e+01
3.115600399215852789e+01
3.219118129848482823e+01
3.247586740044626197e+01
3.224929735393406105e+01
3.239013831181583214e+01
3.018797000480256543e+01
3.264900565673432453e+01
3.237863530127431488e+01
3.134756551219902221e+01
3.220252608722658749e+01
3.234169626462544045e+01
3.139382049431306854e+01
3.064165065464574766e+01
3.251078145288192900e+01
3.327852752914745338e+01
3.265669434017956263e+01
3.136145500021015309e+01
3.106650589905903459e+01
3.239206841366186751e+01
3.159517673942588445e+01
3.241357608074719110e+01
3.240788344573363133e+01
3.347923133511353200e+01
3.218511555439152261e+01
3.210093178837612982e+01
3.190433078497856911e+01
3.123711834862517378e+01
3.231483115452373056e+01
3.094982891955974225e+01
3.164111183458035015e+01
3.192167402288407274e+01
3.207608745918218318e+01
3.153412621277655248e+01
3.307194016286282334e+01
3.076564158401277638e+01
3.187532511146025271e+01
3.091071481636950580e+01
3.144861299871719496e+01
3.217222710003500197e+01
3.185584375953695613e+01
3.198284228296098775e+01
3.255193795658848188e+01
2.874555376039736743e+01
3.138093104703082403e+01
3.211637701982582627e+01
3.239672751099389814e+01
3.266614679791697995e+01
3.023507442625270514e+01
3.231747086214463138e+01
3.127452852281821194e+01
3.117966493772391701e+01
3.181708238504177899e+01
3.345837807112934570e+01
3.104032678594552408e+01
3.221123057008760782e+01
3.279608955172125206e+01
3.116409368230980803e+01
3.055293948784557401e+01
3.348228717577491409e+01
3.041593363968923569e+01
3.365077841004456616e+01
3.209292861148765041e+01
3.205578726397965283e+01
3.313287687730633024e+01
3.142837880486694857e+01
3.094848848082795456e+01
3.203756187917468168e+01
3.189702412892696515e+01
3.214488398807661440e+01
3.263905644158376873e+01
3.097801152009182601e+01
3.094869182057878376e+01
3.233494227868180815e+01
