2.640985008555917801e+01
2.669707418834126855e+01
2.628869770343295187e+01
2.645734705943597476e+01
2.667622456640798845e+01
2.623409163125743504e+01
2.571892376824434123e+01
2.704731972337283352e+01
2.697825258455230113e+01
2.581081586304839703e+01
2.647018199537911087e+01
2.597235164065291002e+01
2.619525065813557063e+01
2.694018206711961128e+01
2.663199759857155158e+01
2.647650664424543621e+01
2.657822868664102600e+01
2.666451209493576968e+01
2.624432687789202490e+01
2.722854955317534120e+01
2.628798160163945141e+01
2.756929674816193199e+01
2.603893645929324663e+01
2.703780462343088686e+01
2.709560608210732013e+01
2.705014649809146832e+01
2.676345093187347501e+01
2.638567677172629544e+01
2.703658673899904841e+01
2.786729632235764242e+01
2.598215774366480346e+01
2.656225434688596110e+01
2.664508784265494512e+01
2.791447802494589325e+01
2.607591591062110226e+01
2.634186446330397757e+01
2.604711892060936762e+01
2.579266304300476520e+01
2.711841016180452968e+01
2.618009785278259827e+01
2.658085229080122858e+01
2.617664084180161765e+01
2.574557270425151501e+01
2.629798483970994738e+01
2.633078138876740226e+01
2.561189993117468688e+01
2.768456831215006986e+01
2.635643623879944286e+01
2.693089393011149468e+01
2.665483116920044537e+01
2.810480103612686520e+01
2.659944829045228332e+01
2.712614771342609643e+01
2.664081221733486871e+01
2.705417377967608417e+01
2.711064298487715263e+01
2.579064757636511018e+01
2.715129829047741694e+01
2.699069462890544813e+01
2.652717013792553402e+01
2.664852080684761049e+01
2.700999735824332859e+01
2.644858217723804472e+01
2.664768980494031325e+01
2.530163488710893560e+01
2.661296651520181911e+01
2.643915283436791341e+01
2.534439908340998926e+01
2.684513981297805785e+01
2.604451758193570399e+01
2.668421128627830896e+01
2.747209324025562083e+01
2.780979381556232966e+01
2.697045783584900391e+01
2.664973664831559930e+01
2.644710899943013516e+01
2.761534040766509079e+01
2.562636928025600369e+01
2.647191846215299904e+01
2.824308150843949150e+01
2.709358733294505939e+01
2.821220982346184769e+01
2.707409186936536827e+01
2.624445070468225083e+01
2.758255157505237420e+01
2.657926109486309230e+01
2.582857996286398716e+01
2.631481118715065293e+01
2.628849611807729758e+01
2.636199627602871942e+01
2.765954934423245604e+01
2.544931267404222197e+01
2.538381890050052547e+01
2.704133461832076435e+01
2.619708810463188087e+01
2.699777896293274893e+01
2.572780039337219549e+01
2.741366979779711954e+01
2.697341095422414270e+01
2.681480794595044159e+01
