2.774798474026049178e+01
2.826231907750200278e+01
2.850869604758888443e+01
2.876373051362405064e+01
2.858351398373097041e+01
2.876369943200760559e+01
2.914301151397819112e+01
2.817516803991728125e+01
2.782263413131826368e+01
2.848626310472007361e+01
2.905195486501399671e+01
2.935013725094744075e+01
2.824357259777035978e+01
2.886029488019720191e+01
2.866163457010248550e+01
2.839536347106099967e+01
2.638055435409383520e+01
2.771573943588906985e+01
2.878671152191491700e+01
2.798517918066684373e+01
2.782443932574156520e+01
2.895722747816974163e+01
2.893698835929249213e+01
2.872964392189012983e+01
2.922716890768597153e+01
2.856206438838102457e+01
2.889673788642914332e+01
2.889663897846514118e+01
2.856265079735806367e+01
2.881536831895317974e+01
2.878612246832480537e+01
2.943459877798354185e+01
2.830626350508601519e+01
2.880096514137736818e+01
2.902306639565985336e+01
3.013824708606921376e+01
2.891412952653382362e+01
2.862719349553372084e+01
2.814336549764734130e+01
2.983861545773288526e+01
2.876947839033543985e+01
2.797116393476139962e+01
2.811411901303787531e+01
2.872119122349434761e+01
2.834010561666776340e+01
2.853683243760378119e+01
2.840903843667047113e+01
2.929458051480201419e+01
2.806661281321573753e+01
2.919606105162859322e+01
2.779200752763377480e+01
2.824899669984014494e+01
2.883613253298689827e+01
2.794461366023542581e+01
2.900594778225879011e+01
2.864916835093927006e+01
2.915626627325970333e+01
3.031704533149405023e+01
2.862355437488512777e+01
2.940562715998288823e+01
2.858214873481315976e+01
2.721052251952076872e+01
2.804903425178364174e+01
2.805021001816481530e+01
2.945883051179878009e+01
2.613299065593072612e+01
2.739917138305224498e+01
2.850460676888303269e+01
2.858709734457672269e+01
2.794390822448258405e+01
2.773043877881749708e+01
2.904622445099504446e+01
2.865670640525371127e+01
2.961743337886638017e+01
2.840488823544714236e+01
2.762339682533664131e+01
2.753284683277803779e+01
2.944103299734584667e+01
2.951013850717470177e+01
2.894914162506983502e+01
2.904942980271275488e+01
2.945330026166709558e+01
2.903134969589941150e+01
2.853737797462217429e+01
2.850656452673618446e+01
2.878304997307240143e+01
2.876471497357022145e+01
2.813838373052847075e+01
2.837077418179658395e+01
2.805958447420212210e+01
2.871159623386641258e+01
2.820028574996487691e+01
2.843684551585444709e+01
2.906016286050655495e+01
3.009057989462255378e+01
2.952991720898764783e+01
2.979255061840208896e+01
2.837521666232242268e+01
2.738712249937049847e+01
2.798021454593592594e+01
