3.176495666371203441e+01
3.220715644088853225e+01
3.013104799538439238e+01
3.049253741327557066e+01
3.066370683236430139e+01
3.046061576492247980e+01
2.907857177271793958e+01
3.078377913272873556e+01
3.175825992572358558e+01
3.001411627597605047e+01
3.018725582289726006e+01
3.029109282335265618e+01
3.108140716473585030e+01
2.884100452865409281e+01
3.107168873306023826e+01
3.041161416289324038e+01
3.129372057623646697e+01
3.011527094811906480e+01
3.079115263693651272e+01
3.108772699538801731e+01
3.146477875852823303e+01
3.069579643264053104e+01
3.062894876415348122e+01
3.156057610396016599e+01
3.124404192360785615e+01
3.172795890116661610e+01
3.032711814733347566e+01
3.045726653035408305e+01
3.140155778513776497e+01
3.169052066255909850e+01
3.151439479521545906e+01
2.980194917756910300e+01
3.313393968841581483e+01
3.087704019006237743e+01
3.127987021103093213e+01
2.979372581557979416e+01
3.008635233838425194e+01
3.211306959841219566e+01
3.135760426759282993e+01
2.957477919736844640e+01
3.140034389985549623e+01
3.034198759866414719e+01
2.979892287773831683e+01
2.956334108116139703e+01
3.068304557795201148e+01
3.058090524560516243e+01
3.193996602980208266e+01
3.006471545040281512e+01
3.062317512558987076e+01
2.975669026887720747e+01
2.991146474425415391e+01
3.063472769997627054e+01
3.091537718522887346e+01
2.913860605001372761e+01
3.057659851005839968e+01
3.025376244796335712e+01
3.075316758730158639e+01
3.158659647695577988e+01
3.087373805525457016e+01
3.133978303497168127e+01
3.237999251039992998e+01
3.127104475448669518e+01
3.129940500741544440e+01
3.122282679211008727e+01
3.131700262692634240e+01
3.020404118105832936e+01
3.076883437890162654e+01
3.080538236948187247e+01
3.196180751658077313e+01
3.022259348447999727e+01
2.970795896891879551e+01
3.150275570374272505e+01
3.070765590784113996e+01
2.921727038718486114e+01
3.018034711629655220e+01
2.997438476023412335e+01
3.143811495339023665e+01
3.042214312334131421e+01
3.159449965112665382e+01
3.060193192144173935e+01
3.091893935731317100e+01
3.111864456328079243e+01
3.128437194594159010e+01
3.083643934434988765e+01
3.076936326437768798e+01
3.237510211369645674e+01
3.068379954126853448e+01
3.118177152074499148e+01
3.076895266425309572e+01
2.997987954557638446e+01
3.110326462641335254e+01
3.077087952768621193e+01
3.055210020517669633e+01
3.090363867966421196e+01
3.091228370243274171e+01
3.082082746501736281e+01
3.172404535806315096e+01
3.051974846317305179e+01
3.157592684669994654e+01
3.131640485085776149e+01
