3.369668787090997597e+01
3.368144699622379790e+01
3.308063130751815351e+01
3.249878938235186610e+01
3.518948428048159371e+01
3.405861108103000845e+01
3.371139066287275909e+01
3.297404908729718898e+01
3.344008904115555936e+01
3.260538655377429507e+01
3.457452220800750808e+01
3.215377943167582941e+01
3.215896625368216633e+01
3.305005046691060500e+01
3.376593101749631387e+01
3.363596738707030198e+01
3.369749003760208694e+01
3.384941526905041087e+01
3.389106536874551523e+01
3.293065122575623604e+01
3.316646422781614234e+01
3.353765451736852299e+01
3.422418977605777712e+01
3.174088996912120209e+01
3.271907442634476837e+01
3.290797101789426193e+01
3.484741554775781225e+01
3.344138350386592862e+01
3.168243924936644618e+01
3.249182340434557403e+01
3.280854144249199322e+01
3.306485182055747885e+01
3.249250369441462283e+01
3.447235201246634517e+01
3.307344375393945057e+01
3.330731897287852661e+01
3.198563196596075997e+01
3.335070545144112231e+01
3.429776843911031392e+01
3.356648171791266577e+01
3.324049618887970325e+01
3.299271113483789009e+01
3.385567989980865633e+01
3.375067122231413919e+01
3.382644307635452918e+01
3.465598663794540357e+01
3.385210870432627672e+01
3.465872849972480907e+01
3.228537766580888757e+01
3.467208135374304590e+01
3.309068060363762243e+01
3.332192008586164178e+01
3.452634911828715047e+01
3.265317237557641761e+01
3.340288637048646336e+01
3.507455792344386936e+01
3.450073679404493987e+01
3.396713883511905863e+01
3.225468042387792877e+01
3.235624260102726168e+01
3.361170579591156127e+01
3.269406783730673283e+01
3.430077209544492689e+01
3.308388766129154845e+01
3.363427338037185876e+01
3.289524999829442464e+01
3.277919091597117074e+01
3.314656341632687031e+01
3.429139511429049492e+01
3.316855897387074492e+01
3.354696587892932769e+01
3.451621610761456083e+01
3.314853710334972448e+01
3.230844903462691775e+01
3.289365657749591065e+01
3.371341434346519605e+01
3.324379206567312650e+01
3.374824695943954822e+01
3.362084036722054492e+01
3.286726597909444081e+01
3.240290871544753060e+01
3.386773395383058016e+01
3.369694607837659817e+01
3.269774063182438795e+01
3.273291913471597070e+01
3.367781720221175590e+01
3.370583252242018801e+01
3.494055312949160452e+01
3.240518890782844608e+01
3.312739689149517375e+01
3.316271868144628598e+01
3.357674696839863770e+01
3.294359107068905246e+01
3.249815565270876050e+01
3.298256086719710822e+01
3.201853751253404567e+01
3.179711073450772219e+01
3.440958149975220692e+01
3.336602909492595614e+01
3.432801073248906931e+01
