3.036322984487206256e+01
2.953285627083649700e+01
2.968655689118198637e+01
2.927934120470050416e+01
2.963202882514950431e+01
3.023312405842424155e+01
3.004020535040536188e+01
2.856945202117490723e+01
3.193602732254574761e+01
3.018314454425575022e+01
3.093702136351793897e+01
2.943331032756746524e+01
2.965684899439741073e+01
3.006330425907528792e+01
3.018814430513040392e+01
2.909516659337979760e+01
2.844636975985298122e+01
2.858312686856134732e+01
2.817190593298739643e+01
3.050013141790503823e+01
2.893946881680561845e+01
2.960106078821866404e+01
2.969632994390451586e+01
2.950452639331068738e+01
3.013397698559613858e+01
3.013431457287915194e+01
2.959279035992829776e+01
3.020186520721333778e+01
2.917870085137634106e+01
2.903275128348610679e+01
2.971923669418790581e+01
2.974640977080083104e+01
2.949009075779130029e+01
2.863035576058238618e+01
2.944051451273817221e+01
2.884505716388628116e+01
3.012337111288472968e+01
2.873562339158724299e+01
2.906381140556315756e+01
2.890470074765732633e+01
3.010478587367804693e+01
3.043131049203270067e+01
3.054591675926551986e+01
2.959511757980026303e+01
2.823816744959397695e+01
2.992706881349977621e+01
2.806442161776078237e+01
2.898621515856557096e+01
3.091346398127395290e+01
2.938941553205320290e+01
3.003363258027429339e+01
3.110760381316378798e+01
2.914253045226480410e+01
2.968245824888169793e+01
2.921260334531358538e+01
2.874397612253765644e+01
2.992557499069499016e+01
2.890340677611743558e+01
3.009649779703636696e+01
2.992916446041517986e+01
2.897770675699435472e+01
2.875483618967403743e+01
2.969651767888637650e+01
3.005840965195432801e+01
2.925973852032438671e+01
2.897379859056079354e+01
2.923235385534077224e+01
2.963863992383877388e+01
3.038867900751127138e+01
2.841037461908086925e+01
3.005247399603691250e+01
2.979645425846576856e+01
2.864702228540210172e+01
2.993644201214234712e+01
2.982377538253239990e+01
2.960361900155923465e+01
2.777498942691591921e+01
2.957391056130305884e+01
3.045417887998052109e+01
2.936853248210577405e+01
2.963015431696985402e+01
2.974338548099537149e+01
2.963574528854982759e+01
2.967682432987582430e+01
2.965185853810082861e+01
2.959312221128379150e+01
2.822377125650122309e+01
2.918158795114709392e+01
2.802771280891194294e+01
2.856637785250900308e+01
2.946513541855627594e+01
2.908745479041667537e+01
3.027554554695476341e+01
2.939874359230041989e+01
2.888227420516285093e+01
2.844041610652893226e+01
2.901959883502582116e+01
2.879901400820391899e+01
2.868303153257269145e+01
2.919129502549207089e+01
