2.548859236732560518e+01
2.567156224072499882e+01
2.516335699801133430e+01
2.509337098821720247e+01
2.517452359947836626e+01
2.452058998508390886e+01
2.546565815721383430e+01
2.456738950167477853e+01
2.437045762817681904e+01
2.500973321976042030e+01
2.461218121291140193e+01
2.513346896989590107e+01
2.455194190917020336e+01
2.492746265994447441e+01
2.474231705383681046e+01
2.481654387074213375e+01
2.467600089498406746e+01
2.499336027063696974e+01
2.426094652982549960e+01
2.524709655427394139e+01
2.517675893941467535e+01
2.536552453460356205e+01
2.559767663567831875e+01
2.527619582874557480e+01
2.403732948639727596e+01
2.442916895313300785e+01
2.393158217691924605e+01
2.401731408792861799e+01
2.451393050091474279e+01
2.473132682735061039e+01
2.523433853136086924e+01
2.552169180629046963e+01
2.488386174976334075e+01
2.453547003148661432e+01
2.522806507848683921e+01
2.515896603619576766e+01
2.525106895610313984e+01
2.493671832903985575e+01
2.523588802103183326e+01
2.510653260022609956e+01
2.521836986676314396e+01
2.521430814576520518e+01
2.450576828608519264e+01
2.373737560590006623e+01
2.560886779645309019e+01
2.516184018029808200e+01
2.474721512016227010e+01
2.343604402833222977e+01
2.530197456205560869e+01
2.509895504499297303e+01
2.433471245275672246e+01
2.514137388502271975e+01
2.490103625596770698e+01
2.481023252025221737e+01
2.488229102570507933e+01
2.568627494560058011e+01
2.449197648868222288e+01
2.425889240715235573e+01
2.505843786717584720e+01
2.472245659196765999e+01
2.438934157273353875e+01
2.445412513327222115e+01
2.420573944101854735e+01
2.493766577809413221e+01
2.477768300701889004e+01
2.398164277933609867e+01
2.359863633163326568e+01
2.435900391256356556e+01
2.534520188052557188e+01
2.510420079497819401e+01
2.511081942581709114e+01
2.542847412097201598e+01
2.513733667864774901e+01
2.485088323298334245e+01
2.553397417428629268e+01
2.599747794961577796e+01
2.543560213352046162e+01
2.494381434191472025e+01
2.531044726899218844e+01
2.466548951257517075e+01
2.491507330904424222e+01
2.484127910260961514e+01
2.469320441680840617e+01
2.508153775359599891e+01
2.566583033217495569e+01
2.486724197839686568e+01
2.420507555299764135e+01
2.521822884291562872e+01
2.538772760137249307e+01
2.495282859634349393e+01
2.448178139354313032e+01
2.486063171655755610e+01
2.621646115734311167e+01
2.507092040411261635e+01
2.533149721626145023e+01
2.480450590787217280e+01
2.460166679613307039e+01
2.483982740429985014e+01
2.436927639036341731e+01
2.530546338555225105e+01
