4.485257315740985717e+01
4.204094200273233639e+01
4.336394578822844181e+01
3.156023774558265060e+01
4.245059320207934661e+01
4.456974100409374273e+01
4.638327874592769007e+01
4.548185525749443059e+01
4.347922034774403954e+01
4.413462420343619641e+01
4.465154375349833060e+01
2.422914809150176652e+01
4.406874428602912275e+01
3.000112161270474687e+01
4.436743989986641168e+01
4.492672166574534032e+01
4.137858248906593417e+01
4.401254764925338492e+01
4.168407669440816932e+01
4.375541715174596646e+01
4.470740261030226037e+01
4.588360328665439880e+01
2.708383416050030590e+01
4.562000992581769054e+01
4.209891214525350733e+01
3.229902143468436293e+01
4.306749262354029639e+01
4.332359445456383895e+01
4.263201086324542644e+01
1.713428045979386027e+01
4.329631989228173694e+01
4.563093199589645366e+01
4.218780437111515624e+01
4.471075980669318994e+01
4.329847515470869013e+01
4.233875272298373460e+01
4.399357612832314146e+01
4.362094365567430998e+01
4.315345401500975697e+01
4.571119001900024870e+01
4.362169430464376774e+01
4.400292533838143783e+01
4.387441591569990607e+01
4.373633359112433538e+01
4.425077310490972593e+01
4.626264116096049150e+01
4.291791450195896118e+01
4.390745551214682507e+01
3.787286886734491276e+01
3.140841358292784946e+01
4.292963203014461726e+01
4.262512539944882661e+01
4.601454767836925441e+01
4.209193666688745594e+01
4.500397572663178636e+01
4.090113699522805035e+01
4.315051845169187317e+01
4.299676987835840691e+01
4.143026387660304977e+01
4.452388419778287698e+01
2.945463516351631128e+01
4.414491009291300827e+01
4.073673064340430017e+01
3.216547871903813416e+01
4.242189358939783261e+01
4.422150130438850368e+01
3.079772109269696401e+01
4.345495645775329763e+01
1.490865810224294918e+01
4.626216626787621067e+01
4.058907631430667351e+01
4.388021983154699512e+01
4.216313136758084568e+01
2.811343106471228381e+01
4.314536361460285008e+01
4.538727466776129660e+01
7.297719187828713316e+00
4.527042373877614523e+01
4.495333407222353372e+01
4.270319855873285064e+01
4.770060248340954701e+01
1.547097083919142868e+01
4.404593709024962322e+01
4.136948208233066282e+01
4.333303249496682952e+01
4.216097479455647346e+01
4.436823172301995299e+01
4.536096754161964384e+01
4.225722477690685253e+01
4.505881436067694068e+01
4.232782589459831257e+01
4.401358484828325146e+01
4.579171508775856836e+01
2.195791746572691849e+01
4.297588724168035412e+01
4.156349552851085605e+01
4.288955939121293426e+01
4.488145749448543143e+01
4.602761843857626189e+01
4.462805909460157494e+01
