4.153731732670441090e+01
3.940584497731963154e+01
4.072000599653416231e+01
3.950146103633037598e+01
3.973409591010216246e+01
3.943778427374230233e+01
4.047586469515242413e+01
4.021269964280764242e+01
4.112425954711563492e+01
4.000632309357902017e+01
4.048816978810373968e+01
3.943715638288576031e+01
4.057666432774698251e+01
4.042721678050416756e+01
4.311309508507451937e+01
4.033053569481971579e+01
3.987443120435542454e+01
3.999338161464639541e+01
4.021277404300577984e+01
4.134469134771646281e+01
3.921045252022478422e+01
4.004108968229243004e+01
4.016829694156428587e+01
4.161334474349960999e+01
4.240033487902512377e+01
4.078385003431143474e+01
3.982876610164917253e+01
4.039640372111929167e+01
4.110150316944246640e+01
4.081352595474214695e+01
4.160772860486302704e+01
3.861833783020409783e+01
3.900928010747681896e+01
3.864168985404761258e+01
4.102083993406257889e+01
3.836765778348292599e+01
4.213227297408749905e+01
4.036542381960033765e+01
4.029448640369832901e+01
4.030045371660439457e+01
3.978583406250815102e+01
3.984501137517455049e+01
4.080505556275204526e+01
3.963953211840001956e+01
4.007082696659837495e+01
3.988321488416074345e+01
4.184474366721708805e+01
4.045106009646092815e+01
4.044811118991665211e+01
3.999648973677124530e+01
3.943340608214823817e+01
4.330115410193405978e+01
4.097391696116846305e+01
3.902372511272024269e+01
4.045206570622391240e+01
4.056210824815538274e+01
3.853666095047774576e+01
3.974404798868877009e+01
4.055753184657160659e+01
4.116061732770794634e+01
3.982464098867798441e+01
4.088287618177225369e+01
3.987088532864580515e+01
4.109437729865336308e+01
4.133058769670685706e+01
4.035106634214251642e+01
4.188166943115802354e+01
3.917954334482300283e+01
4.107217882241049267e+01
3.835643442771037570e+01
4.156151904525539464e+01
4.137352118130603174e+01
4.127512229902903584e+01
4.030891292634729695e+01
4.089718422094915695e+01
3.915951836697475130e+01
4.077133823983108130e+01
4.087284279254923547e+01
4.146532811620935632e+01
4.003946139726627962e+01
4.117078727984192454e+01
4.031273084321384204e+01
3.871982302287201350e+01
3.835566304310675889e+01
4.074241856890368041e+01
4.048148668219717194e+01
3.610478283157410573e+01
4.146481214980740049e+01
4.057997223171388157e+01
3.791500037020510661e+01
4.044446095723986190e+01
4.108723082814566396e+01
4.009448946230314448e+01
4.029297870100781864e+01
3.808799583574859327e+01
4.123745848777080880e+01
4.027555350852595240e+01
4.199174539179056609e+01
4.066725442041770577e+01
4.111563860710421636e+01
