3.823733952441571660e+01
3.792469452128440111e+01
3.749241552315903903e+01
3.799895273985772093e+01
3.835588633234462463e+01
3.799857218943937198e+01
3.883439202024383974e+01
4.082217293293255977e+01
3.987894814760984730e+01
3.994345057400495591e+01
3.839081155676193191e+01
3.827930571694022888e+01
4.088253909707913181e+01
3.772001562948400988e+01
3.912172053617671708e+01
3.971552981583558761e+01
3.765465878035929137e+01
3.855807079814523064e+01
3.706373800984201239e+01
3.843989652437647919e+01
3.866551214897951638e+01
3.631192849524705224e+01
3.639958413383344293e+01
3.816512431293643459e+01
3.793088259163837250e+01
3.823968960471216150e+01
3.856819621220904537e+01
3.917754464758105826e+01
3.923389903993048478e+01
3.737692653355349393e+01
4.074987310565241927e+01
3.923325149142232249e+01
3.900939463899464243e+01
3.898586614822426100e+01
3.984789936792540743e+01
3.933202956165015252e+01
3.736565643014942140e+01
3.920567573084341007e+01
3.934311380465501884e+01
3.890197525435485204e+01
4.166156925236964526e+01
3.785933635005350339e+01
3.816967000965689039e+01
3.949401873545716057e+01
3.794762662024071886e+01
4.060662629173370419e+01
4.050625142895635378e+01
3.849380384785031595e+01
4.059917173747347618e+01
3.826347746051651200e+01
3.926294085312062521e+01
3.742126246350507301e+01
3.806943056217780708e+01
3.860461285223394157e+01
3.821309101852760648e+01
3.890277767038448076e+01
3.868458706653846235e+01
3.708708126549043982e+01
3.815927039588634528e+01
3.657205498045644987e+01
3.962897927017272082e+01
3.627974009222273111e+01
3.851432797674698350e+01
3.708399157713645167e+01
4.011934159478290240e+01
3.901508564146573121e+01
3.898202828692760136e+01
3.873874874561076354e+01
3.747869795497460643e+01
4.055081205728540539e+01
3.932346603723750178e+01
3.986295974372131923e+01
3.770320404051664553e+01
3.719827158247194632e+01
3.819350481960138666e+01
3.872349582956540814e+01
3.910128551951778775e+01
3.963673194188439197e+01
3.927509772754749662e+01
4.051775804149138338e+01
3.754669797016946831e+01
3.891184566455250859e+01
3.822131446760454310e+01
3.859571039246454660e+01
3.876768730971155463e+01
4.339530152240793370e+01
3.836804360941064118e+01
4.117014167354461307e+01
3.975384119584989406e+01
3.680798552915076272e+01
3.953078595923793159e+01
3.999232301771277776e+01
3.757498390151437206e+01
3.641842881396686948e+01
3.792762899963298651e+01
3.886327734337773165e+01
3.941583270795054261e+01
3.764917863528857112e+01
3.742271764133604961e+01
3.819925245236898093e+01
