1.419597283629039630e+01
8.526649807898639466e+00
2.980165011725351754e+00
6.630764177390835457e+00
6.597194899762037323e+00
8.147969891174097867e+00
2.729552737825059694e+00
7.637918494744408981e+00
1.119933205619357430e+01
6.041047783826638984e+00
1.859566547969626527e+01
7.298760778062973742e+00
1.371916089861053756e+01
6.624625459871868571e+00
6.341999620816899608e+00
5.411501157957425256e+00
6.774461441988855803e+00
3.138663165905374530e+00
1.537857938989916207e+01
2.836856842172151616e+00
5.048109256774591991e+00
3.222153509709697161e+00
1.124589841385843236e+01
1.069108846693967685e+01
1.249757350929434452e+01
8.235967437582470296e+00
6.810825607065743803e+00
2.002601973673289404e+00
6.868275329088217696e+00
5.545450133482579425e+00
1.308396227057964545e+01
4.438466872873436664e+00
9.718347478880192014e+00
3.778960205584167564e+00
8.844442345221750656e+00
8.466646324193447981e+00
1.251707025341810819e+01
5.080228615003385961e+00
9.125682461767494758e-01
4.700425636133870988e+00
3.373958089183003217e+00
4.186314854849985778e+00
1.073998214946788998e+01
4.148511180636452522e+00
2.115703873117924516e+01
4.120320061564256342e+00
5.462534293828106513e+00
7.919379514883535087e+00
9.761275324234867767e+00
3.659164063113981236e+00
9.632429563820060991e+00
1.930711053383729237e+01
6.194330865289613186e+00
1.893210095678925731e+00
5.575435215649268805e+00
1.401961055767608855e+01
8.467373807099432881e+00
2.965957970026986690e+00
3.302796388875304245e+00
8.200706378033045141e+00
4.744543334113640931e+00
1.485674047401602316e+01
1.330661209162918190e+00
6.628463893164760812e+00
5.432106645334239481e+00
7.901972543982799024e+00
4.930017887399356091e+00
4.644541157849429780e+00
5.511840478274971922e+00
1.108021639744752651e+00
3.383017154922107750e+00
2.203441339741052829e+00
2.028045441534410021e+00
3.729382229728854803e+00
5.381891921257349054e+00
1.314934862263700310e+01
5.341294452269543136e+00
6.549925980807868697e+00
7.634016138586637190e+00
1.122856013321618462e+01
5.071319130495350436e+00
9.448286279808447929e+00
3.090811754025998059e+00
8.805667278269838860e+00
2.500579881116646419e+00
1.618025950187843343e+00
5.917764736770275036e+00
3.347659294035181698e+00
3.173262144846683341e+00
1.286838846540346193e+00
3.667371210348394417e+00
5.738642012661909320e+00
4.473791211391080047e+00
7.339340415921832061e+00
5.957158778980617519e+00
9.004707529324223358e+00
9.683494996611688999e-01
9.076929207006250167e+00
4.020234121346032197e+00
1.053031002158488150e+01
