1.525207993848488819e+01
9.021776733570472828e+00
2.248787406497618946e+01
9.704489432592712461e+00
3.566212748792422360e+01
1.036540959792317373e+01
2.325149087473271692e+01
3.377236482155593933e+01
5.187994677395826315e+00
3.043510232288134176e+01
9.897007531662769253e+00
2.035855302228558728e+01
4.261771872030801234e+01
1.830136482853573909e+01
1.140368401566676759e+01
1.699434828449240342e+01
2.761821337907975504e+01
2.764983585178677572e+01
3.137058333965901369e+01
3.707416798200970476e+01
9.293005740430421824e+00
4.252169324997804978e+01
2.145731590079879680e+01
3.833750306396130014e+01
2.624242988049853409e+01
2.009458436890761845e+01
2.797290124930761834e+01
1.137689601031704001e+01
3.878959998218476812e+01
1.415306162267899381e+01
7.205134112268729574e+00
6.517443647667206186e+00
1.096182946169529160e+01
3.823836497430765036e+01
1.932416734749606491e+01
2.071089988155121020e+01
2.099156098950195570e+01
1.606700763223177830e+01
2.174687781445395984e+01
2.278068107079053206e+01
3.939942337541430817e+01
2.918112685285386121e+01
4.421825495415887985e+01
3.037797866942871750e+01
1.052143992802798955e+01
2.829901311522478125e+01
4.357264075534290981e+01
1.369283654125686311e+01
1.531212011803828688e+01
3.954967730994209063e+01
2.441819179387344008e+01
2.119355815945935717e+01
8.577163834556268185e+00
7.876835953253855216e+00
1.163147333519085258e+01
3.680061831552821161e+01
1.589249578854559175e+01
3.308376985747191412e+01
2.118503133841227637e+01
1.056602535623788519e+01
2.512789131851983626e+01
5.352620965662337582e+00
1.370359626852265400e+01
9.485196404837832773e+00
4.584192931556621176e+01
4.316497476500744312e+01
1.723789097548725380e+01
1.141125866804311428e+01
1.022448480480382216e+01
1.456687587545266993e+01
1.546242628024264576e+01
1.810031397783702189e+01
3.335910340617149927e+01
1.163204450310557192e+01
4.221559637909444263e+01
1.890514392368269725e+01
2.504628797078346025e+01
1.593697096892481824e+01
4.451269435330560498e+01
2.846785476009164739e+01
1.232293196602141094e+01
2.005461408955114777e+01
1.512758813407829095e+01
1.514307538266575470e+01
2.128620526264541368e+01
3.049584040466771384e+01
1.389579892681714135e+01
8.626105515648793798e+00
7.237131108634670795e+00
9.020601381668756247e+00
2.534680205301707545e+01
1.784164626479809712e+01
1.052750161333105439e+01
3.992586308558494324e+01
2.233435582250544371e+01
3.319295924543342835e+01
1.706121184773902755e+01
4.595527512798951619e+01
5.731923303638121858e+00
4.519793663030412034e+01
