7.193482374614947883e-01
3.949350010863675653e+00
6.951748635997316406e+00
2.961558776539527482e+00
1.857364202302093315e+00
3.305041620771348665e+00
1.043911512112946527e+00
5.392867221688573132e+00
4.751407714562880358e+00
5.363907703451852527e+00
9.799102630255410062e+00
1.135830143256130409e+00
8.182532372654947039e-01
1.356468945119416736e+00
6.133465412983171383e+00
4.627825992081668005e+00
9.159725389784332261e-01
2.857074618713761005e+00
8.849488965465672763e-01
8.943040600819106567e-01
6.616375707458783673e-01
3.814598356805580792e+00
6.363943231249707955e-01
2.785704465255781859e+00
8.524604521294092407e-01
2.169199067872782827e+00
6.864909952263731796e+00
9.859264500743060156e-01
6.234895038150718438e-01
1.296109981845986470e+00
3.750728796214656491e+00
2.392104872040166974e+00
4.579358343234673612e+00
1.814395846860050954e+00
7.568339638116196033e-01
1.123303557970054101e+00
6.687745332303929757e+00
7.936992825795804452e-01
1.081973220259417667e+00
7.931365753639896266e-01
1.195872008159435218e+01
1.058824817851375499e+00
2.878315525039125244e+00
7.388459053768257068e-01
1.367407180527918342e+01
6.545727818504836204e-01
5.147417999770899089e-01
6.128493321493022172e+00
1.127864171687160244e+00
1.890074968398591126e+00
8.486686006490529621e+00
4.330856218773713628e+00
2.334114701492887800e+00
8.593447544041358244e-01
2.596343934585107593e+00
7.809346014464533248e-01
1.124684541349418199e+00
7.539630052431958163e+00
1.679640860129590241e+00
2.420322375056342512e+00
1.150508625307317345e+00
1.711124335403377605e+00
1.855954246936817142e+01
9.284422178357688571e-01
1.920328741624944868e+01
1.497789083401476651e+00
1.530621410486271872e+00
8.521007018367646735e-01
2.676186641673746092e+00
1.962052617069028893e+00
2.423932099914930749e+00
1.333043197903877042e+00
9.477405468409901834e-01
1.104334819365132070e+01
3.072810043927823198e+00
1.233218226008780949e+00
3.936910131965427162e+00
1.839915002049254067e+00
2.128902775483823895e+00
5.717989063675943839e+00
9.399319229588695146e-01
2.197689332171270493e+01
1.008915020094234283e+00
2.825802841610718819e+00
1.979883544783408222e+00
3.996652280898875809e+00
3.132289205761621620e+00
1.985717356488699625e+00
1.813347579780163921e+00
9.198572958661587196e-01
4.027076449361074673e+00
2.321785647733351166e+00
1.886809158047732415e+00
4.700596332333691341e-01
1.747597377341140845e+00
3.303878037294007530e+00
5.860188030779267532e-01
4.983288942899060103e+00
4.015923040914134212e+00
1.299918023032250902e+00
