5.218144213222141170e-01
1.427110190316628557e+00
4.614432233494076385e+00
1.486298308141013935e+00
6.382340809188814523e-01
4.327252022199918891e-01
7.364411924295859002e+00
7.946099165533266895e-01
6.690183226693167118e-01
9.088083339546810802e-01
7.360135039963682235e-01
5.107606244841510490e-01
5.867471843446223634e-01
6.329427768741250349e-01
5.189394138942260426e-01
6.088823444727952117e-01
5.397369008549319780e-01
6.643493688832804445e-01
4.981124100259401999e-01
4.868799824854138647e-01
6.336180744857136116e-01
1.017006693323044075e+01
4.967960564549424030e-01
6.245476342471328879e-01
8.870381229765488484e+00
6.961636355957538935e-01
8.302801794471098562e-01
2.024927334835689763e+00
4.540505917350934895e-01
5.033022904010986398e-01
5.259514222741699108e-01
4.190579156932998095e-01
6.043622672372254145e-01
1.037435009603806302e+00
4.563216153647508544e-01
5.023684130523158320e-01
6.212559023685600978e-01
4.114379995565026427e+00
7.701427614348882456e-01
5.129051040465878231e+00
6.404728583045048440e-01
1.055417176200953433e+00
7.154647250786433377e-01
4.216780179349623459e-01
6.357053454634694623e-01
6.633146058782020127e-01
1.091335222452276987e+01
4.744180829512982811e-01
5.464336941480676391e-01
5.571870637282653194e-01
5.878787602985755534e-01
6.920966515599950020e-01
4.064494511539590293e-01
4.819725140268247721e+00
5.696137545606396735e-01
2.857811558961183440e+00
1.479006426793909368e+00
4.733686464022352491e-01
3.909433035397221090e+00
5.944243527915296088e-01
9.188484593720225746e+00
6.588331392394813912e-01
7.072501300811994129e-01
5.472540474630739338e-01
6.886053853034183048e-01
5.534527003801602563e-01
5.153843487686249336e-01
6.381967794845356812e-01
6.154814159855241940e-01
5.361014393005025802e-01
7.923878823166269347e-01
8.935189310949760433e-01
1.444578668790780007e+01
5.573725266269856649e-01
4.223786457476458311e-01
5.818827648281538201e-01
5.366092692571875489e-01
4.857712921633107195e-01
1.228485558854892634e+00
7.647668970979497605e-01
1.265351744848073778e+00
4.523544451296266367e-01
6.526388716290379755e+00
1.750813486178973832e+01
5.145444592738827039e-01
7.064939792104933947e-01
5.416695040625564284e-01
9.341817995959537768e+00
5.379650033473080128e-01
7.572561139714325540e-01
5.296339387954018818e-01
7.878411964054090610e-01
1.517129586148032283e+00
5.142907902787219321e-01
5.831155396563891813e-01
6.284619797610541125e-01
5.184721577498246914e-01
5.481349771878075705e-01
5.513078134499259653e-01
4.230588639358069947e-01
