8.472491311690346194e+00
1.117778039295869164e+00
8.473780882193369113e-01
1.042486553941241345e+00
7.932266357714393701e-01
9.111725692654227826e-01
1.005079583583440961e+00
1.123757244310777281e+00
1.080447952030960002e+00
2.350324226392898730e+00
7.685645687166738904e-01
3.420410065377465170e+00
9.045271938684575908e-01
1.117565782842309474e+01
1.623711309890112142e+00
1.936639209558601360e+00
1.116401590806967015e+01
1.057142691950695301e+01
5.966722807798540806e+00
3.765388901172865843e+00
9.578497069651846774e-01
2.457133536189055611e+00
3.550413825865751161e+00
2.281566973709029167e+00
1.005356288754038374e+00
4.251123199942131059e+00
3.872749476214030206e+00
2.340805994366246701e+00
2.488039382074715977e+00
3.421475024057502701e+00
1.185571459226366864e+00
3.729800925960433222e+00
7.623602676375536902e+00
4.891500615177624134e-01
4.894827385244116869e+00
1.104036458372752438e+00
1.965221122400978349e+00
1.718031026937938854e+00
1.401227467307526009e+00
8.069601815821940249e+00
4.539759227945816100e+00
1.794933134674904673e+00
1.453349720789377963e+00
9.154489953828728321e-01
7.129214387016997723e-01
5.363475183142663916e+00
1.965824261224627056e+00
1.749388199541389133e+00
1.770566485071519924e+00
9.546109669714972767e+00
1.407281109976398659e+00
4.165342118239180991e+00
1.967530504868973518e+00
8.805817511192207903e+00
1.576885450106020103e+00
9.861775481812781186e-01
9.690544907812985720e-01
1.833405420085673088e+00
9.402976985195625748e-01
1.010780148389678246e+01
1.312543698865341568e+01
2.689080059803567124e+00
4.558730968801676831e+00
3.066196166073522189e+00
1.054286767352942578e+00
8.885987229532895881e+00
3.492006080347482389e+00
1.578033763317329585e+00
1.254061784778740751e+00
3.727654940083909629e+00
4.399630898898542419e+00
9.052321056847678626e-01
6.744774853190533825e+00
7.772511154829888635e-01
1.647092803723442245e+00
1.223973642146170437e+00
1.802259617726636121e+00
6.256786351437501059e-01
1.362726784077897157e+00
3.899381370998157958e+00
2.797021517627683362e+00
5.111491907578175287e+00
1.660701968945345053e+00
3.974159079699851826e+00
5.474703341445298577e+00
8.196214973538176185e-01
7.009203644831226931e+00
6.189378098318835120e-01
6.884375979576905280e+00
7.244141136355508603e-01
3.228409633058325401e+00
7.014359198213100832e+00
1.089753985078485066e+01
9.491675862764481053e+00
9.197429685028647439e-01
2.189757922341697416e+00
2.365351157959965533e+01
2.316884535669194722e+00
5.333940535513339576e+00
1.164087412347055928e+00
