1.859668739337851262e+00
6.142941829348100846e-01
6.604663362962241990e-01
7.779483465514768215e-01
5.828237196107115548e-01
7.201231419432521097e-01
1.927781346339541457e+00
5.796659218093154209e-01
5.152305989796530650e-01
2.836496514527543589e+00
7.582068224511783860e+00
8.846695749653148422e-01
2.736948993273327968e+00
6.688348603569563844e-01
6.944787119704888267e-01
5.256249191178548053e-01
4.917537040737198217e-01
1.100359178974972041e+00
1.088098397493135749e+00
8.700565854948579814e-01
7.106868909891654873e-01
5.531771286711875124e-01
5.149621862900519709e-01
6.301662250376212082e-01
5.379071587355114259e-01
6.186268757013960728e-01
5.740819406715291784e-01
4.916079840349223407e-01
1.145781375366064170e+00
5.901668294308594076e-01
1.057965432882412404e+00
6.726679561884835179e-01
8.922696922446241574e-01
5.197101096570145851e-01
7.271658792469639643e-01
1.881509030592743104e+00
1.424020246219577901e+00
7.342754138400372499e-01
5.197548166467285125e-01
2.928198746634790961e+00
1.164751503300325952e+00
1.185019348767858416e+00
6.562127518366887013e-01
1.316598375064022663e+00
7.580564503467190907e-01
5.124574810005660730e+00
7.625914236578997807e-01
1.020091358726390673e+00
6.588771718147971024e-01
1.653738717289877647e+00
4.778677481166213048e-01
1.478630818727890883e+01
2.136715109606310392e+00
1.025749333260148610e+00
5.451999080511292783e-01
1.416116565812179484e+00
6.376097151725540479e-01
4.706644502178646272e-01
9.577865045504549979e-01
7.735076312208215565e-01
1.832089665221630304e+00
4.518440848266698784e-01
3.691344383875072133e+00
6.007805604286491352e-01
3.903500371510760236e-01
8.048439730979216611e-01
5.199082775692814851e-01
5.560348163149996248e-01
9.486224385738345477e-01
5.574415843476817622e-01
3.541063779965475167e+00
5.552319615003108444e-01
7.672230052100420528e-01
6.949540993323322091e-01
5.341458051394218920e-01
2.156529262953255532e+00
9.055006991551297624e-01
1.281219926533150977e+00
1.872025274542285844e+00
3.161067227802612400e+00
4.491437256713252668e-01
1.498996529606937145e+01
2.943095127873404326e+00
9.516500017883127160e-01
2.035135086283481609e+00
5.861696781124550171e-01
6.851719873733643773e-01
4.688408329092754734e+00
1.092021098128459711e+00
1.142906566776197064e+00
7.034394242483147375e-01
2.327219656622784072e+00
2.309964524610635728e+00
4.482943696675984135e+00
1.868704403905207867e+00
5.563582841725723815e-01
7.595264903367954235e-01
8.043775345449235559e-01
1.495501678869362916e+00
4.392936546656594499e-01
