7.949671698020991384e-01
4.903696641542102386e-01
4.939137088227023575e-01
4.596248303240049182e-01
5.109142266990025494e-01
4.667731399630041245e-01
4.446797893601065477e-01
5.459913163742564635e-01
4.641712542699485411e-01
4.533184833666255020e-01
4.854282790808899239e-01
4.756201323194544361e-01
6.165306335931869386e-01
1.677011393756777879e+00
4.794674805282997387e-01
5.749291964132976496e-01
5.482959458827486587e-01
5.702652545668041029e-01
5.774154411038852075e-01
5.859733972836416172e-01
4.262118792625869013e+00
4.640580650793754702e-01
5.436015435700896070e-01
4.514223440494276596e-01
4.945384278117775367e-01
5.649215241678057220e-01
8.665566479058817162e-01
5.277614957621818981e-01
8.784587519939535127e-01
5.016607498872497350e-01
4.560717574094047544e-01
4.400515286385446312e-01
5.637488406400487095e-01
6.785858395560154799e-01
5.383198637994915936e-01
5.762928648296461454e-01
5.594744284710746474e-01
5.902666043474222857e-01
5.077613243684665489e-01
1.353110104589084095e+00
4.883505952732440369e-01
5.343894728507134317e+00
8.969513199137401083e-01
5.297272258560640212e-01
4.524709104694085160e-01
6.193171077027266325e-01
5.104606545077542412e-01
4.659041898255741887e-01
3.216711599821536982e+00
4.729105845481705872e-01
1.873119692620898835e+00
4.483504834786487536e-01
5.708806388009008970e-01
6.037601271574953854e-01
6.506974115462880182e-01
6.384963226078080867e-01
3.946457175283340502e-01
4.683655581837449788e-01
1.424336000539640601e+00
6.057338496841689901e-01
5.529603110129261978e-01
4.360524865838086850e-01
4.811840544309898271e-01
5.588455139184810294e-01
5.602827693488400262e-01
6.188621344295575089e-01
5.120020264798278431e-01
6.039858941965701167e-01
7.598649954893114122e-01
4.467683852287291923e-01
5.921604511095341916e-01
5.144308795274973312e-01
1.896094976908141216e+00
6.246227500006594768e-01
6.848206268714267519e-01
4.844388475429949881e-01
6.252725554866118252e+00
7.637031176331483540e-01
5.005232214634102172e-01
5.770401414835245602e-01
4.853320785148235172e-01
1.875811360706944209e+00
5.802997729253647208e-01
5.415439004464353001e-01
1.769594763445330399e+00
5.163288471381812794e-01
7.981128620814214036e-01
4.827145859618647283e-01
1.449269078045650971e+00
5.236646596927292396e-01
5.348793281621464502e-01
4.128006801275130311e-01
5.399935550533174755e-01
4.562429681561413486e-01
4.464422191267908846e-01
5.413862997657755693e-01
4.864208259595022565e-01
7.193509747476266591e-01
4.928488716674899739e-01
4.943329154819233184e-01
