5.486633644124332410e-01
4.950060908801262038e-01
4.633236573266749092e-01
5.666555040133743892e-01
5.353712278078432973e-01
5.005502914090557143e-01
4.289481063173672948e-01
1.867442479442741332e+00
5.466834892879787189e-01
4.983526786219533156e-01
5.205348140567216397e-01
5.080396825725308485e-01
4.990589823820599236e-01
5.205885817261934889e-01
4.840523138674258097e-01
7.960477881827365820e-01
4.913253107532611907e-01
5.132398527676481637e-01
5.504136432962537517e-01
5.153990280812316138e-01
5.225241856313701527e-01
5.510466203152839526e-01
5.517292241511636552e-01
5.644809949917685143e-01
4.539552473666025878e-01
4.852123449635883934e-01
5.435204421595973834e-01
6.296023288356956682e-01
5.133609861886877512e-01
5.629275243735921697e-01
4.755323253177825005e-01
6.668828425101006596e-01
5.541983161786666612e-01
6.292127894337100624e-01
4.754926621307168366e-01
5.670425152086377985e-01
1.470902598805807093e+00
5.651696088529833961e-01
5.562592321605488443e-01
5.717796547646663008e-01
4.601396925489310008e-01
4.790618432914302560e-01
5.392401448192160052e-01
5.040818705970822045e-01
4.983214403656825553e+00
4.562016514676889289e-01
7.657788123677617964e-01
3.909576045808899059e-01
5.251723629803976001e-01
6.285749789969877765e-01
5.121950796878327328e-01
5.527473680223397023e-01
5.899576052136364934e-01
5.564673903735984917e-01
6.288283572335856553e-01
4.542346641767207038e-01
3.956339791968104813e-01
4.742958058183018299e-01
7.088465013793775471e-01
5.378449960052551493e-01
5.938713209329095077e-01
4.418281294701588702e-01
4.707936117194626569e-01
4.322558280227980276e+00
6.075759262298192631e-01
5.182302647951342323e-01
2.051004156480447094e+00
4.650490797056983650e-01
4.953603661884807274e-01
4.965534887389636332e+00
4.933772086739292018e-01
1.082166822837046993e+01
4.576961305062762775e-01
5.331981345509024806e-01
4.438539213072182910e-01
5.615584355326398436e-01
4.362050089046863866e-01
4.820399980792980377e-01
4.435495081829349817e-01
5.024353249037841751e-01
6.688807808791906728e-01
5.252861174102676500e-01
4.900939292301074168e-01
5.141904539733392898e-01
5.648214367261892299e-01
1.479614777610852361e+00
6.158441525383886450e-01
5.249951159884449492e-01
2.774823516768143428e+00
6.907949446886582079e-01
4.966853681500664752e-01
4.771014375701472798e-01
5.140081463592635069e-01
1.853207836554282117e+00
5.432160144517390599e-01
5.476253777754112040e-01
5.436705582558640781e-01
4.558143632683201996e-01
5.574716759458270277e-01
5.188530244352891341e-01
