4.660539424272359676e-01
5.508326074635414571e-01
4.895300702633404999e-01
5.315168495428499451e-01
4.683372242525725149e-01
5.437131506879737675e-01
4.831923954905252838e-01
4.276555659037186707e-01
5.233455716372130695e-01
5.069543326859533572e-01
4.383038084796015976e-01
5.586444731992695756e-01
7.432967021388638962e-01
5.080616255793076741e-01
4.522569386198412866e-01
5.064693789515855027e-01
5.669439213176739045e-01
5.697061788231438939e-01
5.119780770347286403e-01
4.639384561763578163e-01
5.270218615764519221e-01
5.294560721461541997e-01
4.511264732285726331e-01
4.865297313292980541e-01
4.550436793901765364e-01
3.012982569609104821e+00
5.567700198585332494e-01
4.696220021098902464e-01
4.719905226500324402e-01
4.952390325667565540e-01
4.876900855766100329e-01
4.660780111696585792e-01
6.416638483753381861e-01
4.663576741030758810e-01
5.295751435664969309e-01
5.665392322883890941e-01
4.632717501055060305e-01
4.842598578159528766e-01
5.401647407588958671e-01
4.812678735587547774e-01
5.049830009226735639e-01
5.321660548887723330e-01
4.794621100295922145e-01
5.011021451406656446e-01
5.291315581501053744e-01
5.591022523098748698e-01
7.501651906901213307e-01
5.208424907721002084e-01
5.353019565666565782e-01
4.669573814948478341e-01
4.362402140793044114e-01
5.076707795632444675e-01
5.096824731463963642e-01
5.658745810887397809e-01
4.922642131080136596e-01
4.508620291145547521e-01
5.432597448242808547e-01
5.478359114505572114e-01
5.342364387498499401e-01
4.268543808066106449e-01
5.593952364096916874e-01
4.677728985341069179e-01
4.774666239942755297e-01
4.839322952161647096e-01
5.848461538024093409e-01
4.769126534620073965e-01
4.234291782075708110e-01
4.896865549584077382e-01
4.656912030161381444e-01
4.246655671701325963e-01
4.772860577028604778e-01
5.388748975187455104e-01
5.051277922911553420e-01
1.598792958782843110e+00
5.094484771376466270e-01
4.573594811438470020e-01
3.985747698119403437e-01
5.103810577393987913e-01
5.217752571877068979e-01
6.214050042663123996e-01
5.707269263991698871e-01
5.757541129961885051e-01
5.062531505122966902e-01
4.300661633947322482e-01
9.430077764586882738e-01
5.093130413803774736e-01
2.227525317181037412e+00
5.762390196631097528e-01
4.830918162411244055e-01
4.777735532759269099e-01
4.903049604864360700e-01
4.913340222516272560e-01
9.162016294214639922e-01
5.079024571504574537e-01
5.167044750597067360e-01
3.841206991064982090e-01
5.393131540027289450e-01
5.932630428916897403e-01
5.343525933613846313e-01
4.896179466181473372e-01
