4.839269726812225336e-01
5.798962700207177523e-01
4.216290941498652689e-01
4.897928933466640933e-01
4.565948522261338849e-01
3.854555633505927670e+00
6.189376399529885608e-01
7.577622733920073017e-01
5.974576996104075111e-01
3.678165571386331045e+00
2.947482960188971379e+00
6.017421557531806853e-01
1.312223927097590614e+00
5.889986980885463241e-01
1.257782961126718613e+00
5.141054597605835275e-01
4.383781580726160976e-01
5.140289748739177433e-01
5.449906342968401374e-01
5.163884473568089994e-01
5.718936902505827868e-01
5.668848318687418342e-01
7.432364137252517322e-01
4.636315726056232656e+00
4.631346440507152495e-01
6.266962569490943658e-01
4.794216834571936592e-01
1.696876626830385870e+00
4.671203034628730322e-01
6.052244899078156326e-01
8.478867055210227432e-01
4.698655879286790515e-01
2.278406952840720923e+00
4.939861637974634623e-01
5.109123192924429624e-01
5.775907796230417279e-01
4.858046900208501384e-01
6.578547513653006940e-01
5.486533894007351586e-01
1.071177156998193158e+00
9.647739361925947721e-01
5.124277189490450413e-01
5.083632774169025703e-01
4.454243897702974131e-01
5.039418388908456503e-01
5.330471472571446379e-01
4.925035747693377597e-01
6.417242925273249909e-01
9.599515741423882975e-01
6.253487430329431884e-01
8.910169332211546056e-01
7.286838121170281513e-01
4.905144030426735191e-01
2.635831781044945643e+00
5.895235846273882974e-01
7.658815457604610799e-01
5.135604860395741600e-01
9.706539334928919738e-01
5.029555494748866318e-01
6.184259966834310118e-01
6.320270025918697243e-01
4.983085250539988742e+00
4.832051663667250585e-01
5.623760771491554955e-01
4.932586366128614563e-01
6.214965136275329982e-01
4.844782062510452625e-01
4.406728711137062326e-01
1.972792998694068345e+01
1.439464867484881783e+00
4.935152775720246798e-01
4.601037597017449410e-01
7.419610878475848548e-01
8.037039009825210911e+00
5.740234572840797744e-01
6.356988944876698078e-01
6.553923907669334525e-01
4.423108135312463496e-01
5.275991631264074222e-01
5.346070645780905961e-01
4.875789012352000906e-01
6.110734258707153366e-01
4.792787503715760788e-01
5.296962845804491504e-01
9.711434886903294039e-01
3.995944809460804659e-01
6.148618972282731132e-01
1.376305312515035739e+00
5.279470889596538097e-01
6.057634762712348353e-01
1.512339642603376610e+00
5.471442891419907584e-01
9.475383108912290853e-01
6.627381535741940777e-01
5.353464811830542791e-01
5.502868156947392508e-01
5.417876724156326373e-01
5.097864635205172634e-01
4.752325077813553955e-01
5.320051917127883723e-01
