2.151791920984994277e+01
2.131027748754950935e+01
2.193435219936991842e+01
2.090976889747453882e+01
2.099658398505794210e+01
2.113772765817917687e+01
2.104075257854905701e+01
2.101620367764695985e+01
2.089217670271721161e+01
2.131293144373529813e+01
2.123985618584401180e+01
2.081864622453469593e+01
2.112482325736037936e+01
2.120916282643640116e+01
2.102164712538894165e+01
2.099720161809088026e+01
2.105570716630134243e+01
2.124266909497906042e+01
2.146680402172989588e+01
2.088668100620935064e+01
2.163219298235943100e+01
2.142291605248362885e+01
2.123559017856105768e+01
2.166021906347592463e+01
2.134705954625761848e+01
2.165065402835167774e+01
2.091164188292280457e+01
2.129262360526980657e+01
2.154641308161390256e+01
2.071157884180602693e+01
2.156292013824335285e+01
2.150807124706490470e+01
2.098855646422781618e+01
2.113289877101486880e+01
2.072864725372736316e+01
2.175160586861543166e+01
2.120385403867470231e+01
2.162560487530810605e+01
2.055262899459017234e+01
2.123456143902417637e+01
2.115990438151449382e+01
2.101217187402123798e+01
2.147372494139595744e+01
2.130054696074032350e+01
2.112874642083915688e+01
2.203237717367083803e+01
2.152097658870768271e+01
2.148914106785920097e+01
2.112359225361047876e+01
2.067077272374485375e+01
2.101355373866195109e+01
2.105528092618156677e+01
2.105544425589577173e+01
2.173534708315911601e+01
2.229867770032953089e+01
2.116815027604470956e+01
2.089039932379174402e+01
2.126625624129475867e+01
2.161679298559598905e+01
2.180551905263507706e+01
2.167212738055449961e+01
2.164326073152302143e+01
2.149215129145450121e+01
2.062861308446047559e+01
2.096312322956388030e+01
2.153469294581622862e+01
2.127218807123092503e+01
2.164558956030006698e+01
2.143542193532002216e+01
2.130511460602476248e+01
2.079266086103488576e+01
2.198885503912164907e+01
2.137790105076485148e+01
2.164127338432634318e+01
2.067903578278306043e+01
2.098122793626699689e+01
2.145378661576816981e+01
2.155153326665447011e+01
2.139164583203476155e+01
2.113107033087742437e+01
2.079113527646404336e+01
2.171644699261084810e+01
2.134345966006586437e+01
2.142345720763696093e+01
2.152168932141875857e+01
2.111194912351442454e+01
2.158204278315180602e+01
2.146409045207243338e+01
2.113188828941228081e+01
2.176812676525082324e+01
2.139764884573058623e+01
2.080394986827655401e+01
2.168392662396961157e+01
2.122365930834219938e+01
2.104948718017583076e+01
2.061535333474477838e+01
2.048046594153465350e+01
2.192424580825165492e+01
2.161315694309207913e+01
2.148403791522458306e+01
