4.690078685886458487e-01
4.579234480396144336e-01
8.122456485355357136e-01
4.846709768733900026e-01
4.656565103846511122e-01
4.381005378937368744e-01
4.470973616965444597e-01
5.176131985075528297e-01
5.591195260569716829e-01
4.644712359991159945e-01
4.334084460542774742e-01
5.557646826399736950e-01
5.419843955468337526e-01
4.339557027632122699e-01
5.618371649706832560e-01
5.593131341960867475e-01
4.310926364421939772e-01
5.559590164633573250e-01
5.310186662696662063e-01
5.440191978752968449e-01
5.755850084152035473e-01
5.496776864470763746e-01
5.041840583434555878e-01
7.878489937305291901e-01
5.453555338192335178e-01
5.364883294433553385e-01
4.125078710943965166e-01
4.658830375604562368e-01
4.473282430511190122e-01
5.018397291215134226e-01
4.973699434297004784e-01
5.111605022248179031e-01
4.768895756681215681e-01
6.270799361765329039e-01
5.209378526258783282e-01
4.789805683432241667e-01
4.903267727625312267e-01
5.654633297832810657e-01
4.931018943396639487e-01
4.497277212840547489e-01
5.458066508450034604e-01
4.622238742205975193e-01
5.054594008970628716e-01
5.648711236564410987e-01
5.879845199930117117e-01
1.200605594415636190e+00
4.120395420584429536e-01
2.205229077890929368e+00
4.786854823048678487e-01
3.203116211975888916e+00
4.847466068717258825e-01
4.903350966272784772e-01
5.495287853141350709e-01
5.724440358931074391e-01
5.028970639798634457e-01
4.798858382283486823e-01
5.476272706337149687e-01
5.738373599681152459e-01
3.996739437277312956e-01
4.390420064283765966e-01
4.932886483131068145e-01
4.696409204331125631e-01
5.226018115020484300e-01
4.999405188234973263e-01
6.067708173274524164e-01
5.578058751540465598e-01
5.838382478377488471e-01
4.918474015025499080e-01
5.159966269577310749e-01
5.242810701381880323e-01
4.792891992878535179e-01
4.661388254149590460e-01
4.864602704649191312e-01
4.602113166244411468e-01
4.972301050181949233e-01
5.515963565488671838e-01
4.738460499669612802e-01
4.643811125006787055e-01
4.671359830133926527e-01
5.414562912857679988e-01
5.407776130585454366e-01
4.602969951586950992e-01
4.691099212427549126e-01
4.728985087496366813e-01
4.645289310704808217e-01
4.559920628380439434e-01
5.277145037911973313e-01
6.071033214870928951e-01
5.719284990343106445e-01
5.159260246463822641e-01
4.464200697153832276e-01
4.881810657186637648e-01
4.609190737170263397e-01
4.930345421643348436e-01
4.700937200541471239e-01
5.848435147682823354e-01
4.603536697905887265e-01
4.842628499286893984e-01
4.435157627640406997e-01
5.129624366999530061e-01
