5.289185435646019950e-01
4.873302759065361034e-01
4.587634932251150599e-01
5.466676895662681002e-01
4.938822355185264468e-01
5.264710066651713261e-01
5.725889313497798394e-01
5.131138156512993209e-01
5.659584930553441806e-01
5.269432767047466104e-01
5.562937180457296904e-01
5.933977485713086697e-01
4.296283426149458129e-01
4.692585432639010401e-01
4.729319725443240086e-01
4.784780813384662546e-01
5.539033992738928713e-01
5.855641002007127005e-01
4.460192361177850451e-01
4.598845622299974067e-01
5.463786614044768841e-01
4.600017447392690806e-01
4.921378817122929461e-01
2.155473009127450101e+00
5.408806992069551400e-01
4.428919772471663352e-01
5.526056488662829391e-01
4.938817156842961742e-01
4.623980636645432241e-01
5.573185841196292012e-01
4.813155409452827271e-01
5.211390978773666749e-01
4.666017964401267260e-01
4.646640889060930091e-01
5.217897300714430253e-01
5.293001300167538004e-01
4.989129389952909888e-01
5.483225567544913748e-01
5.124591275706897875e-01
5.148054932186051369e-01
4.972119859902884853e-01
5.227842857564617418e-01
5.821189787689233786e-01
4.209848505902790694e-01
4.182994773563378232e-01
5.213512894854195334e-01
4.675732222599618404e-01
5.094976726573525738e-01
4.905377783260725377e-01
4.370385602833230521e-01
6.301496296442881118e-01
4.878279927490209444e-01
4.110493447675897527e-01
5.214025589526475324e-01
4.372497458532825232e-01
4.213237434397762993e-01
4.806690078584776593e-01
5.145471740251039705e-01
4.494494080191974161e-01
5.243738998630405046e-01
4.744330382570847715e-01
5.199164808461627096e-01
4.678482477663991057e-01
5.176170501934448387e-01
5.459061673906988599e-01
5.616163626338671611e-01
5.054247309297975610e-01
4.994580926502455442e-01
5.257192758385585973e-01
5.457696667563495252e-01
4.584521302444365398e-01
4.674719992837333971e-01
5.161078692127013534e-01
1.799979972684956664e+01
5.053956850599897743e-01
5.091321517850856404e-01
5.219647823539389497e-01
6.476054119904820494e-01
5.501552810048867537e-01
5.511378545434181264e-01
5.182260195916246204e-01
5.030711605899702565e-01
5.663278087522891635e-01
4.788347514437835128e-01
5.343968114583259599e-01
5.520205736231078575e-01
6.372022164970275737e-01
5.130321373347045411e-01
5.733122803019883307e-01
5.374368464595928874e-01
5.019176937362936908e-01
4.942990176441350858e-01
4.701165365069506219e-01
4.781916038243640976e-01
5.297547967337806751e-01
4.370445851203402232e-01
5.651279800119811680e-01
5.221468725232633057e-01
5.376915570038204306e-01
4.801144417784363738e-01
