4.921241127793637427e-01
5.275322240136243179e-01
4.729529612046911025e-01
5.670473348507282241e-01
4.837276103178591025e-01
4.506143278921606043e-01
4.803018348780823676e-01
6.094778366905870826e-01
5.078344098360869641e-01
5.038579196011765404e-01
5.156017155009868791e-01
5.322950381647474360e-01
6.054294358510806662e-01
5.641673870077279496e-01
4.728243026581531172e-01
5.447929262129969086e-01
6.202632213238498116e-01
5.276372413613550361e-01
4.390328111132555944e-01
4.601674695137136784e-01
3.657847227152722924e-01
5.321248495538667411e-01
4.744902543623228386e-01
5.211845780693450392e-01
4.597756133225694430e-01
5.044311303235590183e-01
5.695328184920912529e-01
4.359706014343782687e-01
6.806049838999638224e-01
6.981172309274020549e+00
4.739388209589536216e-01
5.491297109779756935e-01
5.252361037685603362e-01
5.436344340674631459e-01
5.903133169077026121e-01
4.730892273521924429e-01
5.099948419649195097e-01
4.595981931027359191e-01
3.985221149481469327e-01
5.363755363171657242e-01
5.275593206085145148e-01
5.030736953719189275e-01
5.248213287610559163e-01
5.115422257430708441e-01
5.234464860861939295e-01
5.406979667519420385e-01
5.725979225822706020e-01
4.928821636558970987e-01
4.953960337583049878e-01
4.901273424208801854e-01
4.443991056298947639e-01
5.021401178238471541e-01
4.669735473182137775e-01
5.119654677913192398e-01
4.555254569167978551e-01
5.781757993915153104e-01
5.090416069241190389e-01
5.183198798016042108e-01
4.784785196025101439e-01
4.344432445338898274e-01
4.924084342363174160e-01
4.938848249268200097e-01
4.839444523150162603e-01
5.119937974721220364e-01
5.928800034736784186e-01
5.498258354476329712e-01
4.847069201214229128e-01
5.259790677863537267e-01
5.011498497300058697e-01
4.449435090948781202e-01
4.891602552095020706e-01
6.538451059305310231e-01
5.465996042498306728e-01
5.453292776237593786e-01
1.102239086097629439e+00
5.617993973801401753e-01
4.750071498319599628e-01
5.174081345541987620e-01
4.162945323405100040e-01
4.453546754666254937e-01
4.664961629115160768e-01
5.135628869892201465e-01
6.271550808029142665e-01
4.602024236420199088e-01
4.505948522063970008e-01
5.250785496013000708e-01
5.398374154402760805e-01
5.010003726062972618e-01
5.096970948323682471e-01
4.832756669327250010e-01
5.235363521654008423e-01
4.877225098322383046e-01
5.883618289440527560e-01
4.975188343465264951e-01
7.377619227349777598e-01
5.890993625444193027e-01
4.448262021270547040e-01
5.557982567540691310e-01
4.995269736859899168e-01
5.274721120191868673e-01
