4.499177580697690804e-01
4.556205235463156589e-01
5.228012493316122056e-01
5.365402014905121808e-01
5.408885331629635917e-01
6.157741290178414539e-01
5.439946369069046384e-01
4.905033578987993415e-01
5.109767497897228505e-01
4.871365309327346793e-01
4.895962497386265877e-01
5.043241566094914807e-01
1.745482640505292116e+00
5.297282285256716960e-01
5.314383101375715901e-01
5.770783739390054068e-01
5.124055471803078410e-01
4.517327236138700131e-01
5.838141759577339940e-01
1.053744230517387637e+00
5.721330119809902026e-01
5.592027458782470317e-01
5.211587859156070479e-01
5.195864714540558982e-01
5.145042930257990310e-01
2.383389693609660576e+00
5.534253013426241319e-01
4.456901017195798453e-01
6.362454434176741946e-01
5.027247528294563894e-01
5.814110905293142784e-01
5.591908813701370606e-01
5.914423906092456384e-01
4.426281592942932219e-01
4.439894275731027795e-01
5.127687726620135944e-01
4.643240551854558307e-01
1.104669016910424517e+00
4.856905453298135389e-01
4.647471736475819459e-01
5.559348471544365289e-01
5.026043605385083213e-01
4.827757556667153782e-01
5.234936874997022649e-01
5.039155043476039042e-01
5.201330528240774020e-01
4.569363412041432260e-01
5.812530174167803709e-01
1.008646911710338046e+00
3.425253823120766317e+00
4.948774043891505658e-01
5.247249481733594623e-01
4.922574681706149979e-01
4.515812441184158255e-01
5.109727310928623423e-01
6.312352062893709093e-01
5.613544664062029010e-01
5.372198628474529336e-01
5.627102998051511928e-01
5.478550379121642777e-01
5.840331219722572076e-01
4.671644367453934854e-01
1.001395133570434082e+00
4.571974281881093227e-01
5.043042997423284879e-01
4.529475792578516180e-01
5.165941195679448761e-01
6.320227996002809601e-01
5.159306969503842932e-01
1.127963711177231598e+00
5.501403351978004785e-01
6.100387031579921349e-01
5.748063358869728301e-01
5.182167563771817864e-01
4.732182713811214914e-01
4.737396916329813523e-01
5.503222774517700921e-01
5.838133152212128252e-01
3.907057146714972840e-01
5.053784782070938064e-01
4.290719151254910324e-01
5.156495097917135340e-01
4.657220941542116188e-01
5.333945970210623999e-01
4.459431098347100275e-01
4.893266444699492235e-01
5.496179001903324091e-01
5.148287744651802722e-01
4.778214694093174675e-01
4.371771508905184511e-01
5.280461887427734258e-01
5.397486313712229755e-01
4.565176095472917583e-01
4.833768245153871601e-01
5.504073289360479349e-01
5.188612745417171546e-01
5.564723012090795340e-01
4.938210709115637420e-01
5.414173271100510831e-01
4.706359773676501712e-01
