5.173098671018382388e-01
4.982612578565184802e-01
5.312243264668525811e-01
5.296394474920153028e-01
4.901568573676712282e-01
5.796786797415988124e-01
3.899869737936282887e-01
4.359908147700233827e-01
5.453203254347976925e-01
4.672916278462737605e-01
4.608616412047952249e-01
4.477945342017567443e-01
4.379527836607232660e-01
5.233256853442562750e-01
5.409127559757727077e-01
4.458792235130157877e-01
5.034367464686249072e-01
5.161822895684265999e-01
4.464415696696347191e-01
4.716173607403870705e-01
4.841211818298793990e-01
5.093776904589945032e-01
5.002077676117402394e-01
4.067378432197544802e-01
5.347733195124380057e-01
1.010453998505058459e+00
4.911285045391854953e-01
4.317480404701394825e-01
5.208255047681749073e-01
5.043355212258973097e-01
4.895954109146993249e-01
7.897809602193543999e-01
4.955001490298656108e-01
5.293601316448116600e-01
4.384205759905685507e-01
5.761702478807443351e-01
6.521772472978094592e-01
3.993755838321411678e-01
4.595899143783365726e-01
4.540054326736497337e-01
4.698003073041224775e-01
4.419228632906098131e-01
5.454284065878928223e-01
4.533342444687061823e-01
4.989812710391310357e-01
4.906373307023780272e-01
5.223624716451154004e-01
6.087724520505339854e-01
4.688694903082809562e-01
4.984163906976261660e-01
5.880515494091442807e-01
6.293115709357544052e-01
5.572957164306562294e-01
4.476545383246967047e-01
5.135699829700002272e-01
5.739823254256175566e+00
4.938007953302689934e+00
5.267461955649392902e-01
6.700028849823626009e-01
6.652904933069891946e-01
5.539438408536925262e-01
4.142094330694144899e-01
4.744689688871839839e-01
4.783714876600471122e-01
5.308401235625471726e-01
5.270341014808374025e-01
5.954034377108078369e-01
4.485873270471273933e-01
5.374708221999221491e-01
5.435987911774246006e-01
5.305758338346869829e-01
4.977674486986579105e-01
5.070737156446543104e-01
4.932409192688022581e-01
4.833486801929657850e-01
5.580952111566268581e-01
4.655003333265778642e-01
5.205131933444580028e-01
5.122504359560060561e-01
4.944140411043431715e-01
5.302461915515350732e-01
9.534859598006937276e-01
4.739907021621076466e-01
6.679065905156154948e+00
5.190412421786874120e-01
4.842674689993545223e-01
4.888050874888145714e-01
5.071569836791126606e-01
5.161878363578419338e-01
4.855761006888770215e-01
6.059612576454057598e-01
5.344463501683412998e-01
5.377794428897066936e-01
4.952329025245139071e-01
6.241404405894875884e-01
5.758324825272412850e-01
4.909521147776553240e-01
5.666557149922210046e-01
5.217203155764487121e-01
4.852300123617647731e-01
