5.179389740684308130e-01
5.156725460728761590e-01
5.784304683344055897e-01
5.326420216247815809e-01
4.912214497916164713e-01
4.390031425357899808e-01
5.369820988693168040e-01
5.035211533780826754e-01
2.725994373515191693e+00
5.064918341341710928e-01
4.898463841468769786e-01
5.412671611250589043e-01
5.004956993447396973e-01
5.173830808636686873e-01
5.120449901912542678e-01
6.114262981224477533e-01
5.730303408140876575e-01
4.326739436862596100e-01
4.739449143834309486e-01
5.504337553986052844e-01
5.443488176297286429e-01
5.224627593781381307e-01
5.148469150806312955e-01
5.234834708623801180e-01
6.392129820048445543e-01
5.409803192560491691e-01
5.028175355404956859e-01
5.727203995506506828e-01
4.874575582566252896e-01
4.399034030931305295e-01
4.992566250254832361e-01
4.699784742913823976e-01
4.786259617792520960e-01
4.766063363259563923e-01
5.009519386128812313e-01
5.348862722834816230e-01
4.931648921094934912e-01
4.377845898998641849e-01
5.857949787849070500e-01
5.076838946232105076e-01
4.586583347928808729e-01
5.577861465454538870e-01
5.392946796815395460e-01
4.822076484574584487e-01
4.640792615844395175e-01
5.158388930830420938e-01
4.914379304881669741e-01
4.635451030814922713e-01
5.351031113667960026e-01
5.128192987522206536e-01
4.506334249805540315e-01
5.379444319642675554e-01
4.918209625833596665e-01
4.855177750357160260e-01
5.060270588923593271e-01
5.076551539003003599e-01
5.648529798252365230e-01
4.983714390541041928e-01
5.904173562564624111e-01
5.390489773890185798e-01
5.054661559901585388e-01
4.690095652091755274e-01
4.473613775643495716e-01
4.524110684512701042e-01
5.988498485424195161e-01
6.213966720739491079e-01
5.439792986914984141e-01
5.345207200824280136e-01
5.276929801845381407e-01
5.391147632104441589e-01
5.677954281629059574e-01
5.391405236313929761e-01
5.380328248826995452e-01
5.648420273694529925e-01
4.584647152450185836e-01
4.574093657380416955e-01
4.763868388665225551e-01
4.803167733933014771e-01
5.282386432453419767e-01
4.941829972665439663e-01
3.999224113602892205e-01
4.264734064619669640e-01
5.287271672282607415e-01
4.476604243545951878e-01
5.638810864417461710e-01
6.024812747949702674e-01
4.869482388529842165e-01
4.997060141023951796e-01
4.764181325324262084e-01
4.673766466980718293e-01
4.692617082421075003e-01
5.085662150177387986e-01
4.671618274957211603e-01
5.030055941835761546e-01
5.489438669891592015e-01
4.984832067495628682e-01
4.869740595129474769e-01
4.711749324994329302e-01
4.424844042590727611e-01
4.606346815553444829e-01
