4.785466517948065990e-01
4.915129054251409224e-01
5.751367772410498347e-01
4.666251168208315203e-01
4.950006491056859192e-01
5.180037660979494030e-01
4.934204101074932680e-01
4.038492661355502222e-01
4.739626665144522355e-01
3.958551990356924399e-01
4.642213325516461042e-01
5.038947565271898466e-01
5.399571077005567155e-01
5.349936499094206654e-01
4.684931610363572418e-01
4.888175236640514565e-01
4.512060674479596023e-01
4.303978841755233264e-01
5.045713115215090250e-01
4.755065255555613324e-01
4.612613701928725551e-01
4.833630192685158811e-01
5.560584016464378276e-01
5.200234567608518210e-01
5.548642167777393386e-01
4.924501897703526532e-01
4.452480337579946545e-01
4.957485434599456231e-01
5.348352995686610489e-01
7.022318441181989446e-01
6.717521718150150090e-01
4.801667620072359588e-01
5.747835849676212749e-01
5.047599340947483970e-01
4.946828753137622603e-01
5.157910931311697755e-01
3.891744707704830608e-01
4.134756733172569310e-01
5.586582457408054703e-01
5.513282849064123914e-01
5.253024275511454233e-01
5.784979826432901096e-01
5.246800129882283059e-01
4.410665992104558231e-01
4.810076614805015027e-01
5.479811185517913241e-01
5.119678660576639784e-01
4.587208131163991176e-01
4.868712433965022846e-01
5.152504965092076228e-01
4.943292890008632590e-01
5.532036278902010551e-01
5.521055430364926186e-01
5.617122916955321621e-01
4.987979768209697129e-01
4.838812443954452203e-01
4.429553554565853757e-01
4.970442326355070106e-01
4.419591757307844149e-01
5.323737531842281934e-01
4.718112415959319628e-01
2.849911553324088409e+00
2.700732908728014969e+00
5.325917614580538695e-01
3.875224608797957493e-01
5.080875748539330772e-01
4.367872577819302826e-01
5.051550628355453432e-01
5.371939800691489797e-01
4.778953827639932928e-01
4.664941843361280482e-01
4.954496845912986780e-01
4.817645629513512273e-01
6.331042909697767174e-01
5.262058101784147235e-01
5.692496462058059814e-01
4.140816994602489753e-01
9.965020907515865778e-01
4.871599054952944763e-01
4.871066477469160327e-01
5.866668691500528388e-01
4.571664186109241079e-01
4.996175484096621600e-01
4.949720891716341553e-01
5.276250504257714580e-01
5.609497211788899707e-01
5.679991549200428258e-01
4.512784316877409552e-01
4.499836489509587700e-01
5.549871572042018864e-01
4.636806326152142499e-01
5.189822789080177357e-01
4.481660992101195173e-01
4.845433946239398049e-01
5.271559133876426717e-01
5.131019560727465567e-01
4.334904965361399687e-01
4.634305949800813229e-01
4.958436412250454839e-01
4.814041620725094672e-01
