5.209687580533844953e-01
4.903078900625922332e-01
4.710020777088813060e-01
5.338993171658763526e-01
4.336134786185620316e-01
4.511992040119836567e-01
4.356440186411144611e-01
4.877988060473472109e-01
5.944226981655621467e-01
5.535141712866695762e-01
4.873926757287758149e-01
4.826623482919865649e-01
5.096188024105534620e-01
4.878589312620222884e-01
5.820453607551476782e-01
5.310602768608669866e-01
1.322094309407300106e+00
6.130759830629736173e-01
4.857621078295588646e-01
5.071055717296893972e-01
5.432322025396792986e-01
5.270553667973606471e-01
5.620881212723186637e-01
5.486680283339494535e-01
4.883004797835887589e-01
4.615865994871005129e-01
4.657862988885307365e-01
6.245845099159080815e-01
4.969790888072209145e-01
4.987782267270340908e-01
5.317085016146304577e-01
4.285353882215948707e-01
4.616196239307687743e-01
4.560949990766877682e-01
5.127041103175005166e-01
4.763895540085417157e-01
4.431596039873605952e-01
5.107835285561602712e-01
4.315844196864235260e-01
5.227727756140172488e-01
4.920479604837398879e-01
4.953208282247957839e-01
6.597281454449086535e-01
5.108911695291883381e-01
4.954379933270143810e-01
4.572730227249000579e-01
5.693699724289881248e-01
5.381496182040707010e-01
5.062995862749135600e-01
4.820468447477715412e-01
5.038758223712317408e-01
5.189236122959939301e-01
5.271375522134308378e-01
4.882709348122998838e-01
5.425271880355544418e-01
5.086392214818415969e-01
5.486645105924713439e-01
5.467374420850028560e-01
4.643442054202868152e-01
4.693720915646701908e-01
5.652222445303510812e-01
5.587208749398649976e-01
5.390175881930843182e-01
5.551067270584134627e-01
4.732116898770027946e-01
4.712566853011236900e-01
5.053560593652056676e-01
5.383796460044972809e-01
4.690346703949779261e-01
4.778364113819032477e-01
5.439498756290601644e-01
5.617198984111324567e-01
5.302336366481383845e-01
4.876078934910073048e-01
5.066088907519908924e-01
5.921554232851758970e-01
5.528144593893229430e-01
4.703736132885811272e-01
6.226521759460535987e-01
5.104412563259317359e-01
5.373311506257865133e-01
5.411443811714927721e-01
5.518431959626551864e-01
3.934140695950097966e-01
9.451321862236181648e-01
4.710353331794900900e-01
4.615966801446387824e-01
4.506189055882618977e-01
5.541174177623257036e-01
4.584083881152075102e-01
6.264201330887585462e-01
5.225123986627292494e-01
6.140204519366794234e-01
5.550470131976521504e-01
5.243882272185720339e-01
5.162201149474352491e-01
4.206895443285647573e-01
4.786246714840690086e-01
4.613990601845527895e-01
5.079498937807822578e-01
