4.930230014997227794e-01
7.789492859098523958e+00
4.985573391591190395e-01
5.025828698837776498e-01
4.201926200527834609e-01
5.680847811740987741e-01
5.890728153739503981e-01
5.212444954919339679e-01
5.402904478274228595e-01
4.962945920360936625e-01
4.985556847456272256e-01
4.137276448502240633e-01
6.701274968869943560e-01
5.583795460164846514e-01
5.719762132490024964e-01
4.470015253528684673e-01
4.898406079866453045e-01
5.204250017599419964e-01
5.072473621964499468e-01
4.730398197531573978e-01
4.552024511980801158e-01
4.908796965652024169e-01
5.007975530091235417e-01
5.715004738352060798e-01
5.920800331137471284e-01
4.528867868798269192e-01
4.748077848038637083e-01
5.925141633758387316e-01
4.247225676429109420e-01
5.051184345476695814e-01
4.782734832740038189e-01
5.323115517717096346e-01
4.656423016140017190e-01
5.005210054180155854e-01
4.697933093030783325e-01
4.831169083726289948e-01
5.830365453165585743e-01
4.882766792661030197e-01
4.616603759943799790e-01
4.794600678389998039e-01
4.852304711012398464e-01
5.683886878214160499e-01
4.983424323541728596e-01
5.945982061798504859e-01
4.671978664504229939e-01
4.964151728106621642e-01
5.050867990965244303e-01
5.215052511316593531e-01
4.750638150938688575e-01
4.941574301763944077e-01
4.429682426077110602e-01
4.121131615200274156e-01
4.838279493449367807e-01
4.853159594150667777e-01
5.293161533802600571e-01
5.090402197390497818e-01
4.699844233531622062e-01
4.716128723255556543e-01
3.927512809443278741e-01
5.783975794406175375e-01
5.471752008192416472e-01
4.818122481427883352e-01
1.128608774559345163e+00
5.247090575003883206e-01
4.365869326628148972e-01
4.931773306535736645e-01
5.391242158193682021e-01
4.566447141016575229e-01
6.175369848715490662e-01
5.203855787171107750e-01
5.214025485168716223e-01
5.330441912818253414e-01
5.178468121891158793e-01
5.320230699006358588e-01
4.571725915893169456e-01
5.033584965851380932e-01
5.529292486704899812e-01
4.574716604584113111e-01
5.293878377246669098e-01
4.899394831881228041e-01
4.946850173279492280e-01
5.040392871761016913e-01
5.107048362648876072e-01
5.036397755032899770e-01
4.616079873654772014e-01
4.905396779225058568e-01
4.319755609278111419e-01
4.672758568525403611e-01
4.785324371155652012e-01
5.592872763027491034e-01
5.148204109610048373e-01
4.943141655414082236e-01
4.683808367010439677e-01
5.474130490352189238e-01
5.102311480677362843e-01
6.403691983363923868e-01
5.219643887803608884e-01
5.083477825317885834e-01
6.000028145351650188e-01
5.104529146875496082e-01
