5.600677188825579078e-01
5.612555776002700059e-01
5.448055687164727878e-01
4.520138731082976591e-01
4.941068984827515220e-01
5.928896610165415026e-01
5.226408428966666797e-01
4.858705545326199582e-01
6.220844387049294655e-01
4.898274672182030276e-01
4.404908284438686650e-01
4.993842460619493107e-01
4.550346435249551513e-01
5.688331580930446885e-01
6.157512073933818497e-01
5.517625986533818416e-01
4.122124092457504774e-01
5.228962548139408639e-01
5.647623493694999830e-01
4.526676709870862125e-01
4.583689156853618663e-01
5.267906644722968323e-01
3.838105359016915075e-01
5.966380593389696285e-01
5.142324154607247344e-01
5.410545746999945171e-01
4.996086758521975368e-01
4.826661292144704962e-01
4.894682902028601457e-01
4.999645475491860669e-01
5.762241243507757460e-01
5.538187421521107989e-01
5.076316605021473638e-01
2.123422468681216646e+00
4.805436152117881776e-01
4.732740137791852097e-01
5.894676807969446708e-01
6.547654238081761502e-01
5.305888121604330765e-01
5.840309978849955730e-01
5.767758473948297882e-01
5.457539601967348331e-01
4.930626922678481572e-01
4.888892995232512750e-01
4.295967503331698523e-01
5.264174982430785965e-01
5.005909788245506142e-01
5.199652465894173403e-01
5.279090706740486860e-01
4.782780720315982226e-01
5.454819304433661253e-01
4.600804866397465998e-01
4.361460856806000375e-01
5.028324437796225510e-01
5.232153894990491105e-01
5.563340973167626435e-01
4.402912399819272071e-01
4.735371811751623028e-01
5.712618231025052840e-01
5.256855388719348099e-01
4.645271164851346724e-01
4.561928502063809510e-01
4.376658509583657986e-01
4.782325969165781565e-01
5.040211086884769376e-01
5.770347216059302786e-01
7.052313600637170055e-01
5.001856882198411069e-01
5.020175097846433232e-01
4.896076793057084764e-01
5.031416684880393175e-01
5.140956794948449149e-01
6.189600910700833181e-01
5.117882396975956816e-01
4.373084433891078482e-01
5.841359768448822765e-01
5.243548968604616611e-01
5.248569044726616450e-01
5.483448485283496376e-01
6.016238885724638497e-01
4.782161245790651494e-01
5.840761787262153115e-01
4.698742747108122231e-01
5.319543905545027762e-01
4.687135907313511041e-01
5.103603277477031241e-01
5.504102019810606095e-01
5.088752404729142143e-01
4.954756182712806711e-01
5.852538156269940783e-01
5.145564997437307442e-01
4.699554605282054154e-01
5.810849199735133030e-01
5.247993549127162316e-01
5.251472115274782304e-01
5.050318498430279579e-01
4.966064159537110778e-01
5.173902271100037087e-01
4.926204648733873426e-01
5.129785861269209324e-01
