5.194787995465831587e-01
5.022225861031993643e-01
4.810693159966478727e-01
4.847012503793350913e-01
5.501958935295581110e-01
4.773510296305966683e-01
5.501742827113458301e-01
5.194189942724704023e-01
5.307028783184589704e-01
5.805322962708882040e-01
4.742246371871328137e-01
5.172024370829420015e-01
4.715073487524130136e-01
6.010909059087571338e-01
5.217453689357531843e-01
5.757660123356046489e-01
5.460904783573237165e-01
4.679603414985068488e-01
4.562289465794770460e-01
3.897546813381694841e-01
5.771051512395962702e-01
4.856604201519679753e-01
5.025287668999340873e-01
5.321594186949354377e-01
5.452285581643646628e-01
4.991726551471073470e-01
4.843068369952513996e-01
5.090231775767427580e-01
5.349971878711156092e-01
5.421163708444363127e-01
4.838584442243297756e-01
5.301193251831364250e-01
4.964234416960113250e-01
4.847602385074087916e-01
4.975974875598540570e-01
4.625214631793463371e-01
5.708201954732813332e-01
5.605308686234578008e-01
5.588617853081517817e-01
5.038454419187669009e-01
5.548795878287249295e-01
4.803262482142418577e-01
5.465482721099857999e-01
5.437247160397957746e-01
5.587174466782754978e-01
4.131101935080550569e-01
5.455253903603600740e-01
4.525662786527090975e-01
4.954915721594328470e-01
4.503427965856962034e-01
4.531172778462284056e-01
4.839415655841619035e-01
4.524060656514912182e-01
4.818851906672224628e-01
5.540269169648620595e-01
5.612273746420390896e-01
4.882746838581625837e-01
4.852836509021572486e-01
4.676813713157308983e-01
4.103997570884294621e-01
4.732095750495146080e-01
4.984705183383607574e-01
5.545420198201084228e-01
4.851842821061352340e-01
4.901793843826324770e-01
4.427215971925558824e-01
4.602381087099570722e-01
5.392172974413971254e-01
4.831987435549057186e-01
4.999458013347263807e-01
4.979682839226699520e-01
5.113930363094381093e-01
4.636184502736112045e-01
4.888384914490159217e-01
5.422039279704322645e-01
4.978882558530680624e-01
5.573396525391087764e-01
4.985056509597455277e-01
4.762705123548791053e-01
5.523363403701440077e-01
5.955265885300712325e-01
5.132498037116373091e-01
4.752644238042592062e-01
5.136773682319680789e-01
5.551049783508875679e-01
4.939690810445508395e-01
5.563037447996730389e-01
5.611356149536553817e-01
4.859994255212327641e-01
4.920684505559724808e-01
5.799991824788723882e-01
4.497706084938246640e-01
5.423170163134625188e-01
4.494248549479720745e-01
4.636855125583789761e-01
4.828887792376204136e-01
4.780244538130953846e-01
5.569144048669538716e-01
4.632962052172528433e-01
4.917290282155308834e-01
