4.901946695811009169e-01
5.340687031610865665e-01
5.428887289340336153e-01
5.067640020405447254e-01
4.956109751446905465e-01
4.418559390864880698e-01
5.075460517328050924e-01
5.749567181194515930e-01
5.315651322827428249e-01
5.295455842132156254e-01
5.407189509060686960e-01
5.279599895816431410e-01
5.069921460625623766e-01
4.701714601568172114e-01
5.304464799597737867e-01
5.236789419636421750e-01
5.153411536738453647e-01
5.580998803815769849e-01
4.546111653032139377e-01
4.728416527610496134e-01
5.249920129472936958e-01
5.500915870313995981e-01
4.666493899263678413e-01
5.817351505487019514e-01
4.381375771302457034e-01
5.297742467594926952e-01
4.610663717400209638e-01
4.317409472219745359e-01
4.738407225949849422e-01
4.577027318857428972e-01
4.797753790645153393e-01
4.852397455368506751e-01
4.146621140075203993e-01
4.915979050146333518e-01
4.925529977973441276e-01
4.668857371227674857e-01
5.703331879475851407e-01
4.964014834710386292e-01
5.231980831705801416e-01
5.286474183668484761e-01
4.479138787927842147e-01
4.126612064958561366e-01
4.666518121235068706e-01
5.189114973831534527e-01
5.240752714816915292e-01
5.175861894943116770e-01
5.589180439197029004e-01
5.043378467234256313e-01
5.262723689162448482e-01
5.893010395470108520e-01
5.054268266989812020e-01
5.373879875231906134e-01
4.796007595820321323e-01
5.778962797300853937e-01
5.112132880858921702e-01
5.597240510371543909e-01
4.827781771477955286e-01
5.760750277860777757e-01
5.616907543336693287e-01
5.087879589606850717e-01
5.328879740522558528e-01
5.589492407819802722e-01
5.582820887974241364e-01
5.135162339522280073e-01
4.866533194930662276e-01
5.102258189368120700e-01
4.939229793356154641e-01
4.685183404109364291e-01
5.030534442522800465e-01
4.980139120940490494e-01
5.264444150352318719e-01
4.950755097626781676e-01
5.165418996121504680e-01
5.278499583517851645e-01
5.125221361315718260e-01
6.066503927298045884e-01
5.387646041053174573e-01
4.799119596986764491e-01
4.899021459231203690e-01
5.583993753363233337e-01
4.951648520676923404e-01
4.597916247993716343e-01
1.386733795475630027e+00
4.971910112005465399e-01
4.340337212948449652e-01
4.379994065902558797e-01
4.194078690099330986e-01
4.531925555657737581e-01
4.479837136667549902e-01
4.787087103011077316e-01
4.612821553665306107e-01
5.307286422677511828e-01
4.750105309602006276e-01
5.079456635502832551e-01
4.996887424442743586e-01
5.134591524150490249e-01
4.530549569266036913e-01
4.950341630323757403e-01
4.711344576456500399e-01
4.755140183477348237e-01
