4.843139692158469067e-01
5.300617249161475586e-01
4.745398489002741749e-01
4.801168282042748703e-01
5.123250359914978125e-01
4.420010501216378174e-01
5.162926639086631297e-01
5.091040576146311780e-01
4.889638677280249701e-01
4.637543317440632751e-01
4.839097148171380147e-01
5.538877745575084832e-01
5.025039810925264749e-01
4.483491598087790964e-01
4.788343146845414622e-01
5.888894893279416065e-01
4.660518267456523755e-01
5.505519042134120467e-01
5.219355883039126232e-01
4.720352115146123073e-01
4.745919556370195025e-01
5.007182312865369189e-01
4.802227041241663996e-01
5.714970177415158448e-01
5.486447232287170461e-01
5.780518839882415882e-01
5.252209292755857239e-01
4.832964474491143192e-01
3.910671616337482170e-01
4.964039273565600263e-01
4.026159901968333066e-01
4.459445685652291269e-01
4.242489996343561942e-01
4.764287409847685062e-01
4.667553359459907791e-01
4.721649455019926167e-01
5.459084887615784920e-01
5.905829940630288322e-01
5.098406033339534238e-01
6.081047368581886658e-01
6.632395161209251322e-01
5.340500205976972392e-01
5.722140561973099171e-01
5.809403841208942154e-01
4.613165472158882174e-01
4.140729602246328023e-01
4.977861039674570942e-01
5.000716242580317550e-01
4.061966929045847108e-01
5.982106354776317581e-01
4.727287265386505011e-01
5.059636653302329590e-01
5.323004127649691997e-01
4.624900363771467515e-01
5.271802255935866821e-01
4.116593305262604141e-01
4.859278602783102530e-01
5.348738360125175895e-01
5.024698477740828784e-01
5.578717299125460771e-01
4.728679283531488919e-01
5.143547388635218987e-01
5.166094885878831366e-01
4.681020494953836431e-01
4.587276203067645608e-01
4.715998374767775836e-01
4.900956075361327380e-01
4.972770968453036344e-01
4.822414220786884198e-01
5.217866772611385873e-01
5.693629034885562268e-01
5.615511044332919255e-01
4.604957802185311588e-01
4.708050662323736701e-01
5.184221964056023868e-01
4.264298920990171604e-01
4.697585547163743436e-01
4.526180542844026045e-01
5.330477502824376712e-01
4.498932099947261509e-01
4.779801078478961296e-01
5.827204840566533317e-01
5.587574412935139012e-01
4.716541294287596719e-01
4.400375083414534982e-01
5.205096490492883143e-01
4.767719947055285568e-01
4.688335158396906843e-01
5.500493442142297962e-01
4.888815489794719471e-01
4.720655617418963446e-01
4.802524185124680267e-01
4.350926605003013203e-01
5.170981053231783475e-01
5.593414549041829664e-01
4.966161041165927936e-01
4.709871789386702590e-01
5.424488732014247638e-01
5.499420378092806372e-01
4.716831103642005196e-01
