5.204961289707883410e-01
4.964389757276955750e-01
4.944865031227630991e-01
5.122433026350809993e-01
5.332114804500716065e-01
4.810109179041794913e-01
5.083467549742884950e-01
4.920110687064556676e-01
4.923762556223626463e-01
6.047129638008043040e-01
5.659237969608387209e-01
4.724752068366008806e-01
5.774041578713166034e-01
4.896893982900732967e-01
5.075513831259195197e-01
5.022696221851066234e-01
4.752853726942827262e-01
4.938647554097256309e-01
5.011298094944901527e-01
4.786635725928408691e-01
4.530227777285100732e-01
4.798272977774113435e-01
5.368573617042652346e-01
4.924205704343517787e-01
5.190367896563010675e-01
4.291244197820009987e-01
4.382668831814122146e-01
4.369395771580496524e-01
4.644774049817156358e-01
4.961331267617403173e-01
4.862626253333907078e-01
4.826369544634317998e-01
5.070995177169147494e-01
5.278408563112875207e-01
4.768459070048842730e-01
5.496316804660509314e-01
4.828375111879890103e-01
5.676682491034430456e-01
4.460680790409772278e-01
5.727200218008213772e-01
5.277094280791785330e-01
4.807214797187277511e-01
5.162357216130019077e-01
4.807499534646972883e-01
4.295620882541860142e-01
4.830838546054281868e-01
5.397043556249498941e-01
5.165063651934231892e-01
5.030572624739418908e-01
4.454937059586100978e-01
4.668971203751207111e-01
5.136035366757243370e-01
5.165930818024304649e-01
5.673691259540099008e-01
3.096256730626668841e+00
5.478696671796819961e-01
4.516635021999345634e-01
5.155615528779839973e-01
4.696008173080163384e-01
4.564573341349248969e-01
5.244298209267814759e-01
5.563357839928992910e-01
5.184770474346225289e-01
5.578311534556537055e-01
4.783545855642206135e-01
5.312931414557356957e-01
5.712248953788597872e-01
4.968313140524387994e-01
4.823189815018347204e-01
5.044853658054109236e-01
4.983431793426112422e-01
5.384264219736640822e-01
4.891105301299003560e-01
5.839413355892703050e-01
5.071022551709015724e-01
4.855488873190180188e-01
4.885567725245943405e-01
4.498756062815856271e-01
5.317616911635429933e-01
5.376629440682426653e-01
4.577737342887225891e-01
4.911755857552314586e-01
5.169424833659437279e-01
5.069434736031548372e-01
5.545225760260766856e-01
5.530603713880813954e-01
5.131560006366608917e-01
5.501996885407088866e-01
5.051614886868269760e-01
4.680364281023792761e-01
5.032993723188872170e-01
4.641075192474381494e-01
5.180504468544592234e-01
5.227444082683015969e-01
4.551973998272546007e-01
4.512578227599958192e-01
5.938157984995748873e-01
4.753674748386702009e-01
5.161896409529892482e-01
4.982864407386746741e-01
