5.353974211542907868e-01
5.085265057303085534e-01
4.894582155415772573e-01
5.153286335279719799e-01
5.118584833320494187e-01
5.078665399579439521e-01
5.099535092993316976e-01
5.205344785273893216e-01
5.462795952412767830e-01
5.801715119696843059e-01
4.587601490857841635e-01
4.802780334875929591e-01
4.673641847122569914e-01
4.921412893553409607e-01
4.933900844876055181e-01
5.383865448910408746e-01
5.952863719817995669e-01
5.655442009902756917e-01
4.810550823169028045e-01
4.763369961093315008e-01
4.958285795022531195e-01
5.258280758041213865e-01
4.419749568965333220e-01
4.860893895469270420e-01
5.118982838355530252e-01
4.654853039595985842e-01
4.773533855443891083e-01
4.562691917626926497e-01
5.111761927387892257e-01
5.152148756716764533e-01
4.884127575211528738e-01
5.121841364244344996e-01
4.932507374914000264e-01
4.382637154512700195e-01
4.821158129253981239e-01
5.108606371475328256e-01
4.970118652848146690e-01
4.963275305298749940e-01
5.272934882800408563e-01
4.980236332916329611e-01
5.339368563532501666e-01
4.673879224693857082e-01
6.033367295307622280e-01
4.871563642180329889e-01
4.418075512461365206e-01
5.494104725161732539e-01
4.481362903548376520e-01
5.524460095621359645e-01
5.413622121758757677e-01
4.354741966265069375e-01
5.102049863558674181e-01
6.181100675790042187e-01
5.088392967634750574e-01
5.425509045770596783e-01
4.904394944483447816e-01
4.876427254619248863e-01
4.295814954478488490e-01
4.808203915822650276e-01
4.986725488607718360e-01
4.742476722158965319e-01
4.764704650283079213e-01
5.712021665880998578e-01
4.972135285277579086e-01
4.579043522062213878e-01
4.267135751995087545e-01
5.727486516267199512e-01
4.799525701157580926e-01
5.433704258898028883e-01
4.764444384601906335e-01
5.550130323572931568e-01
4.916378387606491485e-01
4.638167026708792662e-01
4.539288488094725960e-01
4.927469130219915838e-01
5.607214972489716898e-01
4.610194959293800188e-01
5.051373897874953389e-01
5.576871360071837813e-01
5.321921959885190789e-01
5.144966664541305024e-01
5.002558853923451121e-01
4.864926521257972314e-01
4.774861693435661913e-01
5.466851308660934938e-01
4.470518651275057209e-01
5.055254250434546570e-01
4.083949563389885906e-01
4.935243429879165311e-01
4.239464844357860862e-01
5.394520373565504512e-01
5.000352827322329663e-01
5.022675913154091010e-01
4.511796926279747488e-01
5.282569080018034713e-01
5.016054473413155135e-01
5.862672222370737263e-01
4.493317794285687228e-01
4.694589207561841171e-01
5.634612734380787247e-01
5.096457482556159269e-01
