3.977417676793434942e-01
4.976959032413593720e-01
5.102284574185702581e-01
5.334721764787254683e-01
4.557159187134043332e-01
4.715632006848984870e-01
4.553276864364009247e-01
5.905648016517752730e-01
5.234925249594758467e-01
5.200741709330514162e-01
4.598945202695667867e-01
5.026273438705661789e-01
4.383182361727422371e-01
5.731820871111247273e-01
5.262200628039593875e-01
5.277630986981223238e-01
5.258851891288984781e-01
5.231540422317149108e-01
5.133228205595912197e-01
5.719780764405789641e-01
5.298965265910338118e-01
5.418250185713978651e-01
5.123197949387686689e-01
5.270569634668587078e-01
5.470931278354564942e-01
4.856185116410023372e-01
5.208325037619471187e-01
5.219567719664287564e-01
4.523833334669790096e-01
4.857684321520189807e-01
5.551096104152090094e-01
5.292895543306334050e-01
4.939036133450360744e-01
5.401372281632311756e-01
4.910725074577635962e-01
5.364336378580341069e-01
4.324869917314495549e-01
4.385576457446810350e-01
5.397663072222752545e-01
4.782268521760343338e-01
4.112961512110679396e-01
5.316833410687844541e-01
5.195671918629909403e-01
4.252792058862542857e-01
5.249837660530245476e-01
4.841926551040531268e-01
4.809421514025976063e-01
5.184942348740836371e-01
5.058713178361693430e-01
4.501138366575475058e-01
4.271856901069434609e-01
4.916294729753848403e-01
5.043255747935141420e-01
4.636467542193883906e-01
4.756668775914019709e-01
5.834115895220989279e-01
5.148603368599750096e-01
4.849652152134171779e-01
5.544706523106301965e-01
5.430899209954870299e-01
6.218193952467886421e-01
4.428804349720714129e-01
5.889076444623588813e-01
4.998871738999440817e-01
4.737673844193838191e-01
5.246690067051398287e-01
4.617228907711425911e-01
5.290220977516864043e-01
4.967278379634129104e-01
4.750845978591095031e-01
5.285403558450357808e-01
4.370986747871394296e-01
4.804129986500995653e-01
5.407383220246477773e-01
4.649842279040131143e-01
4.847843987125707299e-01
4.725361820669947699e-01
5.589484673699824935e-01
4.702425806448022882e-01
4.932607006120849347e-01
5.175233928618966361e-01
5.109475360824390355e-01
4.892818653405677787e-01
5.286962287463599086e-01
5.150685225366689046e-01
4.953552931275722604e-01
5.095230760104006995e-01
4.890600768583415192e-01
5.572456531150860037e-01
4.637015653764225975e-01
4.919343945195067680e-01
4.850094685886046642e-01
4.626227400148626434e-01
5.109526274492696141e-01
4.695035631124679920e-01
4.664393850867588065e-01
5.038766942989238995e-01
4.659104540271850059e-01
4.810821834852116452e-01
5.837614345528697735e-01
