4.970375009549977130e-01
5.836349147510669910e-01
5.250036117481413633e-01
5.213310002333525484e-01
5.132958482286568147e-01
5.203558657273181787e-01
4.886876589375481195e-01
4.404636773607329969e-01
5.249678902794677748e-01
4.298737746545639449e-01
5.258404017421055565e-01
4.798157779054032512e-01
5.053971478888230617e-01
4.655824437892750467e-01
4.419279127457211853e-01
4.354419763523643683e-01
4.903107968863771315e-01
5.604193851301494389e-01
4.655690800840225352e-01
4.904057664383181803e-01
4.770695335958337613e-01
4.734421878661008720e-01
5.458442285030991048e-01
4.808752726165769764e-01
4.229061983531296476e-01
5.397735232632505653e-01
5.545908421663159338e-01
5.661790852058852241e-01
5.683922863511063905e-01
4.831410383329912128e-01
5.520113351771205323e-01
4.221512054167183559e-01
5.603397322222081200e-01
5.234353378561485970e-01
4.505165263245269891e-01
5.599241533251861913e-01
5.388997362662235613e-01
5.416422346330975746e-01
4.041967210705963431e-01
5.085323372951653376e-01
4.850808686448156437e-01
4.852725805951469962e-01
5.415261031902288691e-01
4.549911025859501579e-01
4.937228969631393682e-01
4.990466740396000134e-01
5.561188398717288317e-01
4.539619362755486498e-01
4.856437986987462985e-01
5.418429617895959005e-01
4.645174660964375701e-01
5.481906454185649924e-01
5.030772663248175292e-01
5.511386014567769553e-01
5.341750303716444881e-01
5.356202015532068872e-01
5.311582072163761881e-01
4.754939791993076370e-01
5.149321660643358944e-01
4.862542411405725851e-01
5.915870231102882126e-01
5.136364189381854573e-01
4.805435965466182680e-01
5.111025070457065889e-01
4.437807600302592359e-01
5.535155870188670502e-01
4.602152848784561989e-01
6.322155850460129400e-01
5.291747665731962869e-01
4.673635874276830804e-01
5.288859913492777176e-01
3.995359616852532381e-01
5.110098360656586403e-01
4.888816127779794796e-01
5.005657791811430890e-01
5.945926052164512976e-01
5.378756772197973435e-01
6.361270752216456881e-01
4.793478370246037068e-01
5.222479453804848015e-01
4.501706675346424102e-01
5.391676602259708462e-01
4.177169057232973381e-01
5.255880154831107376e-01
5.913308428416573781e-01
5.417514916778009004e-01
6.106446298529503158e-01
4.975968772269316887e-01
4.043286397896165285e-01
4.985830220246905142e-01
5.053975849849897672e-01
5.192182342429848552e-01
5.438449577937781720e-01
4.369272403787316517e-01
4.652876032288814079e-01
5.215236647894856414e-01
4.820567398595339559e-01
5.201217318149755631e-01
6.007846440149345879e-01
5.125425876674980508e-01
