5.441007147092143947e-01
4.646446972256437769e-01
4.228416891000340017e-01
4.860802054420373386e-01
4.924958906493150379e-01
4.294758526356086126e-01
4.675387494544823719e-01
4.695742708800663134e-01
4.518949393490959143e-01
4.312744395762933558e-01
4.571597793086278894e-01
4.810295047589512873e-01
5.995031939403945298e-01
4.818676957967047425e-01
4.860869260973272876e-01
5.044585622285668869e-01
5.144169377156636580e-01
4.353931962950420287e-01
5.453107387577009746e-01
5.521126093759977094e-01
5.379247100528398162e-01
5.378821382322619415e-01
4.950845792502589493e-01
4.645454394040883228e-01
4.685783704714769904e-01
5.184994214949801838e-01
4.515477096601013818e-01
4.684975321201339526e-01
5.210428049726831823e-01
4.791235256103283380e-01
4.071906930118957546e-01
5.409696478590774182e-01
3.830711798476895691e-01
5.454489141690602727e-01
4.795478588496346339e-01
5.357821250790809620e-01
5.563781248026100634e-01
5.886015986028936275e-01
4.402306505387492130e-01
5.200033140114250774e-01
4.637991802928854157e-01
4.831621448477613212e-01
4.654961843008205702e-01
5.557930635694383614e-01
5.198262286226124074e-01
5.388528891519872577e-01
4.869618295840477118e-01
5.421219628644249333e-01
5.501361030311728850e-01
5.097246687856233915e-01
4.731915768682297130e-01
4.889352442914502439e-01
5.442640516280765617e-01
6.240109901052220964e-01
5.089800101384498454e-01
4.498516596057956507e-01
5.331930055443309113e-01
5.204292234687329932e-01
4.260047482678511743e-01
5.213339112621070415e-01
4.820955151431353114e-01
4.310142872038179584e-01
5.361872550118622627e-01
5.747069825851878200e-01
5.115114174592612084e-01
4.843880248254055498e-01
4.816260834508488409e-01
4.710300370600860043e-01
4.501360151441697321e-01
5.026014120545245767e-01
4.575868486122142698e-01
4.921341522817685443e-01
4.622385004338963044e-01
5.368217607780613188e-01
4.668069663341299358e-01
4.925482897035269869e-01
5.013476514352831481e-01
4.582152988133544325e-01
5.676482698245811642e-01
4.769901216606439731e-01
5.430469739680380270e-01
4.668119195066708360e-01
4.631276211304339308e-01
4.843581727376983226e-01
5.166559093592849594e-01
4.920551797240828584e-01
4.784178280170671149e-01
5.317124323919006912e-01
5.135444791939266507e-01
5.308906406872698769e-01
4.411421466908578282e-01
5.138031225506468624e-01
4.791445526845555247e-01
4.806961047138251786e-01
5.692575053633850413e-01
4.902050536102113831e-01
4.970112469463991434e-01
5.303563551636748530e-01
4.441473059196571760e-01
4.926548093387636551e-01
