5.227706724560546858e-01
5.295489153168884133e-01
5.070844776463416803e-01
4.133241405376625321e-01
4.698569032874715390e-01
4.714038255536870392e-01
5.586030076165758862e-01
5.270324009402193033e-01
5.323873462131827328e-01
5.731147610736496700e-01
4.858265349538932187e-01
4.855904110321997980e-01
5.691828982040748608e-01
4.633658198783169868e-01
5.384037250211758385e-01
4.772083877741746250e-01
5.272723731054630436e-01
5.464665761876417172e-01
5.397328044217492016e-01
5.056080441137721371e-01
5.140737922243785452e-01
4.795549018612141889e-01
4.009489165380564213e-01
4.690979119417155174e-01
5.085723248233744442e-01
4.803929183663874225e-01
4.746315207302785888e-01
4.939820910177961100e-01
5.578005191301950161e-01
5.083213127785871643e-01
4.681221062700414715e-01
5.912918182007119716e-01
4.896750293550052313e-01
5.145463449542522216e-01
4.559356479635227610e-01
4.297919663078613728e-01
4.508803994915534519e-01
4.206666533668936281e-01
5.356370789906401697e-01
5.241232955547402428e-01
5.028720388971319455e-01
4.355373147469986383e-01
4.936237009490561656e-01
4.506056258892673916e-01
5.567306886201357496e-01
5.209121984997229227e-01
4.688158699835694998e-01
5.111193853888741367e-01
5.264875448331216568e-01
5.623307884870460960e-01
4.365455439263703497e-01
5.517113107699467278e-01
5.518384957604831609e-01
6.132161070908777045e-01
4.845007048403329186e-01
4.640059803135061500e-01
4.513406565404565751e-01
4.488626727983457410e-01
5.105470265797107388e-01
4.329231506455541445e-01
4.807264791142753513e-01
5.356663441122786473e-01
5.766319728895553665e-01
4.603469662863148848e-01
5.292791542803829685e-01
4.675070570399624259e-01
4.806220839046910220e-01
4.634189608468807231e-01
5.706971974860930441e-01
4.704365065279377256e-01
5.191134686141976040e-01
4.457242224314347800e-01
4.786940409139200936e-01
4.822970357094469307e-01
5.323384072964028046e-01
5.790591138667928739e-01
5.182758310251808220e-01
5.214221652314906530e-01
4.525319879924363242e-01
4.664083401785693028e-01
5.902955789076280713e-01
5.127164524357044062e-01
5.732309497737984039e-01
4.771274711128515311e-01
5.167043964933502043e-01
4.702376131375322621e-01
4.741847615600431887e-01
5.047389122304564157e-01
5.101137395124271112e-01
5.098210683762036677e-01
4.816478049877391809e-01
4.756137149200524439e-01
4.415418183468525770e-01
4.667599611540924065e-01
5.071889767759326650e-01
5.394506489312785869e-01
4.889057778515132346e-01
5.426673878208659874e-01
6.116567038275988466e-01
5.135746378367552767e-01
