5.392097201551011576e-01
4.738834393828182945e-01
4.385718229530935486e-01
4.882583279636243390e-01
5.058406790066308778e-01
4.682969751795804103e-01
5.347396002637020418e-01
5.086814125560056299e-01
5.096676259783354812e-01
5.592695097457162090e-01
5.043980695548053728e-01
4.630934041415595281e-01
5.787895809373624356e-01
4.863284968728948665e-01
4.578838115361819061e-01
4.901210103821341257e-01
5.227537318292542201e-01
5.101811547748649200e-01
4.285689828153324554e-01
4.806932166727461153e-01
5.098791946769530847e-01
5.355761351915163671e-01
5.087688703166732829e-01
5.230026338301572153e-01
4.768999520341437037e-01
4.937660064926454595e-01
5.244261259003268894e-01
4.593020446371209875e-01
4.748541631922150730e-01
4.920874854531355203e-01
4.764892594381144875e-01
5.226884357600287689e-01
5.377514170992394593e-01
5.571430795440347472e-01
4.808727303222756211e-01
4.946926832431215448e-01
4.861750582411936694e-01
4.584614940133785455e-01
4.226999043714688709e-01
4.954489731061803015e-01
5.124706976540331915e-01
5.901541707619926136e-01
4.359970883638205619e-01
5.025302024200601902e-01
4.881084702179246393e-01
4.863167510614164191e-01
4.867742748209054060e-01
4.810759262305683293e-01
5.140556818222407065e-01
4.353899901458712640e-01
6.202681928401286848e-01
6.061712584190395159e-01
5.294405078527797404e-01
3.994652563061964479e-01
5.698253689775324426e-01
5.624141899091122943e-01
4.683658423388133429e-01
4.722007981597728943e-01
5.242686859160828883e-01
4.979617729793638370e-01
5.040360952338575062e-01
5.042380190339089685e-01
5.408927225229755997e-01
5.424636949807813968e-01
5.563084484019648057e-01
5.398010196083058432e-01
5.241673892142116875e-01
4.589320320160102384e-01
5.403855394560863612e-01
4.298904093561484174e-01
5.479579061691476349e-01
5.267153901017743722e-01
5.668588423021609923e-01
4.673944645136556830e-01
4.448284007575034615e-01
4.736262848862267116e-01
5.159386344756087261e-01
4.946459046537012849e-01
4.535111071069581890e-01
5.270768373173592147e-01
4.769169650448527031e-01
4.832416975932516956e-01
5.444896655192509316e-01
5.452641060350216229e-01
4.477829252142300764e-01
5.442652027355332489e-01
4.847247843295657832e-01
4.966624430179666372e-01
5.152823141009515995e-01
5.245711331525957366e-01
4.912535544356869677e-01
5.858544271350007993e-01
4.747700502126434019e-01
5.706821083211532919e-01
5.201301559029849475e-01
5.096248426185380209e-01
5.267268160253905096e-01
5.489183284577415778e-01
5.319784404365416330e-01
4.467452202493192859e-01
