5.782217111776107865e-01
5.596560412640730897e-01
4.946883897226601601e-01
4.581867861242521767e-01
5.461634029352395725e-01
4.873093545514069480e-01
4.781542402714197282e-01
4.943050428534919161e-01
3.930718151031943886e-01
5.206399525780076587e-01
4.659766018645771779e-01
5.611663310542108762e-01
4.630265808207547074e-01
5.017321293694342321e-01
4.776574996092969871e-01
5.591801399051717913e-01
4.368626864498075801e-01
4.939135743619083030e-01
4.534588562260480349e-01
4.823565834807901354e-01
5.295433744192785674e-01
5.250864980308956875e-01
4.106770121890480074e-01
5.261507942886261002e-01
4.784158618778301952e-01
5.238597136002867138e-01
4.587317526853673666e-01
4.864292752177931667e-01
4.764093431317198424e-01
5.343555393110871465e-01
4.839937022758015739e-01
4.800559921512536632e-01
5.225633833590846988e-01
4.954141048493446720e-01
5.088997340014157489e-01
4.962840853726036006e-01
4.006935357573261358e-01
5.357964704294333469e-01
4.995484330291432018e-01
5.198093327446416945e-01
5.695553436824222215e-01
5.120357461997263604e-01
4.972416825745907265e-01
4.466463762722471809e-01
4.874496100598704196e-01
4.691645410659789350e-01
5.768058854289634940e-01
5.137076012407900683e-01
5.012714389100906276e-01
5.127124951581818468e-01
5.529091828240539908e-01
5.200948741288877741e-01
4.502079104120851882e-01
5.594327516124014688e-01
5.409520279448262192e-01
5.543881377160910784e-01
5.631994682443574041e-01
4.538967741076243012e-01
4.871140343940769113e-01
4.946449128685039831e-01
4.822094498652876315e-01
5.033175041552704343e-01
5.497784527205479277e-01
5.302362363129109468e-01
4.211309908938016822e-01
6.150904396531582385e-01
4.901994410084879461e-01
5.577462975325322425e-01
5.386897920106793469e-01
4.731386041616809091e-01
4.783891109363628824e-01
4.971241073184827219e-01
4.697739800683902178e-01
4.518498088298829596e-01
5.450293115698345847e-01
5.282947259492232206e-01
4.310595911253645718e-01
4.535368111954238834e-01
5.217787528982309464e-01
5.258327872690671256e-01
4.350683998859649071e-01
5.512571162036367101e-01
4.966225963490943363e-01
5.167500343193440759e-01
5.461539059494479043e-01
4.574947667963740194e-01
4.276534853626245969e-01
5.276923797315643538e-01
5.206763850394693360e-01
5.435699566901641688e-01
5.729223808523133954e-01
4.802982065472706230e-01
3.928060292360034955e-01
4.764702898725808322e-01
4.858376937419113806e-01
5.548689611710442282e-01
5.163888743140430115e-01
5.519436935199718564e-01
4.810879623063408772e-01
5.249729266482291434e-01
