5.367369331303447622e-01
4.590738595708476755e-01
5.354335054355632284e-01
5.404755866485985161e-01
5.121937045058204685e-01
5.357698733475485531e-01
4.814402141920756661e-01
5.584670160846849640e-01
5.393074498714208742e-01
4.098390781332313382e-01
5.572652409555354236e-01
4.607256351598998934e-01
5.700873101539570831e-01
5.618962187618564696e-01
5.271075818428918591e-01
5.050429726021501420e-01
4.945311009412119430e-01
4.779024327912149150e-01
4.781122314686120367e-01
5.783176248955814724e-01
4.862324426443099812e-01
4.933048112150871800e-01
4.535460717920395957e-01
5.399013022786972593e-01
4.902935646175417550e-01
4.880503046653911214e-01
5.424420430264351722e-01
4.766974295510697512e-01
4.591810993367686500e-01
4.821508985020762084e-01
5.841033936030007867e-01
4.907067311332740656e-01
5.205280936699225869e-01
4.614544735339328740e-01
4.762176680969089082e-01
4.715627930789266231e-01
5.053457902523518230e-01
4.898787154723197590e-01
4.857892574135900809e-01
4.452398463622332936e-01
5.102916182089403119e-01
4.887220602796968905e-01
5.150302605468357608e-01
5.002582983827706942e-01
5.573699432320515790e-01
4.778734649575646642e-01
5.350430720879075785e-01
4.963147161723335810e-01
6.178782311898057822e-01
4.366601235411933790e-01
5.285786298802168659e-01
4.429645702398378737e-01
4.795758395518441852e-01
4.937819450827123924e-01
4.667254576156828483e-01
4.494081804640029931e-01
4.939204368921146782e-01
5.030060457346235969e-01
4.649385886800307399e-01
4.986235958868068252e-01
4.768384721008777083e-01
4.402020851184600403e-01
4.548070298176348225e-01
4.494086803724245960e-01
5.330994042769884311e-01
4.757772214710376812e-01
5.585095228747729568e-01
4.173865997463352406e-01
4.495947408927812861e-01
4.722935734768978766e-01
4.208339517271790231e-01
4.797754610819285337e-01
4.872733306449490986e-01
5.236348225380671462e-01
4.772587865455913403e-01
4.225815514316738630e-01
5.477338880397600862e-01
4.812966743399551550e-01
5.237742844762713901e-01
5.175823109037783754e-01
5.016461384913434296e-01
5.225090815421964408e-01
5.229067269930567363e-01
4.383405024104499170e-01
4.526772435724715771e-01
4.830141368526547629e-01
5.655269482807968595e-01
6.229384649240420346e-01
5.056484197815276360e-01
4.958741235005022507e-01
5.492601636337596238e-01
5.823909504655737646e-01
4.719243978424482733e-01
5.011363691129109288e-01
5.429672929818685212e-01
4.995402079284484431e-01
6.444115283623870205e-01
4.812350319165281665e-01
5.399224210976959482e-01
5.219524923246161574e-01
