4.856426019772609459e-01
5.254278399563080404e-01
5.506511099250369634e-01
5.463868762820456304e-01
4.888501240417912896e-01
4.819529294380814899e-01
5.068054868342992680e-01
5.243050633697491358e-01
4.453970830923304480e-01
4.873242681486629202e-01
4.993656796089011030e-01
4.523360804148290892e-01
4.404468502994424717e-01
4.785912077301512357e-01
4.995978763891469332e-01
4.870510593056449622e-01
4.756806253011978680e-01
4.637018213737448269e-01
4.469918836554668262e-01
5.221245190351051502e-01
4.681454995110943540e-01
5.474812964107022006e-01
5.859227058350343631e-01
4.729526522230196872e-01
5.618214310751674656e-01
5.098014270103485845e-01
4.788961746768528038e-01
5.211196711716560293e-01
5.241433696374359075e-01
5.097722521482036528e-01
5.331147718267424951e-01
4.451234707732344975e-01
4.891189551555254478e-01
4.821248240624199655e-01
5.430147610135834801e-01
5.132364698510268886e-01
5.464157392115099876e-01
5.120098851056081868e-01
5.400785591696666277e-01
4.600447836590681461e-01
4.508223077246290567e-01
4.892998512577956260e-01
5.526836654510786095e-01
5.025706889631956775e-01
5.279421792763010490e-01
4.582616967683733611e-01
4.956044472906114273e-01
4.834207637175868544e-01
4.148537308982939154e-01
5.231935132350669093e-01
4.899334719607807975e-01
5.505306243109758801e-01
4.673966660885991442e-01
4.559748949736072143e-01
5.412095825383805847e-01
4.689403270955899705e-01
4.548702232720757133e-01
4.120250147110721128e-01
5.143364025431879094e-01
5.408886836388803188e-01
4.606601588542398873e-01
4.714585219710965558e-01
5.554722602299783096e-01
5.299524223470053474e-01
5.705377714253028198e-01
4.351410247332648806e-01
4.226796869718029148e-01
4.151496871134805478e-01
5.114985521707268168e-01
5.257915633543857048e-01
5.337675657416743880e-01
4.671396104022965678e-01
5.227360578141970748e-01
4.910969059119004720e-01
4.794156719199533789e-01
4.747436399054409395e-01
5.022300613624970378e-01
5.804690198600779283e-01
4.592774141492804718e-01
5.200548065936303477e-01
5.029431402580242239e-01
5.267873135828630149e-01
5.294335463093332583e-01
4.320296606674089990e-01
5.430284393120333730e-01
4.492631350194854489e-01
5.855766496967880208e-01
5.462837357065865040e-01
4.994207099684944140e-01
6.206668477298665776e-01
5.819845030557924126e-01
5.251702142292863362e-01
4.547434750125828318e-01
4.747211152640860576e-01
5.007568995329487738e-01
5.471214425753397892e-01
4.774653522557738006e-01
4.993027637115974859e-01
4.280680553301341451e-01
5.030192597929825649e-01
