1.563582566448507372e+01
1.573114601786770628e+01
1.590053036042772661e+01
1.600616621564557107e+01
1.584097662789281635e+01
1.555930894792927255e+01
1.551130679391418532e+01
1.571677519223386099e+01
1.582603897906307999e+01
1.560847318685906693e+01
1.573467518175766422e+01
1.600086645652952200e+01
1.577839588809511184e+01
1.548870854971565869e+01
1.560783645262825026e+01
1.576733891760484596e+01
1.583743044183560222e+01
1.616920473622079868e+01
1.560904180739889036e+01
1.571916969496101579e+01
1.566878353347109076e+01
1.565167956776318192e+01
1.547370630301494998e+01
1.558373090054531396e+01
1.586695652477632201e+01
1.609338876797897200e+01
1.578978206170753928e+01
1.595194683566003668e+01
1.560836554435522494e+01
1.569621740718864800e+01
1.588070844028699291e+01
1.529810732292371078e+01
1.581761997255888375e+01
1.619152443569155864e+01
1.573406367565145736e+01
1.585651994599742309e+01
1.583700521534430372e+01
1.544678521743732347e+01
1.564554586548004345e+01
1.596273028800903937e+01
1.537503840547386957e+01
1.568671613304149126e+01
1.598210450335286303e+01
1.584560899265447098e+01
1.559403028714821460e+01
1.594903613218477112e+01
1.569117755687722493e+01
1.576919380960636730e+01
1.559407052411717665e+01
1.591294159673674180e+01
1.557495458450697967e+01
1.571634554316501209e+01
1.583042046346279541e+01
1.561699115239696489e+01
1.577803221850730608e+01
1.605883786313694017e+01
1.607039988833668431e+01
1.585614377496378680e+01
1.570531663432848823e+01
1.603827446813372148e+01
1.605618146005870983e+01
1.607995111302316360e+01
1.600037632646233021e+01
1.560493810009274007e+01
1.567671056753300896e+01
1.609712054270040937e+01
1.569796667186048467e+01
1.584150986176634213e+01
1.611826293982684177e+01
1.569805809832342369e+01
1.585219070517845097e+01
1.577306908510740335e+01
1.529972775455499878e+01
1.604806390604324662e+01
1.564926335601988860e+01
1.560797616484747152e+01
1.603382458746614603e+01
1.609567430728775150e+01
1.578454524001079839e+01
1.615026893855331380e+01
1.551565068441775885e+01
1.602933813366737326e+01
1.561276920824038861e+01
1.620312467544228241e+01
1.538096780899925520e+01
1.580430092967408484e+01
1.603569322519189555e+01
1.568737037393271549e+01
1.586562450419764581e+01
1.549225252990269475e+01
1.550818012301482973e+01
1.567151947880845952e+01
1.615313660248163075e+01
1.582074598327588966e+01
1.599743375542684554e+01
1.579613851649324374e+01
1.587378876127515959e+01
1.601613566807166933e+01
1.585171816377908804e+01
1.553518291221080005e+01
