2.038220331053823742e+01
2.044178581862068000e+01
2.054361644832929912e+01
2.027187575632455463e+01
1.979685144589185342e+01
2.037090684117171691e+01
2.063541541487919417e+01
2.001047553123155609e+01
2.084746537406983791e+01
2.035742150055294530e+01
2.104559900433104502e+01
1.953826449121415720e+01
2.033963936011143403e+01
2.049718926937487851e+01
1.993809151286368220e+01
2.097751346949790374e+01
2.052514365395668250e+01
2.027850200981113460e+01
2.019966490329707298e+01
2.051853528026365225e+01
2.052421766394941116e+01
2.009880961494260276e+01
2.057939662966105132e+01
2.032476693695173964e+01
1.994416944246221846e+01
2.062916595136978160e+01
2.029021002091923975e+01
2.067403445172269727e+01
2.072356665446847401e+01
2.041593211207276681e+01
2.090267358742637782e+01
2.032128511091168477e+01
2.077975727339184786e+01
1.974450775607528286e+01
2.106222006627733734e+01
2.024115230767152340e+01
1.994160295917478720e+01
2.030803969150750632e+01
2.040186153415866954e+01
2.024469400389687479e+01
2.076004847636475503e+01
2.033686267569736117e+01
1.984760363952965179e+01
2.025557843920315904e+01
1.957921522522714142e+01
1.992516224441019901e+01
1.995728592307418481e+01
2.054521652326249992e+01
1.989782171689661183e+01
2.054919573841655023e+01
2.000705333737001723e+01
2.000305169375331715e+01
2.049188090513573357e+01
2.035605259336885098e+01
1.981587080752538199e+01
2.005947000207976316e+01
1.977882060143461018e+01
2.109077860246095071e+01
2.123392106902424459e+01
2.018283021646281483e+01
2.043217661396452556e+01
2.064611220209963705e+01
2.088907028043450254e+01
2.071837140120800669e+01
2.055065051446843682e+01
2.035236847504600632e+01
1.995280386479699075e+01
2.007507474146882842e+01
2.032846229963041651e+01
2.027003926186519323e+01
2.005083479827788651e+01
2.032919349383112717e+01
2.040668435804677827e+01
2.077544119538542589e+01
1.963382138530589316e+01
2.051951917324758767e+01
2.094529328319368133e+01
2.013281461868379196e+01
2.013957350028684345e+01
2.044450249636225081e+01
1.995281781057568438e+01
2.050870934714339455e+01
1.999337709557342535e+01
2.039916919264045347e+01
2.035048581693274983e+01
2.029881790321250534e+01
2.031993184647014417e+01
1.992632744214504825e+01
2.012322105213774392e+01
1.974579316758302738e+01
2.038879647628591130e+01
2.007551723416313649e+01
2.022784283807949279e+01
2.043940685713155503e+01
2.047787304495398075e+01
1.985905708681337245e+01
2.107521095493379093e+01
1.993835584415904094e+01
2.008016004435376445e+01
2.011758054309413879e+01
