1.894351426227037649e+01
1.968722353144382353e+01
1.948652576839450390e+01
1.931854639698267206e+01
1.918564430844960711e+01
1.934100553260693545e+01
1.969351646993202820e+01
1.945234155098072648e+01
1.994573416899793727e+01
1.972589940848680357e+01
1.891202916955816349e+01
1.974859453035760737e+01
1.950551227991394398e+01
1.900029068385858722e+01
1.936361640445387522e+01
1.956657244295032427e+01
1.842166735550681267e+01
1.955439827720033819e+01
2.015077284468415897e+01
1.904363784273232341e+01
1.904745462217032426e+01
1.976945724733318954e+01
1.986160855791542090e+01
1.978272350340440155e+01
1.915240322799095907e+01
1.949844362036119705e+01
1.964803465048609965e+01
1.838184958222498722e+01
1.933194851268314096e+01
1.993458300945469830e+01
1.932213227315656923e+01
2.004590973611307803e+01
1.953162295241235924e+01
1.938656471335542975e+01
1.959048882551727999e+01
1.963842043748816124e+01
1.888289917375963967e+01
1.948503951513551158e+01
1.950136166540854532e+01
1.936606689300331396e+01
1.926513756547326750e+01
1.969227753858029217e+01
1.930253221275258824e+01
1.907711232717896621e+01
1.941292258502275914e+01
1.972793326619235899e+01
2.015405231138086251e+01
2.005070082892570937e+01
1.928439953813381535e+01
1.938393341881325682e+01
2.044891775722116378e+01
1.978454947779808393e+01
1.904931258428952745e+01
1.952805464904131938e+01
1.940252338923649233e+01
2.007165159855743042e+01
2.010200058346634577e+01
1.951166712482093502e+01
1.958275219214541352e+01
2.005446041951263680e+01
1.857990430445558871e+01
1.931429145953732984e+01
1.930529050065349495e+01
1.920803993504317475e+01
1.954203770812349816e+01
1.930645546761272513e+01
1.971058647770672323e+01
1.966585035770995660e+01
1.926692720175062945e+01
1.969323797078340021e+01
1.927481966183550099e+01
1.916133659204724538e+01
1.925967481559483119e+01
1.924348848493179531e+01
1.941486635362018021e+01
1.997546647182955226e+01
1.960638258966178782e+01
1.964560522670050702e+01
1.992147658846037928e+01
1.993935804560112146e+01
1.938039172633113694e+01
1.967976856806738795e+01
1.920759261366424653e+01
1.928055259079274109e+01
1.962601272700652899e+01
1.938648316223773094e+01
1.945279644399775876e+01
1.890471076509619053e+01
1.860705228417244683e+01
1.911792612857689733e+01
1.973666053534970999e+01
1.957292176492144620e+01
2.013290540521955307e+01
1.954159176013437360e+01
1.911692103832584522e+01
2.015266912187768966e+01
1.898152654364449532e+01
2.004024915732464862e+01
1.975873631463739954e+01
1.888231376403220807e+01
