1.893780287702582044e+01
1.901251359668611229e+01
1.924896989390512658e+01
1.872597295754761859e+01
1.831719923646172887e+01
1.919830566428136365e+01
1.879343947456222352e+01
1.876618840209749450e+01
1.876696142126267119e+01
1.914561778154407534e+01
1.900152038294385903e+01
1.880449456357710503e+01
1.871130841738915151e+01
1.869426129203332465e+01
1.843033793902082706e+01
1.908757998006456091e+01
1.901112698317772143e+01
1.908372307337741702e+01
1.872956018476709161e+01
1.883517978279914473e+01
1.930787652501603802e+01
1.895084263307407468e+01
1.899614903699292867e+01
1.888466467170396967e+01
1.904049390168646738e+01
1.858978166623363038e+01
1.916042548357431485e+01
1.885595556951922092e+01
1.886581559255752794e+01
1.869662813500196563e+01
1.871301419297154212e+01
1.842998369704836747e+01
1.915388217098160695e+01
1.903128654867459701e+01
1.972861982728177566e+01
1.884054774973202484e+01
1.862370293420106648e+01
1.849416394732417501e+01
1.865989427963988945e+01
1.926955225650826264e+01
1.867394979055911364e+01
1.913176269177157707e+01
1.929210506477238596e+01
1.917328545375732674e+01
1.838929588423361139e+01
1.935933446935830204e+01
1.891925326304624733e+01
1.904620130304164505e+01
1.912786515228442852e+01
1.881979097063765138e+01
1.896229417118049909e+01
1.952402544849655541e+01
1.915402857774897427e+01
1.894805113362760096e+01
1.885931973207579304e+01
1.882334234566684472e+01
1.915547236651526219e+01
1.884684075934169201e+01
1.876738483272256985e+01
1.885832231277942483e+01
1.897551333348581082e+01
1.893517137955280916e+01
1.844584106221169506e+01
1.893800833956549567e+01
1.870691232609315691e+01
1.852537155686784232e+01
1.901953833902109281e+01
1.908139780229209137e+01
1.905322970085272161e+01
1.889455914432371131e+01
1.870839407814474953e+01
1.891976040670828851e+01
1.879068610675415130e+01
1.955594224996016806e+01
1.808604772175532460e+01
1.853610912157082424e+01
1.900290359423154740e+01
1.852163926253098936e+01
1.867464049299548989e+01
1.899282085912459550e+01
1.896786567062250484e+01
1.899906928874008472e+01
1.916231499984194997e+01
1.814833024079684165e+01
1.912158543508902397e+01
1.849163799254481688e+01
1.867735571058138788e+01
1.949107730096782021e+01
1.887231761369640282e+01
1.893137259863251032e+01
1.913877795857392528e+01
1.881007379073288632e+01
1.908183672634229566e+01
1.881884987056251646e+01
1.899630273334750541e+01
1.924575477449231187e+01
1.837869424410934016e+01
1.853979320870470460e+01
1.843858710762735242e+01
1.894230004354191976e+01
