1.973847923820770589e+01
1.993693208447123766e+01
2.018377671431878895e+01
2.078553414387068798e+01
1.887325706119252544e+01
1.985903809799356878e+01
1.950266718668107657e+01
1.989174052952768079e+01
2.027002840440686526e+01
1.982792850072367585e+01
1.994262522320583741e+01
1.997742083578485150e+01
1.958903305089149782e+01
1.978055697327486939e+01
1.953579043489312284e+01
2.052161747820443338e+01
1.953228007791120646e+01
2.045030661435448138e+01
2.015998214336148919e+01
1.992793630119448167e+01
2.011889839760211984e+01
2.025812939587400052e+01
1.966945280552296893e+01
1.995184732605010325e+01
2.092249999316014097e+01
1.964782573706442292e+01
2.002082461357750987e+01
1.993020443700274313e+01
1.943294251030406983e+01
1.993492871076984585e+01
1.973565432017550592e+01
1.990901365515141208e+01
1.975677042250493542e+01
2.073137054623906295e+01
1.981487925309190246e+01
1.994831202703138118e+01
2.011954862149668699e+01
1.988036923869822559e+01
1.919584827809324423e+01
1.963932510552314525e+01
2.048908930460612510e+01
1.977110076568664709e+01
2.007230282448060521e+01
2.016221376922906217e+01
2.001572574420118400e+01
2.053234112029352332e+01
2.003396625422756117e+01
2.010868465338389299e+01
1.970434439866729548e+01
1.988328899426379692e+01
1.996741170960174117e+01
1.925394364793928048e+01
2.001112442462144614e+01
1.956644941300469398e+01
1.991009453897613568e+01
2.020515875760334623e+01
2.030140692836841865e+01
2.024998695644564961e+01
2.026765060380042982e+01
2.009584333596998462e+01
2.030970268064487527e+01
1.913097220618901773e+01
1.979748492309879992e+01
1.952049926859541884e+01
1.985782083451614710e+01
2.020161024604176703e+01
1.993089560977927022e+01
2.016047225015967825e+01
2.015792649260053082e+01
2.034786184469930959e+01
2.035101461781793830e+01
1.977765543203109999e+01
2.067134223745351918e+01
2.017364637855272491e+01
1.964645240609550925e+01
1.998043557886960642e+01
1.982205172836433604e+01
1.939835270640221765e+01
1.959758528925859977e+01
2.020280593211044007e+01
2.024886913412268186e+01
1.951138115545930773e+01
1.963108095135073938e+01
1.964460747156471143e+01
1.968070536644574631e+01
2.038424191367573712e+01
1.954117330753933501e+01
1.933567514387168984e+01
1.986088655763735744e+01
1.938229116431648080e+01
2.037441798541060223e+01
1.939927825191915289e+01
1.966511783702110705e+01
1.964060535162497700e+01
1.982587886398599153e+01
1.971453763632183964e+01
1.926929834638204397e+01
2.011462774903340645e+01
1.981144803543569566e+01
1.973564104747422121e+01
