2.368730460924060210e+01
2.391107495443504405e+01
2.357814688280974380e+01
2.355374091140150128e+01
2.349368929939129558e+01
2.362189687310354103e+01
2.430762069407437309e+01
2.339303972335346415e+01
2.341047563310192814e+01
2.310895124830965131e+01
2.418554618144252899e+01
2.364075499810827452e+01
2.319383230188786982e+01
2.367653652370328743e+01
2.277414225013495397e+01
2.332216034747164457e+01
2.371640875136040094e+01
2.400620200127639947e+01
2.346617097375417771e+01
2.357295300890349665e+01
2.390702952591471231e+01
2.301315275124371595e+01
2.339977366002379000e+01
2.470824782528927344e+01
2.344488843310141846e+01
2.381941669660810845e+01
2.341213190087232832e+01
2.396773471155587387e+01
2.396447109381188412e+01
2.187179104081245740e+01
2.370796589440154989e+01
2.297028699518789807e+01
2.275952914116365378e+01
2.261098167874657605e+01
2.351705582340138179e+01
2.302337075244651032e+01
2.345185076104660737e+01
2.387378590963417224e+01
2.337719342261581446e+01
2.367394823413835780e+01
2.285357930288865802e+01
2.438185340927847378e+01
2.357687564951542569e+01
2.384207740282768029e+01
2.395990467345210106e+01
2.341259475708226390e+01
2.356690650721760960e+01
2.287333250279299790e+01
2.362763836843731013e+01
2.291256575918978200e+01
2.360495734353640174e+01
2.372365511946703975e+01
2.370976963716984542e+01
2.355997751659972295e+01
2.342197998552881799e+01
2.296451322813375029e+01
2.355580109788757781e+01
2.415127464101060184e+01
2.386464214768774639e+01
2.339513817741956814e+01
2.365672442043538126e+01
2.413646203894655429e+01
2.376928987038201058e+01
2.271991739670628618e+01
2.417317307592265152e+01
2.363116821839874504e+01
2.330349078767244464e+01
2.448817020003403400e+01
2.355141906667180507e+01
2.389571584604880172e+01
2.415101462590961745e+01
2.312405710703568573e+01
2.552626604694975399e+01
2.348376283526532760e+01
2.339208321969397986e+01
2.464396814873621722e+01
2.349494718933148363e+01
2.369923600027279775e+01
2.309154984308998237e+01
2.453404299981081493e+01
2.346977153394444571e+01
2.309788477333927403e+01
2.301404098073071580e+01
2.343677006357011905e+01
2.275166280841053990e+01
2.294800585534605020e+01
2.394724908316973000e+01
2.336140167021216385e+01
2.342504481442420072e+01
2.419485828667311722e+01
2.333059919277617666e+01
2.357274895762267874e+01
2.368498056690561526e+01
2.286772303177106380e+01
2.390914654503558623e+01
2.340741179097953761e+01
2.325208953281373070e+01
2.409300574108861781e+01
2.224356125276352358e+01
2.308945643473483855e+01
