1.621652174502279919e+01
1.623715075641884553e+01
1.617462058712344941e+01
1.618392714057033288e+01
1.638679261354550221e+01
1.631880101929744242e+01
1.643282222823410521e+01
1.651624239974389852e+01
1.647545391577618545e+01
1.597251028050506072e+01
1.650213844716775213e+01
1.633845300725659655e+01
1.642538464159251888e+01
1.660021540274644991e+01
1.633707492407503281e+01
1.638516235912908314e+01
1.641541012367575547e+01
1.660842381803136902e+01
1.597027649978922348e+01
1.655123239710335170e+01
1.597105433186371748e+01
1.637051988926925006e+01
1.634388049962100453e+01
1.617495044915889935e+01
1.634172748073858017e+01
1.644453586810401546e+01
1.656094722676456854e+01
1.637267304933231671e+01
1.658575318170982982e+01
1.648039872458715394e+01
1.597599050344539506e+01
1.617781943698583902e+01
1.607847813919745406e+01
1.641338970035699063e+01
1.641129923852394157e+01
1.678767820510091369e+01
1.605868278860424425e+01
1.645096506406931880e+01
1.626169748495408029e+01
1.666730363183104302e+01
1.624145190026668217e+01
1.611107792493615420e+01
1.652572054702071824e+01
1.620018233638257499e+01
1.635893575279481382e+01
1.630244156000583899e+01
1.630313944433514450e+01
1.629854892072859229e+01
1.601172588696906018e+01
1.645680717729090503e+01
1.618062946254752887e+01
1.639283504829822746e+01
1.640304442999124745e+01
1.642717559163273577e+01
1.633172072358281923e+01
1.629586540203365885e+01
1.625683951554712081e+01
1.638200998993129076e+01
1.601250767701911215e+01
1.583496965830254055e+01
1.634988073746805171e+01
1.639378772266860906e+01
1.600363727976591832e+01
1.636448526453807162e+01
1.609972065099028526e+01
1.636742561426786580e+01
1.608630662248075893e+01
1.596215547368720600e+01
1.631204646967119842e+01
1.631608628298485186e+01
1.625823858499218844e+01
1.654628257457329710e+01
1.589021926290559250e+01
1.592251569533283018e+01
1.610500922400384383e+01
1.634517720399391649e+01
1.627699069458387982e+01
1.615539847595213629e+01
1.694259493890508494e+01
1.639504748010837432e+01
1.653702673067494544e+01
1.638697020076985567e+01
1.594498821942969080e+01
1.619531451297879698e+01
1.629608810806848851e+01
1.653298415367996910e+01
1.612998152450159850e+01
1.654927588479234757e+01
1.628398469899331147e+01
1.603853148652375538e+01
1.597730402420046580e+01
1.663515998137271268e+01
1.636107811787671196e+01
1.642426248868471816e+01
1.630526496765365607e+01
1.617605084763820500e+01
1.575140326202931185e+01
1.622636763311253816e+01
1.629686385634843049e+01
1.671175530160806488e+01
