2.424658112125622367e+01
2.480960347993892157e+01
2.403320502862659680e+01
2.467664661701321549e+01
2.380054786768218023e+01
2.551661803894163683e+01
2.473407100826470995e+01
2.372245967066178096e+01
2.455142017411060351e+01
2.354919979569210042e+01
2.510751114333195844e+01
2.507601002840710791e+01
2.458522784053803178e+01
2.511713739839959203e+01
2.410366890787501504e+01
2.396202857228001903e+01
2.462081857164267262e+01
2.382177927028547515e+01
2.336938818833050746e+01
2.518747433677372172e+01
2.345098174737115215e+01
2.499700210148900936e+01
2.517001974563542177e+01
2.392099275983402507e+01
2.460940679297481992e+01
2.367927311424769599e+01
2.490022600033729461e+01
2.431076551950442877e+01
2.565716255383755495e+01
2.456144829322239787e+01
2.479687479151074214e+01
2.548060207142169986e+01
2.483489768906481743e+01
2.465368402286773986e+01
2.536672532233504285e+01
2.473706441292242886e+01
2.494412004027270058e+01
2.412043252151796580e+01
2.406463101839777252e+01
2.446604959329975060e+01
2.529093377342460514e+01
2.413768350007692476e+01
2.420554254382393822e+01
2.547336345110905498e+01
2.410076511170591118e+01
2.503408703923425449e+01
2.478680620067651574e+01
2.439328780165163835e+01
2.395347997127837303e+01
2.488892349596400067e+01
2.371611873114289892e+01
2.483237878773836727e+01
2.420107491340661454e+01
2.449045672694700926e+01
2.362333152060459796e+01
2.400628282535642199e+01
2.378894378409748711e+01
2.490086402562521783e+01
2.470279777489416873e+01
2.369082658848013168e+01
2.447925079521544589e+01
2.426209985242357803e+01
2.425163145661878517e+01
2.453583071132943871e+01
2.511439779958731222e+01
2.452445757845815422e+01
2.427149663218789044e+01
2.462458422844794725e+01
2.422187470150230837e+01
2.470880209155998131e+01
2.468658446485281743e+01
2.395907158725037078e+01
2.441833324056147347e+01
2.450171007672459211e+01
2.471675676568368729e+01
2.454542313286753696e+01
2.347259527322068351e+01
2.425809955170921839e+01
2.440298421268165185e+01
2.446004260142334275e+01
2.405719942205876194e+01
2.386167099911454770e+01
2.389554192533632815e+01
2.486785026561555512e+01
2.381946109102881692e+01
2.354465244483222008e+01
2.412547326047786811e+01
2.403387276335970313e+01
2.510855274905662071e+01
2.379710755759220930e+01
2.362678096455845989e+01
2.501910311968517675e+01
2.513980291721362192e+01
2.529247017058203184e+01
2.525859241909958897e+01
2.446853406226698269e+01
2.491822385185129107e+01
2.512546915730096231e+01
2.506159915987345599e+01
2.538539607571496504e+01
