2.655120469767744851e+01
2.699455243810179539e+01
2.699803625978009336e+01
2.505728844989735293e+01
2.643467999642884436e+01
2.609029384435132215e+01
2.613310726364405312e+01
2.711633860186040579e+01
2.764772537456369150e+01
2.605246255524716048e+01
2.510600920880413511e+01
2.849108821445850381e+01
2.801719470892450303e+01
2.641264740468169592e+01
2.580105728595504289e+01
2.701440634683160269e+01
2.622313577414808350e+01
2.734183264828811843e+01
2.671535859269725677e+01
2.738599383629292916e+01
2.602107839356660435e+01
2.605039122651047023e+01
2.601543423027127488e+01
2.665289553850954363e+01
2.637045560969283287e+01
2.674622480947123648e+01
2.682638590972104353e+01
2.668988521586921081e+01
2.673896646111547781e+01
2.660567252443273034e+01
2.718257518538999662e+01
2.650470131975655264e+01
2.708878105643778511e+01
2.647350794207371294e+01
2.744226345970987069e+01
2.732977084469492013e+01
2.810203030832525073e+01
2.674679621211206992e+01
2.620815826773390356e+01
2.535598998963473605e+01
2.652123163707404174e+01
2.603660619061399117e+01
2.607059531043309519e+01
2.601292613489389538e+01
2.668945074937992601e+01
2.576840570391091845e+01
2.654547949066576962e+01
2.534685967046291566e+01
2.771155879794685362e+01
2.661046974414206190e+01
2.486140600107960097e+01
2.710180569493102354e+01
2.639389790654298906e+01
2.570621251591449763e+01
2.643599165973409981e+01
2.595541606621133823e+01
2.861990531329413656e+01
2.667594745485428831e+01
2.716762893607717189e+01
2.552131178639630704e+01
2.832499060665289292e+01
2.609791896091055463e+01
2.693436869986525295e+01
2.764080773360994669e+01
2.689032799615309699e+01
2.625456723142208659e+01
2.565093621701263871e+01
2.703631254352165669e+01
2.679558288669464616e+01
2.630059835677877444e+01
2.630769151735912814e+01
2.637254310550927627e+01
2.671511815927622635e+01
2.652880713881019403e+01
2.637157389388920592e+01
2.701056136036088873e+01
2.641594480064329176e+01
2.659491601353315460e+01
2.696513862458512989e+01
2.583179922708126242e+01
2.696922008654795988e+01
2.624025838996379889e+01
2.702871756981023665e+01
2.614937253497878089e+01
2.673720845855999784e+01
2.790394368649985779e+01
2.762911509201720861e+01
2.680530829345859445e+01
2.646585931364014144e+01
2.592869362699545732e+01
2.638543099989521323e+01
2.789008979072082184e+01
2.660448446082817142e+01
2.711355993756590266e+01
2.651448255592583081e+01
2.577910324858589419e+01
2.680751516915529109e+01
2.634420327280009744e+01
2.768123023618279532e+01
2.589794475804979257e+01
