3.325937229393162653e+01
3.110736667380666987e+01
3.149966939651197251e+01
3.307474468687819780e+01
3.256221399915796155e+01
3.255714386922933556e+01
3.242621282829463070e+01
3.017698692344789180e+01
3.136668659941751258e+01
3.159882719114999716e+01
3.254628748618938516e+01
3.130671233339119297e+01
3.412012233541639006e+01
3.239896752531264212e+01
3.207941231491734158e+01
3.428768848683105119e+01
3.200958692478111800e+01
3.243191849528121651e+01
3.400507812205668756e+01
3.125375416231722525e+01
3.271667057629282027e+01
3.412681466902265015e+01
3.212440855898065450e+01
3.326281840458116790e+01
3.298260037773604836e+01
3.507881488676089532e+01
3.288253712926115924e+01
3.372203376841427058e+01
3.184767118131737362e+01
3.320750834910558069e+01
3.229047829312555962e+01
3.298951146507274501e+01
3.433912678490201387e+01
3.405352248189253572e+01
3.276583824198155526e+01
3.274750549976229763e+01
3.376396822691400246e+01
3.228202382979418417e+01
3.247024322968016463e+01
3.291959997014330241e+01
3.428686477546569478e+01
3.080838691077938662e+01
3.277532296210314655e+01
2.955809262028889250e+01
3.144611233673545314e+01
3.267054118741954483e+01
3.253808244356165602e+01
3.281071758016946660e+01
3.189697220149956891e+01
3.341675559054128541e+01
3.148289521515852840e+01
3.353617376858804988e+01
3.289804461891005616e+01
3.320645445671904383e+01
3.351287737837916580e+01
3.238707130804683487e+01
3.194406856864686262e+01
3.288333976368517142e+01
3.204767854057154608e+01
3.301755282700183614e+01
3.293826566200699801e+01
3.361298645871818280e+01
3.106901924989504948e+01
3.474689890980163653e+01
3.171268609545217743e+01
3.325426553050881040e+01
3.247417761786207535e+01
3.355323962149945771e+01
3.202004985380298763e+01
3.278101283662521581e+01
3.132419738488193062e+01
3.167634069845606248e+01
3.391700787843210918e+01
3.231213991366409743e+01
3.408379568878393684e+01
3.232650005100558843e+01
3.182478417094534962e+01
3.199204471434741848e+01
3.451288809227680332e+01
3.241586382779450304e+01
3.155305063238028396e+01
3.443463714524681052e+01
3.313822044116200516e+01
3.166127478721662669e+01
3.348527295258723058e+01
3.338672312709584133e+01
3.151398425177714557e+01
3.413667275893549657e+01
3.326351353562500890e+01
3.104521362531750128e+01
3.037666459267469321e+01
3.423691661974400802e+01
3.290455812733426200e+01
3.238335891276832967e+01
3.227340014149679348e+01
3.439967843341786136e+01
3.448961686337355559e+01
3.244267389133281654e+01
3.154472209672692884e+01
3.130896914796763753e+01
