2.990284320867068857e+01
3.175915297910405855e+01
2.876589302339461085e+01
2.964031190721022568e+01
2.980699784156945142e+01
2.862247053245358686e+01
2.887951277035049458e+01
3.028923967101559711e+01
2.966109719927673538e+01
2.870956054419843184e+01
3.049621533905301263e+01
2.851461468432131952e+01
3.068077946499942854e+01
3.054395154178235927e+01
2.980077922487901176e+01
2.902080455689049288e+01
2.869799474221037983e+01
2.953160584478605344e+01
2.917647300805908728e+01
2.923248769875431918e+01
2.887285531734797317e+01
2.943004013063464086e+01
2.989153387066210854e+01
3.037149146959275825e+01
2.894884901110298969e+01
3.006234101066257836e+01
2.897464514372767042e+01
3.077851285502300271e+01
2.907685424924910222e+01
3.057373064743518043e+01
3.005474360838477565e+01
3.045496659643213988e+01
3.108821263255419254e+01
2.841710585220564411e+01
2.902718892273840368e+01
3.025017487677665784e+01
3.199934667253124942e+01
3.022487998354660022e+01
2.990129425558135878e+01
3.049466738766559359e+01
3.067672314706759806e+01
2.877067140621037922e+01
2.966696043201895705e+01
3.035089270129220651e+01
2.964326463707206827e+01
3.115409846670005578e+01
2.870000391695334585e+01
2.894482057655678275e+01
3.075392118781584827e+01
3.028260378089850846e+01
2.969932765299610367e+01
2.969929260580246222e+01
2.993203095786502033e+01
3.107386649740106677e+01
3.019872257679315553e+01
2.992376776257807336e+01
2.970571548166556042e+01
2.947249416743107986e+01
2.945384800173955853e+01
3.045136978726470289e+01
2.999692264080113091e+01
2.876082768735359352e+01
3.040293012877648238e+01
2.963712732132194105e+01
3.069673585690160067e+01
2.909467526962288275e+01
2.836114722016925072e+01
3.089343717548765156e+01
3.057716946787223833e+01
2.978397683967367371e+01
3.006242070738302274e+01
2.896786998979262506e+01
2.968757875155569437e+01
3.077618437390842843e+01
3.002926032454940852e+01
3.040276319959490436e+01
2.910483608199543326e+01
3.048860234261722368e+01
2.948835112274452896e+01
2.909471710171441572e+01
3.048495341683072013e+01
2.670824888504402139e+01
2.960224002091148776e+01
3.155574421107230876e+01
3.024494812943989785e+01
2.974725441722841524e+01
2.945850444192652873e+01
3.015673391866680930e+01
2.921409445446570530e+01
3.146065852937400464e+01
2.823614354167231610e+01
2.949749730453495999e+01
2.987373183527798659e+01
2.865385210958164564e+01
3.136352037629646716e+01
2.948012292982754090e+01
2.886220996992151555e+01
2.840006250412149669e+01
2.982231542173081351e+01
2.990823227977049115e+01
