2.674255502572687604e+01
2.699443583740891484e+01
2.735074357238681486e+01
2.759567745256431337e+01
2.892367267107515616e+01
2.686139433616962791e+01
2.612462569916298705e+01
2.672394168664719061e+01
2.622717205528092421e+01
2.844677215509709356e+01
2.853394049717703851e+01
2.835097163585222901e+01
2.651824238272492096e+01
2.759573738701231349e+01
2.777671822566670201e+01
2.739206135565153133e+01
2.687834900698754126e+01
2.777691997046246541e+01
2.752856775030256742e+01
2.782365589947639961e+01
2.702265419635994448e+01
2.775176443814610394e+01
2.703442732638404067e+01
2.620492406311643663e+01
2.739419246010801956e+01
2.695566236892283740e+01
2.589405261773925560e+01
2.785835932467900022e+01
2.676059746229550029e+01
2.718324757056733532e+01
2.753975064048280785e+01
2.636278494103362036e+01
2.836133038864211997e+01
2.790733736167289436e+01
2.846138436893770773e+01
2.695716759999532997e+01
2.730950658565226874e+01
2.743625698364039778e+01
2.668174641505559919e+01
2.769892538170528695e+01
2.720169749671772053e+01
2.661335196404302650e+01
2.741797912105286628e+01
2.623768919196663418e+01
2.680167337198796318e+01
2.782734077368979086e+01
2.901488295533330586e+01
2.688741238999243777e+01
2.707422136023194170e+01
2.742545730241535651e+01
2.694874330416833530e+01
2.710433690817035668e+01
2.779469991102329374e+01
2.642857424981157877e+01
2.631731129335480901e+01
2.783843169608191914e+01
2.690411058243855180e+01
2.696763755635146964e+01
2.675425632781252361e+01
2.788414032274190291e+01
2.578199314077884807e+01
2.764502306897483663e+01
2.704915634723716522e+01
2.832143798301563820e+01
2.706204253065198273e+01
2.699273980978620102e+01
2.700678398537433011e+01
2.661952611146584147e+01
2.622952395571000395e+01
2.622481143766480116e+01
2.733711727927655843e+01
2.735668104156032854e+01
2.683634617427745894e+01
2.845717286358198450e+01
2.739280270363385839e+01
2.614968225150485992e+01
2.790879810986451304e+01
2.662942628441223292e+01
2.793822775004800008e+01
2.626451962067261192e+01
2.717630200321370992e+01
2.773459898759911724e+01
2.500569226195143457e+01
2.708437478421256372e+01
2.728149400414263681e+01
2.843570449727649319e+01
2.603252512063016866e+01
2.699321078967054177e+01
2.826242285741292193e+01
2.680659829141619710e+01
2.735799416992912825e+01
2.876439097285313551e+01
2.594092704677136041e+01
2.728999521176348608e+01
2.693183292440382459e+01
2.682179295760835558e+01
2.787251790474073943e+01
2.744194644038485364e+01
2.752218795240337812e+01
2.689246492561404622e+01
