2.971054370380099030e+01
3.200204932854533979e+01
3.035109624918721138e+01
3.097087410335756630e+01
3.097873548516642117e+01
3.205091050550437615e+01
3.235347407335986958e+01
2.899274875919662620e+01
3.175154448426806653e+01
3.076759585163554078e+01
3.142380264353262120e+01
3.143498113584675835e+01
3.063128949227164100e+01
3.269534469957978473e+01
2.862304919317308105e+01
2.963868853408339277e+01
3.202702530395885816e+01
3.044802827415357172e+01
3.035982158198370584e+01
3.075412831842046302e+01
3.047893161683022356e+01
3.110117686489170552e+01
3.114064213051070240e+01
3.091108717030862607e+01
3.016380923183943707e+01
3.093403316654613988e+01
3.088322118455806731e+01
3.142477892841299081e+01
3.037805933198672648e+01
3.145384951421869246e+01
3.009601182005277664e+01
3.124122520255860280e+01
3.091924873154374609e+01
2.920924320755985448e+01
3.076675781469666049e+01
3.016107540491581318e+01
3.121159230053797984e+01
3.261785498588174903e+01
3.019610442716486176e+01
3.182803385086917203e+01
3.077573753733443951e+01
3.142746666360300978e+01
3.055002096670026290e+01
3.186687739933980623e+01
2.965531958140195457e+01
3.102653609764665532e+01
3.060254551360142372e+01
3.180583198570727177e+01
3.081584339120760063e+01
3.157875608531785261e+01
3.249258129469962597e+01
3.113873686071210045e+01
3.318148191070181241e+01
3.120909379161561858e+01
2.931582294220456220e+01
3.286009335811102261e+01
3.284750382392598311e+01
3.083299762335473915e+01
3.169157313813007093e+01
3.181060339916886903e+01
3.161166221969140722e+01
3.225023407730904523e+01
3.213137182741688491e+01
3.238658501923253397e+01
3.122663941135186505e+01
3.197071610465133773e+01
3.032919700427843068e+01
3.300519428961642632e+01
3.182308789772445934e+01
3.236791884419373844e+01
3.141947485180491029e+01
3.368310701333459178e+01
3.057050089440015128e+01
3.019737966054258749e+01
3.195484603806870894e+01
3.008637583739048793e+01
3.148133306297818379e+01
3.054140471581095895e+01
3.201129953371826531e+01
3.077962584345684860e+01
3.162310800585118642e+01
3.028173496446516921e+01
3.039059057649656737e+01
3.196252611611116734e+01
3.044582044298343959e+01
3.214905457393020072e+01
3.245074046873600082e+01
3.340035594270434416e+01
2.995036496578275020e+01
3.325222781469985023e+01
3.032123020175046335e+01
3.229261964241906924e+01
3.143485632926082829e+01
3.076892172280880899e+01
3.282959865242335695e+01
3.113205771681759160e+01
3.047384451334351851e+01
3.044064649443762605e+01
3.036337413590092282e+01
3.076634053201764729e+01
