3.982976628400489716e+01
3.908268733122513083e+01
3.983122248161145507e+01
3.845483049349897442e+01
3.995178036715402925e+01
4.279020845925797545e+01
4.012855366447423933e+01
3.890151951632870464e+01
4.169513181417180192e+01
3.798985409625135645e+01
3.762410616926415940e+01
4.324835584714342218e+01
3.992320783101384762e+01
3.802057944868614214e+01
3.956806552978927982e+01
4.154071140531569739e+01
4.008432622248707133e+01
3.854526083882662135e+01
3.969140973479338186e+01
4.055590649468975073e+01
4.181658666908542443e+01
3.886740034538220101e+01
3.960612346791080540e+01
3.859389060480814493e+01
4.447517188303519475e+01
3.913289684185535577e+01
3.877105542102194136e+01
3.942907697088174501e+01
3.819155919001539701e+01
3.978974237033040851e+01
3.911012108534283982e+01
4.227121004279620564e+01
3.951910974820657430e+01
4.088637965628812765e+01
4.018408557821874894e+01
4.085782115749180576e+01
4.275262350370566367e+01
3.871223703746129985e+01
3.048211900436419342e+01
4.126621666733674942e+01
4.216563917908442960e+01
2.665306426439598297e+01
4.297165190970271453e+01
4.131440826711451564e+01
4.181426007822231128e+01
3.793627266974733203e+01
3.830444527984355574e+01
3.975679034977488868e+01
4.171147050352451657e+01
4.124762567817330705e+01
3.983819909687980498e+01
4.138151796975976282e+01
4.147757975499984440e+01
4.183061685718533340e+01
3.968933628466987784e+01
3.923110819917931025e+01
3.734082051799618540e+01
4.247780350990325360e+01
3.993998242536144261e+01
4.097882201766483945e+01
4.068893769201734045e+01
4.129686917280351111e+01
3.990689119893971082e+01
3.811600366880136193e+01
3.638837353613243408e+01
3.742721927682386962e+01
3.990948141414338579e+01
3.787451122733279618e+01
4.150527571688284922e+01
4.015497687105477809e+01
4.050780526991351138e+01
4.173398842606727044e+01
3.864031896399050936e+01
4.081722259871813918e+01
4.180889584342092036e+01
4.082958896469796883e+01
1.024183170747471117e+01
3.792909333445651754e+01
4.014303458266010693e+01
4.033527726267276847e+01
3.812318958881712661e+01
3.708239806021551743e+01
3.899361333016567954e+01
3.799317171144582517e+01
3.956130990630241939e+01
4.067877824560918043e+01
3.814677979992330847e+01
3.907520729807576032e+01
3.945068890380735382e+01
4.163243430321237781e+01
4.037773686900114711e+01
4.016443942527024547e+01
3.902778025641731574e+01
3.753357010225988688e+01
4.001229482372242074e+01
3.893240993159145802e+01
4.322922634045244905e+01
4.184043912910853180e+01
3.981937735890343788e+01
3.886525539879739455e+01
