1.664921682975019124e+01
1.662965727302941232e+01
1.703125039074868496e+01
1.709123624161823329e+01
1.675999067306741352e+01
1.684870976340819126e+01
1.662758265665091173e+01
1.670236411124744080e+01
1.655550241324799643e+01
1.645136170266224696e+01
1.636257954927224034e+01
1.656293116082486705e+01
1.707098617870256163e+01
1.699093961334391523e+01
1.688422024159098456e+01
1.683336033045375046e+01
1.672192323182266804e+01
1.660909634569515347e+01
1.707234270162216561e+01
1.703362274057795034e+01
1.712180864513274159e+01
1.722013424898706191e+01
1.734228173740874368e+01
1.688873909806828166e+01
1.683868323929246102e+01
1.656463708851482153e+01
1.639411763476131512e+01
1.658035694627567480e+01
1.738864529336304088e+01
1.674617647953532895e+01
1.687974705865074299e+01
1.678586789629558496e+01
1.669835434857959200e+01
1.676469872597285971e+01
1.679476900671646433e+01
1.687190237390318259e+01
1.639521423276061185e+01
1.670911080871417198e+01
1.642263324759704801e+01
1.625459218314902188e+01
1.727183131694746976e+01
1.693856832499376708e+01
1.720800828971402296e+01
1.672920121314764330e+01
1.666031721084189599e+01
1.698606624468688153e+01
1.671138735570766798e+01
1.709153108074140803e+01
1.691703904569954631e+01
1.700645677654078014e+01
1.708536620745818979e+01
1.684768376732876760e+01
1.703432042899662946e+01
1.703112820801493399e+01
1.691830109998888432e+01
1.667936310219502971e+01
1.638471727414463786e+01
1.663838846905635549e+01
1.739107811146990201e+01
1.663857238434942687e+01
1.651124888298513937e+01
1.688530713040798048e+01
1.648833761592913660e+01
1.633314655081317213e+01
1.656975608027102354e+01
1.638335302643736213e+01
1.686673167545405860e+01
1.667745565094481108e+01
1.689731159118623438e+01
1.688222246337174326e+01
1.662691763193843641e+01
1.679464297632738479e+01
1.704538703973642555e+01
1.684477127014311293e+01
1.664879649135336592e+01
1.650736137511798063e+01
1.664470385119499696e+01
1.659687973324793475e+01
1.706096675050816813e+01
1.684376925667065805e+01
1.687667847266705579e+01
1.711994011308864927e+01
1.695959953531869857e+01
1.684145892704509961e+01
1.671855174943746647e+01
1.694709308372176082e+01
1.684122718506382554e+01
1.665382654395097717e+01
1.697117387297738489e+01
1.664435538096167377e+01
1.668389943292270061e+01
1.674819088098858799e+01
1.686534856938692784e+01
1.706512384548238259e+01
1.680201062968014014e+01
1.669018674067261543e+01
1.691249196728231752e+01
1.645326988785292599e+01
1.672288611008290715e+01
1.671611098154517805e+01
