4.125133772775441798e+01
4.238312212876616059e+01
4.163730295476606358e+01
4.362067441211021901e+01
4.018631836835371018e+01
4.054217765943357676e+01
3.855965105034477602e+01
3.822668783623701216e+01
4.110248345407951831e+01
3.946765590256357115e+01
4.078147489044162910e+01
4.286180191895113012e+01
4.034322209347393340e+01
4.052540731519528805e+01
4.136291725293087751e+01
3.927192835554748029e+01
4.035411503458943372e+01
4.013132216904645588e+01
4.132274748848015378e+01
3.852622709185467897e+01
4.024462959917917004e+01
3.964691729092206174e+01
4.212780678919151711e+01
4.126563267191836815e+01
4.011489479092244181e+01
4.198719792814020479e+01
4.523282309244348198e+01
2.914105422196844941e+01
4.406683732331062231e+01
4.140797721915149765e+01
4.195079867044429989e+01
4.137965877424217354e+01
3.967395812422621049e+01
3.185448188440791384e+01
4.100655175931265006e+01
4.222385649726191303e+01
4.078564380776145271e+01
4.236728077387957825e+01
4.397347501333219100e+01
4.334261382331065704e+01
3.415042428847550582e+01
4.255588400208681321e+01
3.867083096053584512e+01
4.244187740590289337e+01
4.050677850919404221e+01
4.166519789577417043e+01
4.042783379282306555e+01
4.141191366770794957e+01
4.092401646417030037e+01
4.374756423073345957e+01
3.997253802622049790e+01
4.096558786807741370e+01
4.228787066168860065e+01
3.906998564511792438e+01
4.118262867041862307e+01
4.289997353696239202e+01
4.303056545017650336e+01
4.202738647599283439e+01
3.875840591154917547e+01
4.077068154125256427e+01
4.039793909157874907e+01
4.142663867625728358e+01
4.199704654920214608e+01
4.032028607668144105e+01
4.011391578678900771e+01
3.893348674846281909e+01
4.185558570459167527e+01
4.070384247973261438e+01
4.173010933787966792e+01
4.242247433467451856e+01
3.454097358676568064e+01
4.395560625522179521e+01
4.273778948338232908e+01
4.196787192124586596e+01
3.959588025442108261e+01
4.150677879406446635e+01
4.000360547012068935e+01
1.384108027689151577e+01
3.865174323412546187e+01
4.024880087243202098e+01
4.215965456696930858e+01
3.834460535444637941e+01
3.999921297913017781e+01
3.769467461968240229e+01
3.923306562440972556e+01
3.904420852909414208e+01
4.319419207106145109e+01
4.372696999797227591e+01
4.093055701438537142e+01
3.964051455599059182e+01
3.857616173527397763e+01
3.816557986215610043e+01
4.076823178743229192e+01
4.010555525828862500e+01
4.074026900685684893e+01
3.903819598057791751e+01
4.059457844512013480e+01
4.027292024022085570e+01
4.138938613460486238e+01
4.055820636037388027e+01
