3.720874691566309167e+01
3.826374311356273950e+01
3.695029119621786151e+01
3.678674025438561301e+01
3.786557590370549065e+01
3.730018339360150748e+01
3.561880976164009383e+01
3.543007171749945883e+01
3.608834921532405104e+01
3.635340144702710319e+01
3.989659926161250070e+01
3.708649965787261493e+01
3.657660106597018057e+01
3.955899633311881303e+01
3.547693099472337508e+01
3.800538165139758462e+01
3.909624245213722560e+01
3.761885822401669088e+01
3.841503294756962106e+01
3.718450014720679064e+01
3.701329223322115780e+01
3.267027844039883888e+01
3.737408961337050073e+01
3.674838594646677592e+01
3.798366469983663052e+01
3.514114030159282009e+01
3.617921833181583224e+01
3.625143480810180563e+01
3.619911704380922401e+01
3.641704160619248398e+01
3.819451935576996249e+01
3.840738919419649022e+01
3.562172410517445797e+01
3.790997654274767115e+01
3.892295442965652796e+01
3.820764860968547083e+01
3.724239279856414697e+01
3.852622386290050827e+01
3.974656368571837106e+01
3.855577744946948826e+01
3.681005987286724945e+01
3.819319936475333321e+01
3.775275377057781867e+01
3.712320881289752350e+01
3.835074475120111970e+01
3.830086576641686946e+01
3.636979961100757208e+01
3.642738762368509242e+01
3.518898589795963971e+01
3.946338878494761815e+01
3.920003726747061279e+01
3.929796065822057471e+01
3.663878657456577770e+01
3.525806200379377486e+01
3.730889012781725000e+01
3.556216239270379731e+01
3.710334800740962891e+01
3.866803268845313113e+01
3.748136384374902264e+01
3.639046250577988673e+01
3.847496416751242521e+01
3.853869873561219350e+01
3.960439076651946522e+01
3.858068111529190958e+01
3.779780042107851301e+01
3.855660852279267914e+01
3.792327237143629048e+01
3.626272216640781920e+01
3.868316202671476134e+01
3.715754731635295371e+01
3.618246875969956022e+01
3.640349448759812390e+01
3.674264829259632137e+01
3.525743255443617841e+01
3.777692696067307310e+01
3.572396883595419581e+01
3.563506769690047804e+01
3.873812557524730238e+01
3.880488013839933359e+01
3.877507678240392153e+01
3.861866362737154645e+01
3.586653406471943129e+01
3.629889498099783651e+01
3.576107672799672343e+01
3.777214109401770514e+01
3.732041745050214132e+01
3.968833674691754965e+01
3.687872038118220530e+01
3.787546743911454428e+01
3.796577089990055498e+01
3.906266728651664266e+01
3.739076561587263825e+01
3.458565165855692669e+01
3.616381953119386594e+01
3.656476396683815722e+01
3.827832451742558106e+01
3.796625477915788593e+01
3.647004369408623603e+01
4.163122214621136408e+01
3.883624027552082936e+01
