4.117419998644832901e+01
4.196156802151396192e+01
4.103365977160830624e+01
3.979914712465327398e+01
4.165631602318529048e+01
4.054164519284625356e+01
4.344896659694217789e+01
4.163231715296213764e+01
4.029787872582004127e+01
4.263245769362828241e+01
4.002230790655382719e+01
4.019663879214267865e+01
4.293364072186162161e+01
3.995847015128226332e+01
3.628942240825644916e+01
4.421583061070689524e+01
4.229862020209085216e+01
3.924335830101367151e+01
4.000786771790442486e+01
4.095079437749460283e+01
4.418930772700750964e+01
4.176555880637175733e+01
4.291979122344201869e+01
4.303133831444047530e+01
4.055101616387583618e+01
4.044380921602493117e+01
4.273058261606929875e+01
4.275982666407598742e+01
4.000278413729651561e+01
4.041770189735982655e+01
4.128669432057234445e+01
4.019029688647676579e+01
4.226014704093034169e+01
4.080755324342224810e+01
4.095380077123395779e+01
4.308995334537433308e+01
3.734388805450278426e+01
3.935736976897519668e+01
3.594919043497099409e+01
2.606445309724242776e+01
4.186763968248292400e+01
4.133262173763666425e+01
4.146116793560342018e+01
4.035855218865528116e+01
4.158301206107844905e+01
4.303850300007036367e+01
4.336051875656217902e+01
4.178169202429572238e+01
4.333499058567969797e+01
4.242583717481470984e+01
4.201554006064219493e+01
4.305662724529475582e+01
4.171400093036228895e+01
4.020626805848348795e+01
4.121216455396145051e+01
4.063511792703021541e+01
3.959421902824742290e+01
4.134906500357774917e+01
4.061078026854269041e+01
4.040145954816416207e+01
4.145362844704732197e+01
4.066749144924492754e+01
3.462811610081020319e+01
4.031164430187111236e+01
4.057101520178898824e+01
4.155423063083513568e+01
4.055908605813467460e+01
4.175792088047950301e+01
3.075551110750346240e+01
4.118099218515628479e+01
4.318767835542613653e+01
4.213269006408253858e+01
4.178923608322959637e+01
4.132254639631225501e+01
4.343665875812484245e+01
4.471240669244404842e+01
3.804533999002032374e+01
4.079193520914186166e+01
4.108879778681809114e+01
4.139099943020148231e+01
4.185920203974484366e+01
3.657769801088454642e+01
4.354019325480891922e+01
4.023240262735956208e+01
4.444866727337002033e+01
4.101643719647903907e+01
3.965015590357678832e+01
3.742147271017927324e+01
1.778880979640108961e+01
4.436434531733054598e+01
4.004746515295627063e+01
3.907903027404298513e+01
3.728168087891202731e+01
4.206734679886701400e+01
4.233005068734605203e+01
4.134979627277345315e+01
4.102806256720547395e+01
4.214399860121404373e+01
4.328281177930887225e+01
4.136984960981764914e+01
