1.362138382790800506e+01
3.566696439495340343e+01
6.560598532457286858e+00
2.216224382608314158e+01
4.569657248732601573e+01
4.473065663238040912e+01
2.199579120729777770e+01
1.737247161363248438e+01
1.160022998059243093e+01
2.116811300726730138e+01
3.274627929935341086e+01
8.102279118517632384e+00
4.487548500756704328e+01
2.914293584008484927e+01
4.726485528496663591e+01
2.285275622054730604e+01
4.553316687893008208e+01
1.993463464922562522e+01
7.496816021380990236e+00
1.287458117049429873e+01
8.660829667920609154e+00
2.935960340504800570e+01
4.260442887268523293e+01
2.847368026790111273e+01
4.160649433146867437e+01
3.896283894393829428e+01
4.323009077275365541e+01
4.646162459862331673e+01
4.342163148054459043e+01
4.833130564526510398e+01
4.099344908292744094e+01
4.364809210576370901e+01
2.410457971065797267e+01
8.421806137860727404e+00
4.523741166050898954e+01
2.469309661657060673e+01
2.963210516538786266e+01
4.400223588996092872e+01
4.355196870618927107e+01
1.112403245509576699e+01
4.489197150023148453e+01
4.326978465496552673e+01
3.713906509263187417e+01
1.000537202936145142e+01
3.516586092135165131e+01
4.265764478350566691e+01
2.236824552431520274e+01
4.683173115516904517e+01
5.549846216030094759e+00
4.312673162484060896e+01
3.287032615392831048e+01
3.032029149153837722e+01
4.528749072232056960e+01
4.644109504261810883e+01
3.317632874515219044e+01
3.684974868208722398e+01
3.031682123484275948e+01
2.437115052811823901e+01
1.136764363378820164e+01
2.393569359797004026e+01
4.531411583729192927e+01
4.366069099544348120e+01
1.579045911899117804e+01
1.507538860011089987e+01
3.880948314116545816e+01
3.388574524887089012e+01
2.402323047943093215e+01
1.018298343356343949e+01
4.271059220989918970e+01
1.737897689562730363e+01
1.542313057681920263e+01
3.145249853996797640e+01
3.801821853204457824e+01
5.795693669220292499e+00
4.377605408886941518e+01
9.189897289679338499e+00
1.666780419940221947e+01
1.252640505982959773e+01
3.739683682211442317e+01
4.466345435904364791e+01
4.537475718722659224e+01
1.098639741369314038e+01
1.770537203667770143e+01
4.551794344766756240e+01
4.496783012836566229e+01
4.544307649656673220e+01
4.594738426477545801e+01
4.498889301136596686e+01
3.826742694693098912e+01
4.509093536498311039e+01
2.567066076680533371e+01
1.778722106672940839e+01
2.937012292852121575e+01
3.521547330730182779e+01
3.551283920346210721e+01
4.396874833078207701e+01
4.471737759593985828e+01
3.381756599174766365e+01
4.574073096581956577e+01
4.295926249028128296e+01
