4.246458681914403144e+01
4.313339381270286310e+01
4.235103796244666796e+01
3.486742048949529504e+01
1.617450515793287380e+01
2.853892506704004361e+01
2.771879143125780587e+01
4.462054464452986480e+01
4.414790075941199632e+01
4.488689438902182616e+01
4.156766561222512024e+01
4.347274320228900990e+01
4.233878313708308383e+01
2.854444165212592210e+01
4.324617185873445635e+01
4.447721282946665866e+01
4.415217803224032878e+01
2.227000131652297199e+01
4.311984292968688948e+01
4.510233532142389379e+01
4.190427980666488139e+01
4.301435103941764027e+01
4.366983232722600405e+01
4.057454391619925360e+01
3.580828629871762558e+01
3.907732053641085201e+01
4.225082088567908301e+01
4.323200743366127341e+01
4.318996928761934129e+01
4.473576979072689142e+01
4.183544445035424530e+01
3.148118246790468788e+01
4.516874926816544189e+01
4.495945919623844134e+01
4.376470042144905648e+01
4.192295986326185897e+01
4.133048097651320063e+01
3.415066461889755089e+01
2.942054435548203628e+01
4.195622128694371611e+01
4.113800940464626166e+01
4.275662031985001477e+01
4.538468488455114880e+01
1.734754233013202551e+01
1.804849418373791181e+01
4.301452253287342842e+01
3.388432527993868604e+01
2.231742363624708503e+01
3.841514475795008110e+01
4.396933489603042489e+01
4.505494833334898885e+01
4.558767912668526634e+01
1.368339456978100621e+01
3.483193624147529022e+01
4.429064651170805433e+01
3.924371065487711974e+01
4.380646485091068598e+01
2.307076940981337998e+01
1.535307183346664850e+01
4.293742524563082696e+01
3.381970725921419785e+01
3.988758161228174259e+01
4.331841112189631104e+01
4.120728549082963355e+01
3.834732251536862435e+01
4.234044790046470297e+01
4.036261120116348877e+01
4.079713667954946743e+01
2.747621250167291507e+01
4.369703753195161511e+01
3.498886617894279993e+01
9.364777658311483677e+00
4.175533732059168557e+01
3.026459886146188438e+01
4.353066472087490268e+01
4.210953282524351948e+01
4.269002679162777980e+01
4.305229762850059672e+01
4.532395499903852709e+01
2.677246022369529044e+01
4.682906225274972201e+01
4.373745615692342170e+01
4.098487370892065229e+01
4.592530294385359468e+01
4.321371755828236871e+01
4.117685270398816044e+01
4.365519894556701530e+01
2.211231561458731676e+01
3.331177152110570461e+01
1.521366027097135998e+01
4.675503167800793847e+01
4.142393694360003309e+01
4.224224043911652160e+01
4.576114806857508910e+01
2.627191195244902033e+01
4.373579130187881248e+01
4.128745393616346604e+01
4.180140634778568653e+01
3.632871526733624989e+01
4.487169671876941379e+01
