4.170535612480902898e+01
4.294929431804461473e+01
4.319791224915017835e+01
4.298668347002631407e+01
4.409238562246456183e+01
4.322207279713794748e+01
3.264916156124382240e+01
4.443189782853692549e+01
4.203806124643999453e+01
4.122597999493174825e+01
3.789139018227913169e+01
4.184050211897991289e+01
4.174365680378099341e+01
4.075095701182257812e+01
1.055391747463623808e+01
3.856767158640578685e+01
4.216564312953063620e+01
4.161085644483395640e+01
4.550926540873878423e+01
4.017021746658417669e+01
4.309253712084385768e+01
4.012312043289396257e+01
4.281418279817165029e+01
4.383433280639240337e+01
4.231004822307993862e+01
4.123168649209256387e+01
4.424700649299243338e+01
4.080502649043384622e+01
4.211945158918013021e+01
4.176685522275731444e+01
4.107764594926220525e+01
3.932682804044574709e+01
4.402060111707653789e+01
4.275532616381673989e+01
1.137591072780197621e+01
4.384642896827531899e+01
4.291487005751361750e+01
4.066336193975219260e+01
4.216613927632587178e+01
1.688552364849185849e+01
4.196595176265635985e+01
4.162042360023830412e+01
4.258727763210842454e+01
4.118036009341165737e+01
4.370988610849870071e+01
4.310763776323294394e+01
4.046029097302916711e+01
4.107819511116511535e+01
4.192184302882404268e+01
4.437573348237788906e+01
1.841956831695923569e+01
4.542502565110434887e+01
4.430290064006194939e+01
4.327666687071283036e+01
4.286421846963675364e+01
4.197188475879800507e+01
4.277410411758152264e+01
4.254694527544521065e+01
4.254744408093684171e+01
4.356784117325253192e+01
4.513864846841275380e+01
4.173528829304805043e+01
4.078743357876797404e+01
3.940269780658405097e+01
3.913395527483170611e+01
4.119773039903301282e+01
4.354214809658027008e+01
4.219018368325018287e+01
3.870408438327838496e+01
4.270554312707687927e+01
3.999152485576498606e+01
2.554724254982243536e+01
3.895351479944537942e+01
4.392774349169570058e+01
4.249626626139747998e+01
4.087863980977180489e+01
4.330808988065185616e+01
4.209712263437887003e+01
4.108325313830763292e+01
4.312779783997115146e+01
2.462029225223492546e+01
4.311128884001775674e+01
4.369295730647193210e+01
4.256998130540525693e+01
4.295084358560055193e+01
4.319574901662377187e+01
4.119954992646655256e+01
4.318400574506738820e+01
4.261190424980929947e+01
4.213312545792014419e+01
4.329059193551735518e+01
4.214388483368824012e+01
4.246482069154549066e+01
4.015996484760167817e+01
4.283537416629631167e+01
4.381052831441201789e+01
4.570170298817337340e+01
4.107179665651071332e+01
4.033801129808502850e+01
4.205886368148019727e+01
