4.008206561589788208e+01
4.376342411647429742e+01
1.090818040168928249e+01
3.763719757335721994e+01
4.303191747757148988e+01
4.368572893224610709e+01
4.169143817749366576e+01
4.373887679693886099e+01
4.134148572603277927e+01
4.145853083540766448e+01
2.992096761458522991e+01
4.078797687761549895e+01
4.019702736435598922e+01
4.072465329529816813e+01
3.880187601260826114e+01
4.425562295225639531e+01
3.633339516774796607e+01
4.191921414483907427e+01
4.148277551090882298e+01
4.194796877804674295e+01
4.146925695474073592e+01
4.271304415771106733e+01
4.496256777668178017e+01
3.881449837131663827e+01
4.298869591100682896e+01
2.324979474298252669e+01
4.325621497299869134e+01
4.169827954144253113e+01
4.333540185205797712e+01
3.786738607632280917e+01
4.305211275358783496e+01
4.162927464499153984e+01
4.195359531347489934e+01
4.345851231853526286e+01
4.453790455867282816e+01
2.247664282810825753e+01
4.449347912157413276e+01
4.226742946907589271e+01
4.270608705892094292e+01
4.467826779084101929e+01
4.163355210040239740e+01
4.201298661015978553e+01
2.656951310482162398e+01
4.373389748741573868e+01
4.400588027341239439e+01
4.446292773148276467e+01
4.173329661862585738e+01
3.928702888447518404e+01
4.284295018113912334e+01
4.447058071865860995e+01
2.017580325949289843e+01
4.292112936626197950e+01
4.519987990672889566e+01
4.300991103183375941e+01
4.208194503802962316e+01
4.376391928737335490e+01
4.277434526440234208e+01
4.223688596180978294e+01
4.193191108514373866e+01
2.430848046103059090e+01
4.416948782905559057e+01
3.326742311018452369e+01
3.961784120629327077e+01
3.766201529517437052e+01
4.168313244909090542e+01
2.575750651404761982e+01
4.250018084982226441e+01
3.251611946242200446e+01
4.353303136840179377e+01
4.323180688832587748e+01
4.472781769311691136e+01
4.418309407231241437e+01
4.151328874369371391e+01
4.181119066530018102e+01
4.403035080770557386e+01
4.235912902187801876e+01
4.568021370731898401e+01
8.230653889542379531e+00
4.069966299201198723e+01
4.324115625411055674e+01
4.332375083058737886e+01
4.259202240792571104e+01
3.842788427159884179e+01
2.267907577488479731e+01
2.682827635833428914e+01
4.238863283539618720e+01
4.074701204893744944e+01
4.420599628317872032e+01
3.696460769405042157e+01
4.365666730779346238e+01
4.255183483686251833e+01
4.241362947630642566e+01
4.089547809039993354e+01
4.350524958189062374e+01
4.361079032205707762e+01
3.029584707971842406e+01
4.469371279377639183e+01
3.587001807160479672e+01
3.939332738659057753e+01
4.168371571337607406e+01
