4.488462575510021679e+01
4.510196564518786033e+01
2.254092085169560278e+01
3.038194051493385217e+01
3.875183153356193344e+01
4.601145741658971389e+01
4.536094680282762681e+01
1.276421690466907322e+01
1.046656276045965939e+01
1.911091283809626873e+01
1.471205158134675806e+01
4.295482483722577882e+01
2.777734395795296152e+01
3.244884536324959612e+01
4.397219259686793436e+01
4.608006801977094113e+01
4.235630615121004894e+01
3.289448840033804089e+01
4.239285052886411620e+01
4.399990352162058116e+01
4.215404439394934144e+01
4.493155322431172749e+01
4.211196137678482643e+01
4.549626295004085108e+01
2.186397253066505542e+01
4.058739198815715810e+01
4.592652846835903802e+01
4.158114377783650895e+01
4.058607615929609125e+01
1.842900912783141010e+01
4.413975157507414337e+01
4.113805570238267251e+01
4.254231669828816109e+01
4.429727722081337760e+01
4.233240735503643037e+01
1.914700309562393343e+01
4.493424772799454558e+01
4.253368408316428173e+01
3.311433713521538635e+01
4.213461347710715188e+01
3.554344148086337185e+01
2.964240083971310824e+01
4.318129359346131224e+01
2.385524767809599922e+01
1.876020933095283283e+01
4.575939697510245452e+01
4.459579862268287087e+01
4.572705796556086710e+01
4.424418239751405224e+01
4.407397486088840566e+01
2.913397515571845631e+01
4.522819020678169011e+01
4.247208111792055263e+01
4.220920703774840632e+01
4.125920526165524649e+01
4.392079239201408569e+01
4.376320743471546137e+01
4.403550179451264768e+01
3.177600505601930436e+01
1.103958402800227567e+01
4.240114671216194608e+01
4.310194022836429895e+01
4.236536489306075737e+01
4.594841730344100483e+01
4.657197564618767416e+01
4.361486853068333147e+01
3.452244987963503320e+01
4.495497421383821290e+01
9.726831917513090175e+00
4.348471604570345761e+01
1.325735369312307377e+01
4.289758662925051880e+01
1.717092343883459549e+01
4.254875872628916511e+01
2.674938016550795084e+01
4.398082944612750111e+01
3.404064609435582156e+01
3.545674108632322685e+01
1.008144716710957134e+01
4.103422540587892087e+01
4.375583042856656135e+01
3.945630329138811021e+01
4.102358519485661503e+01
4.415094155764022332e+01
4.440483581345736042e+01
4.442695506798082050e+01
2.323310170557673615e+01
4.314742218139730312e+01
2.530503425202623546e+01
2.325124774104176595e+01
4.145316974773232488e+01
3.822027949471318919e+01
4.268650684813886187e+01
4.140404203672660799e+01
3.132646074232943434e+01
4.118654844252932179e+01
1.319453704977636477e+01
4.492459856206031077e+01
4.558499327400372181e+01
4.178344986763438129e+01
