9.791533318507742223e+00
1.795310289773532375e+01
1.993341382276402740e+01
3.910034769838598212e+00
2.708745165397685994e+01
1.825987526348153622e+01
1.210065060358013866e+01
7.997429933454015760e+00
2.909284630850697440e+01
1.112144264337475974e+01
4.336626744086042606e+01
1.188634484132550106e+01
2.920669802560334816e+01
1.140181757014304154e+01
1.772775516117754435e+01
8.598239561876711790e+00
1.021386533215755676e+01
1.057728066154598068e+01
4.590397452164776126e+00
8.971379491830379749e+00
5.133294515328516994e+00
1.546370859863391978e+01
9.666607738232123381e+00
3.114079338865359592e+00
1.604743429856108605e+01
1.239900079643782860e+01
7.860884237708742006e+00
1.272376772183047855e+01
1.786561719048427577e+01
2.397220330767180485e+01
9.023900798145518820e+00
2.603011187740723997e+01
3.491911776759240915e+00
6.351959604657555936e+00
3.443413474330810686e+01
5.928312330659326612e+00
7.636186411581705080e+00
4.244775312173939597e+01
4.177380782759252043e+01
3.458750393882355390e+00
4.271612644401758985e+01
9.167283025416345765e+00
5.429981126669846780e+00
9.258283692836734247e+00
1.462625895104519991e+01
1.045056717309994276e+01
8.324655449642454741e+00
2.148585181455951698e+01
6.831125231252850760e+00
5.612078598592905365e+00
1.601312554279092382e+01
1.233700122826939527e+01
1.783590776900271990e+01
1.018439546128778517e+01
7.512884356031853450e+00
1.830233461430029251e+01
1.355142348401173180e+01
7.071281857885538535e+00
1.957626563103766060e+01
8.087924189209054759e+00
2.436729190435395509e+01
6.504376448480480910e+00
2.224443682468053041e+01
1.852832454385851335e+01
4.636831121173705839e+01
2.096418673493048246e+01
9.077672759923178347e+00
1.412012933879682031e+01
1.504772945427046515e+01
2.051982174877618803e+01
1.162655225327018904e+01
8.255437376205561506e+00
3.218280458190343296e+01
2.634391187446493277e+01
2.222447272465923263e+01
1.014580074698404744e+01
1.118672594692538702e+01
7.994485066807857088e+00
1.328417245122952117e+01
3.345986595495767801e+01
2.642701422939245148e+01
4.808511691575610314e+00
1.373966438436287518e+01
4.748041602663329641e+00
2.978924079064461594e+01
9.546277075491779840e+00
9.935285485100610714e+00
1.603458008959166392e+01
5.694602093863659675e+00
2.000025808895039958e+01
8.650339594262087317e+00
6.984617543919648064e+00
2.295067959588383033e+01
4.134749914543768767e+01
1.964878773050659433e+01
1.051356489200222732e+01
1.660805932935818419e+01
1.720409427449099482e+01
9.772556016949605961e+00
6.549021236695627302e+00
