8.909878896540107007e+00
3.593265608179630366e+00
1.632412852648838353e+01
5.646756427905054165e-01
2.277671283005208380e+00
9.114175953345984738e+00
3.225609174235922527e+00
3.180361401949061140e+00
1.237051568727847339e+01
2.642034319902538453e+00
2.167953463363027300e+00
1.185809349410046742e+01
6.937748097901930144e+00
3.556774670586297482e+00
1.866649454159563604e+01
7.159652683185565358e+00
5.465290336788169334e+00
3.080832715195775506e+00
3.501915232638773912e+00
3.257375900001215463e+00
6.105745081594946555e+00
1.017829392767422014e+01
7.183002191432175110e+00
1.091154395777395081e+01
1.324342435946498142e+01
1.847155005934149941e+00
4.303799350211165553e+00
5.109945905248721942e+00
1.396117413468494917e+01
5.099574955338645132e+00
1.054856282374337972e+01
9.566791248725277086e+00
3.088359118197781417e+00
1.451701363393858912e+00
1.380976459806557877e+01
4.731961374280369448e+00
5.117933741130135772e+00
7.908032782380891135e+00
4.059800572891172799e+00
2.777549237324960618e+00
1.148210491223334628e+00
8.335495747304485503e-01
6.816878915821306784e+00
7.275961275617191859e+00
6.145773309232072990e+00
6.269761187093095600e+00
2.677637991286123231e+00
1.469869255859436308e+01
1.736625328474271868e+00
2.454304889921499644e+00
1.219575718180909440e+01
5.101185463968359812e+00
1.084089135501822021e+01
1.189048532232446220e+01
4.084345834604317993e+00
2.000884950265527706e+00
4.745782168360110020e+00
1.613677612779722548e+00
3.760905871170101555e+00
5.465617520553624153e+00
5.912963998859066095e+00
1.441546820126308504e+01
6.126199335869458196e+00
2.260525645952437213e+00
1.473357601467617073e+00
2.750736349523713375e+00
1.207054339105587104e+01
1.006149541361911481e+01
8.819639843984175442e+00
8.602245383854267402e+00
2.692267951646616364e+00
5.969680198042072838e+00
3.594402636585873445e+00
6.857188247787938451e+00
1.569330343979067122e+00
1.494638874137274032e+00
4.675625678667352680e+00
7.693136722645474102e+00
1.099656509903284629e+01
8.668473294154594555e+00
3.376907022229222122e+00
2.904041972378454961e+00
1.119795011481406455e+01
1.425593397200685786e+01
3.586479531566324042e+00
3.906071565035143411e+00
1.328367167357048517e+00
9.228856149148780830e+00
5.169054330829334631e+00
1.303993005996504628e+01
2.015177099916635850e+00
1.265424488687834881e+01
1.298044610118759046e+00
2.063344334216205223e+00
3.414302350116089624e+00
3.551631511006493991e+00
6.159048344047225676e+00
6.066668228346930647e+00
9.746000034264062917e-01
8.667044752277785591e+00
