8.323282604600183987e+00
1.012361932135592113e+01
1.396983741700997328e+01
1.582019100019501323e+01
1.144478390297320125e+01
2.638479138261784929e+00
1.354907513535612651e+01
1.158027272336811642e+01
6.632651966541335931e+00
8.520219085709641149e+00
1.318493783560146504e+01
1.367240491526983881e+01
7.355140316125588384e+00
1.811623693660344614e+01
3.403520524214987830e+01
4.839701248133295941e+00
7.810438225990262495e+00
3.020091417897107000e+00
1.553837788146260657e+01
1.196377073263699309e+01
9.523200938557408790e+00
1.047368757293826391e+01
4.390378314388536296e+01
8.078530952282012123e+00
1.352976468239303642e+01
7.327136765220815029e+00
3.112120833629149708e+00
2.519306898731030842e+01
2.072180903223231851e+01
1.140959201598707651e+01
8.915089351881739788e+00
5.160903522219853379e+00
1.339902431436920693e+01
8.683176266774557561e+00
1.095031359970354146e+01
1.002844288907324888e+01
1.968972865236714753e+01
7.704679569842797449e+00
1.439930490940420604e+01
3.850534005006976290e+00
7.871148517433053549e+00
1.192631034122151590e+01
1.242159595345179568e+01
7.358574698273644188e+00
3.850582260000046997e+00
9.909790386345445512e+00
1.329209269624452361e+01
1.496354201394467687e+01
1.509860782546127567e+01
1.275902035768771725e+01
7.611373483043740507e+00
5.861232325492584216e+00
2.317573131776110884e+01
2.104533014095531129e+01
1.023764270079433025e+01
5.949344945338681079e+00
1.087643225502061028e+01
3.077926007697901412e+01
5.244556205169523366e+00
2.551565176743994634e+00
5.412650546589568457e+00
3.238927918774927139e+00
1.524064403345687424e+01
1.139491243153364231e+01
7.129300567730359361e+00
6.252391093194644256e+00
1.117054526112576873e+01
1.698253349864310735e+01
1.950908837508705673e+01
1.497690004996492341e+01
6.711172455336707365e+00
1.062512997411005600e+01
9.272127963030039055e+00
3.027378524694803730e+00
6.022031481126664865e+00
5.970238195158337646e+00
2.075392999126986027e+01
1.393382497451346325e+01
1.644348468614756698e+01
1.220507774304406468e+01
1.505306787343720387e+01
2.477453120204534898e+01
1.187930292040724645e+01
5.519080379835026307e+00
8.791313320529960507e+00
7.964659854966982699e+00
1.642878419058321171e+01
5.359884820374153591e+00
1.955204633785102564e+00
1.584590969163607355e+01
8.828736052243304044e+00
1.977853636019003858e+01
1.042837185704918745e+01
1.068078146133239947e+01
8.826448144528166395e+00
8.609282217984100427e+00
1.390685661703918186e+01
9.760018087187935620e+00
8.526282717337752004e+00
5.575695661650780899e+00
