3.948515801799415303e+00
4.301177400671048368e+00
9.557077975905748701e+00
2.874355427853544587e+00
5.817209563619606172e+00
4.256461603976103625e+00
2.961836726661605024e+00
1.811747338475697688e+01
8.326466794406158556e+00
1.209054954851121444e+01
4.336148717119779228e+00
1.253411559483146975e+00
7.762492656302654170e-01
1.988722496537968620e+00
1.080695848076012489e+01
8.019828709702656155e+00
2.216165672018967747e+00
4.478409297519735155e+00
1.933496344045512849e+00
1.568493635131575248e+00
1.320826612954217216e+00
1.637279693322016838e+00
2.435650498440951051e+00
5.727096783701905558e+00
2.740636036495434524e+00
1.413766626647698699e+00
8.691836063408137747e+00
1.845648543568867694e+01
1.071716012461041423e+00
3.746117639126521848e+00
1.710945630253780791e+01
1.996302647768177119e+00
3.600022980460118482e+00
7.775111611747218099e+00
9.751961002654518040e+00
1.145958579989022175e+00
3.396386578451469074e+00
9.067200040931680860e+00
5.391448407004983956e+00
1.634246077934935570e+01
8.169227368159146518e-01
1.433705505390536317e+00
1.295729560259686108e+00
1.262294162134347175e+01
6.509924147590419707e+00
1.549431142074717105e+00
2.518438538079826206e+00
6.022179923244120658e+00
5.458438070455407853e+00
5.036666242444296948e+00
7.700742604375073741e-01
1.066179509434596007e+01
5.940140100948304358e+00
2.511272078836018107e+00
8.999535353253615977e-01
1.467682329877421310e+00
7.415701718845674861e+00
4.316731840377783236e+00
1.382600293212158071e+01
1.530822438072269698e+01
4.366995307923657421e+00
2.735188395595464783e+00
7.733646515233224550e-01
4.693239371855367992e+00
8.130941995039510317e+00
1.114870276003293803e+01
7.199285940262868166e+00
1.869697505397684090e+00
9.868841693054243080e+00
1.459644870315615961e+00
1.696867444445550044e+00
9.448962987989685258e-01
1.016978078889709103e+01
1.441534940964352307e+00
2.667184782631969231e+00
3.234660400609328690e+00
9.053283812895086768e+00
1.062900786465212910e+01
8.819892224173566664e-01
2.780171366956434298e+00
1.305292013652104677e+00
3.356904143762524662e+00
1.962627257861913721e+00
8.368765851911170728e+00
2.319928573918086379e+00
8.043254935309370524e+00
2.825703026314086319e+00
4.105290280684063653e+00
3.153064012037356090e+00
1.978993046208485396e+01
3.438929044574726035e+00
1.170979469637709158e+01
2.397180674645389864e+00
4.891888968947309735e+00
1.207718992349656517e+00
2.403214198942949853e+00
1.084763885278091777e+01
1.173862684624253028e+01
8.278930484953667346e+00
1.003838067466942796e+01
