7.252001527960484140e+00
5.201079765345870243e+00
8.009825909376379727e+00
9.867614881253164327e+00
1.949549240851758825e+01
1.655813268504225277e+01
8.564851139101495647e+00
3.529616420065494253e+01
8.722142434097126085e+00
3.156284147715222588e+00
6.743531322975801601e+00
1.331985084631149796e+01
4.520703312660470097e+00
1.419274234238725541e+01
2.066508574640930718e+01
8.010725479525113712e+00
1.170855739421024033e+01
1.216329194428029581e+01
3.371372473569875439e+01
1.818944673782015187e+00
7.911472342865455865e+00
4.739509707729429699e+00
9.276335039743809574e+00
1.876477991764594933e+01
1.330263803774294296e+01
6.100429560177570210e+00
3.423555772532849151e+00
1.691968583973901374e+01
1.240740948369584196e+01
1.125515425234626754e+01
9.223541070444293055e+00
4.808160540906703417e+00
9.017252615903974089e+00
9.228967854756838562e+00
7.887980438509509362e+00
1.902044456589943255e+00
1.116027945723136128e+01
3.928282838725379200e+00
7.518895569362736175e+00
1.651161891380325031e+01
5.706752716883570109e+00
8.035748226688244955e+00
4.402895611219496352e+00
8.080836535088407047e+00
3.925567087371415020e+00
3.424739509176912833e+01
6.065553805219034089e+00
2.210961081855863952e+01
2.940581134066742486e+00
1.315814701539586196e+01
7.447550165628109120e+00
3.959389888172712091e+00
5.020186750629941130e+00
1.955651784793287717e+01
1.948822757203276623e+01
1.187730902393524168e+01
2.785688601078915738e+01
9.065488867956547736e+00
6.066978436026722044e+00
2.015425368970951148e+00
7.921332545925268143e+00
1.677257854949020910e+00
9.232821721490450884e+00
1.066834173690838483e+01
1.248576096198507379e+01
9.775484348542274660e+00
1.304590926416572039e+01
1.156270704803036509e+01
1.272174477378194091e+01
2.197016182673118578e+01
8.999562273874699869e+00
1.539370264395546073e+01
8.711169715603922725e+00
1.086898561304776401e+01
1.796226032984069576e+01
1.264095483348429383e+01
7.803305892210264716e+00
5.953626872468860576e+00
2.766977757261620319e+00
7.297204944279855887e+00
6.872820852301142480e+00
1.876730074443198504e+01
1.405022683084075519e+00
5.011119670288107564e+00
1.475968753911489806e+01
8.473020517372134464e+00
1.124974187881684706e+01
1.050969677662547141e+01
8.583170414228723288e+00
1.041801632126447608e+01
3.614962047215619201e+00
7.469956764481703537e+00
7.764384866951099973e+00
1.283751341523924516e+01
7.023555561383837187e+00
1.177607505334274585e+01
5.730886659429084595e+00
1.137642230449247371e+01
5.771934696555985234e+00
5.696239614980650678e+00
