5.717244120869995783e+00
1.034463202204780252e+01
3.778067876721252549e+00
1.547266230155714739e+00
7.646730804630454514e+00
5.411585084396857148e+00
9.601844334804404468e+00
4.712546120017342410e+00
1.100942757911970027e+01
1.720992627572787814e+00
1.034526565283892729e+01
2.764891766725565692e+00
4.145954977923854479e+00
7.244607328169675675e+00
1.312455143069950481e+00
5.275191529464093421e+00
1.384347550589587694e+00
1.015313471978402937e+00
1.274036168405383807e+00
2.592979218815557374e+00
2.000943785741936320e+00
4.829871522316375732e+00
3.294642331898057108e+00
1.718026932298021237e+01
7.284902620376727533e+00
6.961163063365128245e+00
2.206331442462211800e+00
3.623107452835637066e+00
1.898040578038332038e+00
3.781456787998143554e+00
1.068778040533303830e+01
4.549239906966263014e+00
1.093232053934475978e+01
1.130360307698651479e+00
8.316790311869736385e+00
1.965891584929944536e+00
1.984730991990735660e+00
1.719185596205526423e+01
2.439294316228644455e+00
3.738066738933132793e+00
4.908289082389099889e+00
4.821454781832940739e+00
4.718833216970303113e+00
6.422565987858913417e+00
2.636327783146237724e+00
1.834178134299081941e+00
5.051017898781932303e+00
1.021711002313969940e+00
1.123103780714716038e+01
1.499912057254694009e+00
6.029546187135434998e-01
8.637698765518747379e+00
5.119040974385806742e+00
1.586879513764181571e+00
1.275355407715005995e+00
2.050775963151767911e+00
1.338634321178057585e+00
9.171653844280131196e+00
3.414498905313127164e+00
7.018195235000665999e-01
1.776577485010975455e+00
2.160011802092427491e+00
8.904564646408985595e-01
3.437170396430318853e+00
1.796947894963879078e+00
1.567509151216345487e+00
3.255867000824943513e+00
3.581110480254324990e+00
4.862611498557731338e+00
1.545715350690897827e+00
3.032977357451423384e+00
2.191067303639463670e+00
1.506193987345573193e+00
1.295853250178353022e+01
1.148705551444757500e+00
1.449516460835470477e+00
4.013385228699491769e+00
1.063220945744733470e+00
4.225534867196635069e+00
1.139110469160201644e+00
2.193038504406038314e+00
3.977966755131078447e+00
1.117097821809172586e+01
6.526906493147152100e-01
8.093484552560584078e+00
7.170515205049435181e+00
1.207305403733764493e+01
2.527869375253418038e+00
2.057800897894703773e+00
8.325897615553893294e-01
6.134686917404307271e-01
1.413264067558979598e+00
9.188387255063888981e-01
4.815498392215050494e+00
1.673527921766122528e+00
1.198579525311642247e+00
1.202082896113713595e+01
2.515743537428679399e+00
3.541283383854830102e+00
3.859662364572173487e+00
