6.800101025246255482e+00
8.262061543374157324e-01
7.162661165850312095e+00
7.462051232298579917e-01
2.745045898897220393e+00
1.930877164899669296e+01
5.512591843280207904e-01
6.657847525818297862e-01
1.437732313146469210e+00
5.311404818351672663e-01
6.395870215275281101e-01
1.402366418279549887e+00
8.291481913587690489e-01
8.353510482663036862e-01
8.007690079860930732e-01
6.820549120189064451e-01
8.918698311957319325e-01
1.820091586867098377e+00
9.511171878801014667e-01
7.469524849397391364e+00
8.717701509847270103e+00
7.140942397406087050e-01
5.682327386886093512e-01
1.220408636667524194e+00
7.686447539031470155e-01
6.034049119496646796e+00
6.485915295214801368e-01
7.791735395146296428e-01
1.083512263435802536e+00
8.251266737721520528e+00
6.536713634214841306e-01
5.698928960916037623e-01
9.995963710364778265e+00
7.212723523110921020e-01
6.427539088329755401e+00
5.261541390817463970e+00
1.321173253382097679e+00
1.765174250201881012e+00
2.223609969481457060e+00
6.096796542352306281e-01
3.307280308424223936e+00
2.696996136690878121e+00
2.019565322649510719e+01
6.456785757894801137e+00
7.440066079482873240e-01
6.904603058183391706e-01
6.938119961517996703e-01
2.206218901144146205e+00
6.620365185836902810e-01
1.614838282771494216e+00
8.925628398321594492e-01
1.507762018263852699e+00
7.881289019617426783e-01
2.016262994712571199e+00
2.057889681928901204e+00
4.243084067173362506e+00
3.299931210113675739e+00
1.000089313698549454e+01
2.378361501886746776e+00
2.174368146824591896e+00
9.299074977763313044e-01
9.119638753368155548e-01
1.714526642531381428e+00
4.853571565517726505e+00
5.955225825356144087e-01
1.194694484111272326e+00
8.415678090525086086e-01
2.804981286351681202e+00
5.447805555369069630e-01
1.431268466990749921e+01
3.234279763307758238e+00
1.718245864287943903e+00
9.256225991224943384e-01
3.883839612182458101e+00
2.107021608275868374e+00
9.927616576457461983e-01
6.127990829711684739e-01
9.035436326589570299e+00
7.987454062208160011e+00
1.035103873513545825e+00
1.256692037084057523e+00
1.825001679003054988e+00
9.070974750939010400e-01
4.807514147250000924e+00
2.977144099762184304e+00
2.052035597706577619e+00
1.492263847608675364e+00
4.897011771986248263e+00
6.409052296506169144e-01
1.096178457294758601e+00
3.045776302589266127e+00
4.108798171898368601e+00
1.493109624169836724e+00
1.290989896900932354e+00
2.048568486643295827e+00
6.866203894860183787e+00
7.223588099440217958e-01
5.141560956600244481e+00
1.357537194155460814e+00
7.016635733609514203e-01
