6.241708553893181577e-01
5.901095786088622619e-01
1.099605484214611018e+00
9.652678056634628190e-01
5.528431049559643373e-01
2.984853130345627381e+00
7.392215009828485783e+00
3.556962960674340035e+00
1.345413763979861166e+01
1.906103148888697696e+00
2.068810809797276384e+00
8.441927524564177832e-01
1.003038308729166950e+01
1.850488449745914643e+00
6.223761762865274161e-01
1.369770364873630797e+00
5.194564608364856007e+00
2.296456414344597796e+00
1.021855705535094527e+00
5.882032298887790445e-01
1.570474096619939086e+00
7.878241346032838210e-01
4.372655538483416926e+00
7.052761294553473448e-01
9.678033879681229301e-01
3.277308781508542435e+00
8.629157470418262754e-01
2.109112337550040017e+00
7.058182213607854250e-01
1.682719022210255044e+00
2.407030872789285070e+00
2.155437114457806835e+00
5.888864501530330919e-01
4.240347275073504285e+00
1.262003803001460644e+00
7.579104077142969409e+00
1.628150737442176421e+00
1.400996746375471069e+01
7.008244312828720624e+00
1.855890261471688341e+00
2.988396916091932365e+00
1.483333790782210171e+00
1.150010034115920732e+00
4.533786114416410662e+00
5.651061924081227872e+00
1.247792359745987412e+01
6.758818296759886435e-01
8.578519487450638747e-01
1.223769609971389727e+00
4.433697188864128336e+00
6.789325513052885119e-01
5.568449069735956769e-01
2.709719895217477692e+00
7.854195628318134670e-01
1.335209326832626830e+00
1.378475487556580781e+00
1.975458389661117087e+00
1.335081567513896283e+00
1.078713328410270345e+00
3.273423773744633003e+00
5.381548797375986792e-01
1.473653644408943642e+01
7.460911863511384690e-01
7.919086955230337566e+00
1.142633265746367144e+01
3.009819807170207806e+00
1.250941775796037936e+00
6.665860756509677243e-01
1.451911075120236871e+00
2.665758457826871375e+00
8.494183131923754848e-01
2.225665979204233036e+00
1.570141161583175382e+01
7.020114553427887039e+00
5.588573759214819914e-01
3.783715124412943442e+00
9.783050573032995301e-01
2.776621397022842164e+00
9.993079126432145021e-01
2.597737238365612988e+00
3.177870618746799547e+00
1.057772773846452186e+00
3.645691919029830252e+00
1.284823820216513646e+00
1.117057541541979893e+00
2.265310885014489184e+00
1.072227368594632191e+00
4.194651262960983118e+00
1.427792248054000179e+00
4.262242774325597061e+00
1.211029394605436060e+01
4.122877760876420439e+00
2.521599554613843441e+00
1.166295260289656133e+00
9.122669789762803960e-01
7.404426228956929590e-01
1.561577321118184258e+01
9.134922108182694789e-01
6.348537177607220805e+00
1.729703562563157382e+00
