5.167786073551500436e+00
4.813742741526267355e-01
4.766334526056290599e-01
5.363229609551106725e-01
2.224072860948597796e+00
5.982729398244236441e-01
4.952108883368076531e-01
1.264356408168408308e+01
6.060128259657195926e-01
1.889988106292484815e+01
5.411464920106101584e-01
5.661959919434469413e-01
5.307252829552171924e+00
5.627705893112471269e-01
2.048498217175915403e+00
1.673675489382860260e+00
8.293046074697336678e-01
4.809637353036796403e-01
6.752341863341543515e+00
2.092379736148290537e+00
5.798605515230237373e-01
9.617939386874179153e-01
4.727708996682967180e-01
5.250813419108104618e-01
5.154268739655607501e-01
7.934060207274368226e-01
8.506812718135827733e-01
9.312421397228403119e-01
5.759691667368378454e-01
5.132266297427006130e-01
4.562077006935520429e-01
6.969647230959457040e+00
1.006503976144934809e+00
5.042102115973901011e-01
6.031097945786596526e-01
5.346013866852289409e-01
6.421793583387568338e-01
5.047695209518358039e-01
1.195333510935911336e+00
6.966751992599036214e-01
8.799541336807094050e-01
5.715827396455704923e-01
6.532464875227224077e-01
1.420643847313951325e+00
6.166106086237849171e-01
7.748484810824692870e-01
6.580411919061653903e-01
7.773418380262284710e-01
8.930122599613428136e-01
5.580023419086466152e-01
4.923594986876786983e-01
5.589148009255006100e-01
1.911161246665880054e+00
5.462931189608447591e-01
1.799887924990782206e+00
5.069100957187332446e-01
2.732148706613806155e+00
1.709114587325730072e+00
1.234227307502516080e+00
9.896031417273197794e-01
5.309665946190500474e-01
2.688759590721032655e+00
1.676243500464096758e+00
1.995951255200858299e+01
5.563057145018397431e-01
6.795361788661620217e-01
5.467295296349458100e-01
5.645587891911396650e-01
5.447606277838257238e-01
7.761758372104429204e-01
2.583175875098711050e+00
5.349741657722938415e-01
6.113292822507503388e-01
6.413605031899153097e+00
3.733880033521774333e+00
1.778776657977909847e+00
5.398692223723742245e-01
2.765417908551236703e+00
7.281798859676487101e-01
7.160880521746276761e-01
1.076363720623170428e+00
8.545377677213787493e+00
1.064125182961864535e+00
3.360373852812534867e+00
7.009994537703702067e-01
1.476615162417397542e+01
5.525914278339671970e-01
5.431701916751718873e-01
2.473551708268285854e+00
4.375120516155539541e-01
5.585651647029092892e-01
1.204421984519444822e+00
9.434021831653777168e-01
7.604106262844106956e-01
1.016023126562106249e+00
5.167597939017334330e-01
5.690560541327602806e-01
1.963177569197017247e+00
9.623944623221474259e-01
4.312037096768174038e+00
