7.812256024308179558e-01
4.166450591358664468e+00
7.486625555888422490e+00
2.953689012695957850e+00
6.645471666744142691e-01
5.156765953799188118e+00
6.205272583412558829e-01
1.020108504121289839e+00
1.183429429740402439e+00
1.393260112206462287e+00
9.443748185842422149e-01
1.310279020222583357e+00
1.555362771590906634e+00
6.996720723566746125e-01
6.960949217723778615e-01
5.803179229372958936e-01
5.139789522128910271e-01
6.525643573863374458e-01
2.914467944590321657e+00
7.678537587779709739e+00
2.178141944589557255e+01
7.372575224154171991e+00
2.993013570951041036e+00
4.885722627626192249e+00
4.901949234259252108e+00
1.441814873613072701e+00
1.373530811571847199e+00
7.219968465486445997e-01
1.567207026048546448e+00
2.385119709786048592e+00
1.137885852061212288e+00
2.135091330375486152e+00
8.685769398529940233e+00
1.078799328225377163e+00
1.331223021198727263e+00
7.883775032415538675e-01
1.717112906676269812e+00
3.600580530981554617e+00
6.831002198204761733e+00
5.268331677342474872e-01
6.915004206402420861e-01
5.975147406716965204e-01
1.499584199252337768e+01
1.657818684784994945e+00
6.096898004832430606e-01
6.940104521178329655e-01
9.280117109864371994e-01
6.706067441931378159e-01
2.373744456884243093e+01
7.221916639423094919e-01
1.106925434348623583e+01
5.678059413317951831e-01
6.785788323843475744e-01
6.402789420591447067e-01
2.565858525690905001e+00
2.682820710888638160e+00
1.030039581079965627e+00
6.709222096676026315e-01
7.835847973610666761e-01
3.859417625432532972e+00
1.532255020610443808e+01
7.058891077722526664e-01
2.659002140116208501e+00
3.250444279622024091e+00
1.155219557723474466e+01
6.968520400940153570e-01
4.791545975732978135e-01
5.771674682145956359e-01
2.873221014422329578e+00
5.677817689939922197e+00
6.399606628876818304e-01
5.495173796935509891e+00
5.204622375058312045e-01
5.269657457367133091e+00
1.754718726793850436e+00
2.111167250926984540e+00
4.669135090797311149e-01
2.148093481454398379e+00
5.616797774405696275e-01
6.268369564604971966e-01
9.941459775287417866e-01
1.263157163527014459e+00
5.283664532699066108e-01
5.976434687120328881e-01
1.638268076179741239e+00
6.313891852423997975e+00
6.043765873948913070e-01
2.518285475591181655e+00
5.378222841953832489e-01
1.037403108706789423e+00
9.626497413078584087e-01
5.591781663092689758e-01
2.109642664840090109e+00
7.060789636670977698e-01
2.541376767479941456e+00
6.514691157144485434e-01
5.785311386829349312e-01
6.987697887639316985e-01
2.287925989123178283e+01
4.027284521531505623e-01
