6.712347489517267451e-01
1.249434465178533626e+00
1.745189967910796058e+00
7.176545521542400108e-01
1.136515632264012643e+00
2.200666451629645248e+00
6.421708779547991019e-01
4.748860230200051546e+00
5.986061106697274647e-01
4.970228973881370416e-01
6.313352384920486449e-01
6.888164401844358853e-01
5.356940479477825257e-01
6.566593545012889832e-01
5.846289306822657350e-01
6.339539260200004911e+00
6.267064946361232680e-01
1.184108545857444517e+00
5.797245914821546053e-01
1.384814105805456386e+00
8.053707770964469992e-01
6.022499791511137790e-01
4.442804727450750946e+00
2.817947136829970667e+00
6.195522011712630839e-01
5.153536310449049473e-01
6.688997736438900832e-01
4.956876509843706202e-01
2.601219973928259321e+00
4.943107780952035735e-01
4.615341705442408404e-01
1.098037804498871450e+00
1.489093597562595850e+00
1.149107066968499291e+00
6.741953739341449703e-01
4.381701055409372714e+00
4.455464219415496974e-01
5.645827696694983855e-01
4.786193416979150905e-01
6.048820351273886953e-01
9.642605429339191403e+00
7.506425736039392671e-01
2.307711102343692033e+00
5.340868872107527032e-01
8.869110950766233570e-01
9.164335233625300337e-01
1.008739695296212169e+01
5.829132720383267685e-01
2.436546938598621370e+00
5.728893542496724667e-01
1.976656547283089482e+00
5.564239992921056199e-01
1.858190498919532585e+00
5.580698595642541449e-01
6.008568029307642666e-01
4.551613240565038909e-01
2.908834821969361162e+00
5.098443000665132452e+00
5.946621269110661245e-01
5.077972370972503313e-01
6.139727424220343677e-01
9.763188154042716782e-01
5.963760927054690963e-01
4.939274870463519207e+00
8.441357696051070558e-01
7.221520044445064457e-01
1.242115042019062443e+01
5.343949451460134892e-01
7.341170530935342553e-01
2.715327937695676486e+00
6.180084815207391724e-01
6.237666953901301881e+00
3.173857410689209235e+00
5.745495034735440543e-01
5.514477276946138096e-01
5.928473600168034929e-01
5.440564622923332871e-01
1.362748331812078328e+00
6.856894198673445517e-01
5.266278455827099192e-01
9.491938182178103034e+00
4.438973961085975195e-01
4.802313493496476737e-01
5.488183967451213396e-01
6.627108358210911376e-01
5.243135766264419573e-01
7.646036311747962166e+00
5.479934179854547560e-01
5.616577197329737370e-01
4.254990744889651233e-01
1.892682380216405225e+00
9.504776491624399304e-01
1.060792850590068337e+00
6.792006650729713879e-01
5.864752380275942700e-01
9.698732785573154658e+00
5.097145293371198038e-01
4.586034803405891758e-01
6.766364553543903204e-01
6.048927523565494901e-01
