4.812716568113081239e-01
5.160010566282529076e+00
1.483004553951456472e+00
5.509876798466706305e-01
4.691615861997797676e-01
8.073966518675297355e-01
5.781295214881726485e-01
1.099254962620073606e+01
6.491567914394262839e-01
5.505817990603736334e-01
5.087525434065145458e-01
1.696075795801512465e+00
5.103637892772859841e-01
5.012486785277203705e-01
2.252903287611711214e+00
5.867451958131637557e-01
5.982937226348670201e-01
4.576095089690260131e+00
9.016234423000524245e+00
4.193347993453930833e-01
1.630115572045484518e+00
1.229732821217892846e+00
5.994380111138375433e-01
7.416249664903763472e-01
5.186237458225045893e-01
5.178765012046486760e-01
5.345442534196592765e-01
8.378972315167377838e-01
8.604784088470555092e-01
8.183083829291715183e-01
8.817557146153550685e-01
9.775110114879339562e-01
1.204086066710436054e+00
6.098885826678314137e-01
6.266676588175706719e+00
5.312759389881385186e-01
6.666818976874799851e-01
1.341161561463594998e+00
2.568527501018246451e+00
1.536871324615483259e+00
6.064685831411601447e-01
1.222747645980736664e+01
1.077745923271896666e+00
8.103896920766042733e-01
9.795458244463350894e-01
5.747384196273581658e-01
4.787969345175724922e-01
1.023561749072338101e+00
8.489258575239715388e-01
6.988619102774350722e+00
2.124992427137827100e+00
2.532146628514491127e+00
5.328364741462471299e-01
7.013854795351154303e-01
5.610841982674562800e+00
1.875900578777224936e+00
1.001743205992152053e+00
3.006217051274069796e+00
5.226241700229904419e-01
2.697399111582435172e+00
5.961768877570159386e-01
6.460563024116148245e-01
6.491552568175233962e-01
6.646047351730027808e-01
1.115158788703629167e+00
7.724875603531449197e-01
1.648938250817741258e+00
1.917938727082078909e+00
1.168348811296311851e+01
9.381236096406370129e-01
1.022624746382514882e+00
4.589073933838660468e-01
7.618286564401866023e-01
7.971265486460820782e+00
6.501261424069209038e-01
5.177048563892501232e-01
6.394902203870840296e-01
5.463656937843256456e-01
3.583172156858215995e+00
3.482820273459473981e+00
4.457866291063362851e+00
4.957736637944266000e+00
1.919756539871302348e+00
8.129976256899289488e-01
2.753491251558730646e+00
2.459516388584741531e+00
4.106701981197186768e+00
5.935581218448483520e-01
8.269090337228570675e+00
1.489223822126753749e+00
1.736074107828192714e+00
2.686743395005096957e+00
7.245827941090637880e-01
7.235913342431192774e-01
4.474510381862297770e-01
7.524243276238494760e-01
5.674777745743281310e-01
6.500843252865068367e-01
7.619940611727730184e-01
1.017818965826504440e+00
