1.305791538457216960e+00
5.637282752104920691e-01
4.706344729039289021e-01
5.545120778354593050e-01
9.479583175917244420e-01
5.641568494110957843e-01
7.087868745464944720e-01
5.033076159674878536e-01
5.026992123801899970e-01
5.076429554508090636e-01
7.519535920473697788e-01
1.139413977160302460e+00
5.301384190435599608e-01
1.183321723317375174e+00
5.551345773995616240e-01
5.389014916912184816e-01
6.942490234437012075e-01
2.149094174531280821e+00
5.850330624056395701e-01
5.725026650165899733e-01
5.874638660009626756e-01
4.755491114120046214e-01
2.194201884852446227e+01
7.359785102989121475e-01
4.499798232444595314e+00
1.267115328869306445e+00
1.063117752505880453e+01
6.435327707124740559e-01
5.716894920173532846e+00
4.882049815979708995e+00
4.610418211403355948e-01
6.183983531794033928e-01
1.450311424292006546e+00
4.810814845592835676e-01
6.199794945388452660e-01
5.106237425061227464e-01
8.327327387569415373e-01
4.255367088404154452e-01
6.517753950887112957e-01
4.705811905084426594e-01
5.913263754975796038e-01
6.384401616543721181e-01
9.752132380357599883e-01
6.191602492552470416e-01
5.009932519443356380e-01
7.423242852028933969e-01
2.854840764941246611e+00
4.482565181488032402e-01
5.008473482393485110e-01
5.517657233786179560e-01
5.200867305032265131e-01
5.332064624249117646e-01
5.115168494486623807e-01
5.462362058691813127e-01
1.529649859673916978e+01
5.130418355458995494e-01
6.258475224580586360e-01
6.093014073303126832e-01
5.643152044129712275e-01
5.747481631387062473e-01
6.321017499103147586e-01
5.092694508723123459e-01
9.105890472354792209e+00
6.856841108072628810e-01
4.064929491206297762e-01
7.939069290899695375e+00
8.479042727502034138e-01
4.544393351994952535e-01
5.561709264733164515e-01
6.243704424513242257e-01
1.199615598490040957e+00
1.187604731944433034e+01
9.213590571035210175e+00
4.911427465671210912e-01
5.054944608572952136e-01
1.423503289787183101e+00
1.264271006258133934e+00
6.001148171272092657e-01
5.497610729712953948e-01
5.501743744535426694e-01
4.265529419644562559e-01
7.240374362307414602e-01
5.024034143851598966e-01
5.891017922325714196e-01
9.804889803169124507e-01
8.173894695206849192e-01
4.967793367197759768e-01
7.177928303023071166e-01
2.807926727938870215e+00
1.036827988178448123e+00
5.007431742728011281e-01
5.607105726234652421e-01
4.745362586564638718e-01
6.428103282513271122e-01
1.701945346932874914e+00
6.248421158184240820e-01
5.779760358437322498e-01
5.526364289384126938e-01
5.297341691849767331e-01
5.857824064244813167e-01
