4.981008728124817209e-01
4.644320156704733749e-01
5.615607651872318584e-01
1.123084148709249774e+00
2.778317447474885071e+00
6.641394936681854766e-01
5.073323062232161229e-01
5.853065580815751678e-01
1.246848169949247298e+00
5.295814394651685575e-01
4.936483526853769344e-01
4.804024412021415391e-01
5.837840035674461969e-01
6.157009284081550460e-01
5.619378762620167445e-01
5.000469605550957874e-01
7.041251330521726137e-01
4.980572311840539279e-01
4.959500024695636666e-01
6.335476961947127394e-01
5.755936262668719383e-01
5.342750202791106684e-01
7.202588479455943604e-01
6.876730393602019653e-01
6.657003846734454999e-01
4.825306176163158267e-01
8.647774580757718876e-01
6.533450192579834948e-01
6.651936244288582101e-01
5.423174883124930457e-01
5.119561494715041405e-01
5.325249949143793238e-01
2.392540726273516327e+00
5.675604406639664923e-01
6.360070352812390304e-01
5.203251596389647515e-01
1.906959397717279847e+00
5.230223538927033289e+00
6.995767974792049815e-01
4.828054927663217866e-01
4.565580405535581421e-01
6.288902614718957507e-01
6.266333702947668449e-01
4.902060514441134997e-01
1.043495649862258068e+00
7.016802229841226923e-01
5.239196471361571295e-01
4.985487411475384989e-01
3.855191219437746342e-01
4.815674355169916043e-01
8.864444838927415526e-01
4.422893016833495117e-01
7.496336685291223878e-01
5.045679646390651696e-01
4.066761275026183675e+00
1.381296024881284223e+00
6.290288503855788749e-01
7.573849824996280233e+00
8.953393703122906055e-01
5.442281926510654788e-01
5.609687909300463682e-01
7.448708381566695458e-01
6.333530721271917185e-01
4.613681140922984425e-01
7.150310162543991765e+00
6.742570952388945438e-01
4.413629419252572128e-01
7.097673372948800630e-01
1.213208973111099631e+01
5.078761291811728640e-01
5.301792445881347016e-01
4.644762113111547963e-01
6.569487275205661003e-01
5.032079447813566642e-01
4.707402943097248604e-01
4.643306206421149995e-01
4.608721563007273092e-01
6.484344664040456729e-01
5.913252860186770654e-01
6.401523736680218013e-01
4.656423027515096402e-01
5.771828960214714366e-01
5.752770860014055909e-01
5.075607125509569162e-01
5.322003666410614064e-01
4.838925795614140712e-01
3.858960485570585686e+00
5.459205241678227738e-01
7.253399273957292781e-01
1.199036449142123484e+00
5.770555779006047992e-01
4.837857406129876248e-01
5.199594321179913381e-01
5.043678452563420400e-01
1.357541377517939463e+00
6.415238683255717334e+00
4.447102690072626263e-01
8.431130144742969845e-01
6.132150517439418635e-01
4.435845745037522714e-01
