5.408300955761038420e-01
5.559794167949098087e-01
5.716649655531674812e-01
5.845077047792532898e-01
5.872173581138850906e+00
6.602791554828251197e-01
1.094291608145808725e+00
5.932652288895480241e-01
6.250658207621273554e-01
3.450268309633591102e+00
1.517645755670161378e+01
3.098238579611109156e+00
5.689653163229576593e-01
1.417224345114096229e+00
5.564973477764200149e-01
5.053233806394354932e-01
5.044450249880648718e-01
5.118084800892577224e-01
6.642319854165386062e-01
5.913862696239022831e-01
1.372697973513672398e+00
6.309262198895853047e-01
1.549371116274475435e+00
4.954365412297076499e-01
4.405427898565663636e-01
1.915937824512955467e+00
4.378566517134772629e-01
6.491012738817587557e-01
1.489984279136569612e+00
4.843696808776403739e-01
3.011406805715578283e+00
5.112637100517778421e-01
1.022428308888283510e+00
2.369670534580198495e+00
5.570943196714325252e-01
4.934649553624793072e-01
7.461957499646938441e-01
5.114903559028705082e-01
7.958477419392545604e-01
4.967106735794000749e-01
5.385759625141768314e-01
5.603000749749711407e-01
4.716385404350885158e-01
5.758786325321869626e-01
5.072317667293789745e-01
6.334856022685573684e+00
5.081561002086563139e-01
1.803886075472548312e+00
6.757392857520388985e-01
9.855099442651040764e-01
4.904696635837922369e-01
5.475847935031480374e-01
5.239158388221363261e-01
4.760056160456682672e-01
6.137937047730593898e-01
3.083761738641419115e+00
8.653249402617503305e-01
4.323810084008786747e-01
6.068791851683922323e-01
4.541205957464944931e-01
6.225143719367214334e-01
6.140009529627160623e-01
5.441058180080825535e-01
4.979627630222657753e-01
8.161554444068414016e-01
5.116470361290497149e-01
5.619958844356245375e-01
8.677819596278576464e-01
5.741942133080845112e-01
9.016403063773306137e-01
5.676468825281218988e-01
1.163477331560226036e+00
3.777375233764470153e+00
5.251908946775333265e-01
5.456915564230505611e-01
5.155254825561669252e-01
4.671872833634433952e-01
4.373521594040434279e-01
5.169971948533268469e-01
3.974709517612569631e-01
6.405430256131317002e-01
5.473020586721656366e-01
3.114862883680355576e+00
6.695335245310636285e-01
5.310838147265033449e-01
4.839557079382795779e-01
4.587005038682657188e-01
4.953549869071824929e-01
4.614943972545678674e-01
4.378574822051056192e-01
1.338361120375840319e+00
4.724759731972097976e-01
5.579601999650427580e-01
6.573523766909544763e-01
4.879048613167450976e-01
5.594350817346500637e-01
5.267707043694538349e-01
4.715909729792026606e-01
3.991173339614632720e+00
4.993056021611266271e-01
