5.428344780937468528e-01
7.012493957153957957e-01
6.540838556861566788e-01
4.933909559611611706e-01
5.055504137827548927e-01
4.633344451395903785e-01
5.469399642206352885e-01
4.944914326151331196e-01
1.126029983288825420e+00
5.066474437094354855e-01
5.406289702044264622e-01
5.574178303535005652e-01
6.235025930251308912e-01
7.313606144051720825e-01
5.698216614924358492e-01
5.530492627031307062e-01
7.123039862383142573e-01
5.528573992633135648e-01
4.856861237599965908e-01
7.858396486918780566e-01
5.372180117981765202e-01
5.767964233146875008e-01
4.796344324035854978e-01
5.984822595774843546e-01
5.561079909894837137e-01
4.500314647716169292e-01
5.445310156171382365e-01
5.130370704106022028e-01
4.900386132104315173e-01
7.242390289147521365e+00
5.722595617433287041e-01
5.903498845218221325e-01
6.336725955114276276e-01
5.912863745583299968e-01
4.984195747090121031e-01
4.023643774877140311e-01
4.022921362956319302e-01
5.659162028289120849e-01
5.423370245327105987e-01
4.570389695184784440e-01
6.849157787891785309e-01
6.002121427651231356e-01
5.684145006548235735e-01
5.721314928662459831e-01
7.530768752446627134e-01
5.237756357359278914e-01
4.690040659605435591e-01
6.204366153181763988e-01
4.833465493131747226e-01
4.701808130000502683e-01
5.419351464700049581e-01
5.563145110230707235e-01
6.144191022919687217e-01
5.400385409215439081e-01
5.493359758703214579e-01
4.493154241366632551e-01
5.690188813835836967e-01
5.025257598248484836e-01
4.259362600523242670e-01
5.087598894756018009e-01
5.667704424481048164e-01
4.531298099719197614e-01
6.195555354201327525e-01
4.696302211746461452e-01
5.564638226835446622e-01
4.230922413092526591e-01
1.290174659362528509e+00
4.274510837238629235e-01
6.115185319466391878e-01
5.554703821532372965e-01
5.536218151752821948e-01
5.112808307034885091e-01
5.395029075299531129e-01
5.440100848060275274e-01
5.819059489536383412e-01
6.386436477723366201e-01
4.558350738269293378e-01
9.414343406365655031e-01
5.198427392490939658e-01
5.313299165377767252e-01
5.804790528389043303e-01
2.359735345269936779e+00
5.007126326439061970e-01
5.571150407290779150e-01
4.731375684112578139e-01
4.935211468789765799e-01
5.957247462291386242e-01
5.058723723872148303e-01
5.734017799028412465e-01
4.975599298207764587e-01
5.275994266347834305e-01
5.506559455673043502e-01
5.699637730942015423e-01
6.052282501476623500e-01
4.578084675386487334e-01
5.856279041313602329e-01
5.093116950326618264e-01
4.787345680863570041e-01
5.095362833772064670e-01
3.399663748296188892e+00
