1.836520482214428895e+01
1.771252419725466609e+01
1.820670435030904599e+01
1.839765597097095906e+01
1.865263769003468397e+01
1.848102764731231673e+01
1.810946345530033597e+01
1.868538451102122266e+01
1.874728418752336623e+01
1.863103138584524032e+01
1.813329022533095980e+01
1.860907966493559584e+01
1.874245290243498729e+01
1.785586077435099384e+01
1.844766403881369499e+01
1.806231282786638204e+01
1.802874198802692618e+01
1.852983683170901941e+01
1.822608350510219211e+01
1.839538514124497937e+01
1.835574545408086777e+01
1.779960156557492823e+01
1.824996221551518261e+01
1.820262583984310112e+01
1.842979618746013415e+01
1.828850036697542691e+01
1.834899644427718712e+01
1.861693338281126131e+01
1.799728033661495630e+01
1.822622043261605995e+01
1.841483907062551495e+01
1.817468411370732895e+01
1.839828868890591806e+01
1.837677924982860134e+01
1.849317823519089643e+01
1.855034208684980968e+01
1.872943472121716724e+01
1.833181944079471393e+01
1.798373956038647492e+01
1.801101248643037422e+01
1.825676209254586624e+01
1.840570554005839909e+01
1.832684101662648146e+01
1.836757737859999651e+01
1.840076041834114662e+01
1.826379364635873870e+01
1.797530019714597316e+01
1.852328646908149778e+01
1.835396758198713130e+01
1.825809196646595112e+01
1.774166737313317199e+01
1.857642425964762367e+01
1.792927658640105903e+01
1.832326311334749036e+01
1.773692716539844128e+01
1.833647721551260545e+01
1.872919045573872410e+01
1.855826459838216280e+01
1.856348382054856927e+01
1.820629633849335249e+01
1.828109630729480273e+01
1.795462328492031290e+01
1.837953390201123582e+01
1.792061425791931484e+01
1.799149199507313313e+01
1.783383875690251230e+01
1.866545251151567797e+01
1.823724672319106332e+01
1.833175748282326722e+01
1.818108756215328015e+01
1.836564307795371676e+01
1.801711325922957840e+01
1.850313212898584680e+01
1.832784843465899627e+01
1.804974951090894564e+01
1.832811785457002429e+01
1.812232624285191207e+01
1.806130774950000983e+01
1.837723937781619199e+01
1.828728223110559625e+01
1.785738928233151412e+01
1.827652668062725638e+01
1.806958265676193065e+01
1.837767481797808955e+01
1.804053441432661486e+01
1.835495247562365861e+01
1.798039781523219816e+01
1.868825131758924130e+01
1.842267545919976257e+01
1.820434818952389122e+01
1.838936189827753154e+01
1.862972180756465335e+01
1.803262984156258497e+01
1.795113849805155937e+01
1.842355714757702856e+01
1.801536086988022944e+01
1.773736604500476233e+01
1.794525329406805980e+01
1.816823495774513830e+01
1.784815963163869057e+01
