1.431155293825284325e+01
1.415165432275291302e+01
1.438712533601509591e+01
1.444604274409048728e+01
1.448002710751936561e+01
1.448283971896002065e+01
1.405894291126599605e+01
1.420102673321934184e+01
1.437983584253912106e+01
1.455597833305624000e+01
1.442379864578471604e+01
1.441932820065794907e+01
1.419542819025850022e+01
1.442336532415467687e+01
1.462906323237850081e+01
1.454803424321649885e+01
1.434036360453636405e+01
1.444861775237510493e+01
1.446103009344007440e+01
1.419796936111937136e+01
1.434322775896956870e+01
1.437381763034436055e+01
1.442622214015492332e+01
1.435617723625642661e+01
1.485607093707255899e+01
1.423235841684395986e+01
1.461562315116280963e+01
1.437065955292984043e+01
1.423454724807636751e+01
1.437649634026502099e+01
1.450975104991251108e+01
1.414228881861609466e+01
1.430834625330867915e+01
1.454605081640834463e+01
1.434596448614921194e+01
1.428556107684448939e+01
1.427983871067381294e+01
1.420568610640820850e+01
1.460455760469714370e+01
1.450948796269137198e+01
1.428393103429917410e+01
1.496259715579628136e+01
1.430998014031432675e+01
1.483977273488171633e+01
1.435749853915035956e+01
1.448517507002973126e+01
1.459352249387450939e+01
1.417674020992534700e+01
1.448497440406120873e+01
1.434042141155015493e+01
1.434496389266080740e+01
1.465444504926876057e+01
1.487130771312543764e+01
1.428399088032708697e+01
1.423799739186945779e+01
1.430269671287435074e+01
1.448556578517083615e+01
1.424777278782498868e+01
1.432279817008599387e+01
1.424568518168266529e+01
1.440696687380616936e+01
1.447170948051756589e+01
1.433190816290469272e+01
1.432656731197410593e+01
1.458448329348184203e+01
1.439850914441893259e+01
1.428107125180300763e+01
1.430588335625802010e+01
1.434964864957592745e+01
1.413798459667077978e+01
1.421619328157179218e+01
1.451771156583314060e+01
1.449503609584944286e+01
1.451378955914476343e+01
1.438738725629063886e+01
1.450935447634561726e+01
1.449782293329797866e+01
1.460686658039957742e+01
1.441157129141836712e+01
1.429693559403936831e+01
1.433710682323232355e+01
1.429632339292294496e+01
1.443740691610521409e+01
1.458931221036234582e+01
1.430825192861997763e+01
1.446161949613651565e+01
1.414906069197203031e+01
1.461034391823361389e+01
1.409897929772696479e+01
1.422267284452372849e+01
1.431369100144912565e+01
1.436900547721919175e+01
1.428758534350671638e+01
1.462990621836873650e+01
1.429825839794420084e+01
1.473883025707646510e+01
1.430466203457108243e+01
1.473419016833030959e+01
1.425903398516506648e+01
1.434598136579985272e+01
