1.756586736388093684e+01
1.766833367732479587e+01
1.680513993542114903e+01
1.676811396776061258e+01
1.721565432948852958e+01
1.767871936118757503e+01
1.730014072580539519e+01
1.777114911974346612e+01
1.735259272962137800e+01
1.780611631320518740e+01
1.765962484085718387e+01
1.792253281641713158e+01
1.743321823521951330e+01
1.763454843094269719e+01
1.755228581249745190e+01
1.748935131921420805e+01
1.748235147294732883e+01
1.794356933914117391e+01
1.747006805711349742e+01
1.759651210479221106e+01
1.804452164405321213e+01
1.731777758985279547e+01
1.780780788149329297e+01
1.771651798554674073e+01
1.698005985910434035e+01
1.812837792057657893e+01
1.771239371733881640e+01
1.775006098197431115e+01
1.787251760065115036e+01
1.795477159378085119e+01
1.732136006234621206e+01
1.766512948904238200e+01
1.756027244744835869e+01
1.721612113036820091e+01
1.694664736465385246e+01
1.704351511565387156e+01
1.779992577335400838e+01
1.777029334783373571e+01
1.754655278482711722e+01
1.787345659350053495e+01
1.777801719022042448e+01
1.785565224401597817e+01
1.775340132344108923e+01
1.713564799039055586e+01
1.768749506479998601e+01
1.759156539162654198e+01
1.750963758780240553e+01
1.706460139513011498e+01
1.775159622298749440e+01
1.743434129147471268e+01
1.746726741931644256e+01
1.774433810379675336e+01
1.745018444389770096e+01
1.709762793862859453e+01
1.743663846299371656e+01
1.787783456192337894e+01
1.746126703324900475e+01
1.807514102933744482e+01
1.736408830682585602e+01
1.785852441507086041e+01
1.766760886172493272e+01
1.726447340882506154e+01
1.763229244441984278e+01
1.773231887819334673e+01
1.743628027519181600e+01
1.779687820387965402e+01
1.729941627872496923e+01
1.803724762068450360e+01
1.773622710668204050e+01
1.714911457650258697e+01
1.740697417459139018e+01
1.765149004969303093e+01
1.819374079348759210e+01
1.749410796303811111e+01
1.763726162397681918e+01
1.751289140397038224e+01
1.692081484385771262e+01
1.771427260672707860e+01
1.721426333407612219e+01
1.775531954634175591e+01
1.777868770299949475e+01
1.720257469332817735e+01
1.787070517293383887e+01
1.796149353150866190e+01
1.757050593300432695e+01
1.784908797945817938e+01
1.732538833104976206e+01
1.761987941643476674e+01
1.802473612977824757e+01
1.691941199120495298e+01
1.753188844850217976e+01
1.844714411604716631e+01
1.758373841007659166e+01
1.767976358432553852e+01
1.724442534544679617e+01
1.740893470482088290e+01
1.777782809780820017e+01
1.770800144809816956e+01
1.801903766401229490e+01
1.736454069220836516e+01
