1.776732150457683801e+01
1.678550171226968146e+01
1.722713656800524618e+01
1.724279917142116858e+01
1.768941964018275570e+01
1.698227600060955567e+01
1.744345303181517437e+01
1.761204554452110216e+01
1.656066089734573765e+01
1.707599618172671541e+01
1.747025019134271062e+01
1.705209227297119412e+01
1.712054083413752892e+01
1.728169280897578375e+01
1.723556537662835808e+01
1.696785195950085878e+01
1.707171098787554442e+01
1.771971033343598734e+01
1.739164928491207363e+01
1.726883627653284847e+01
1.704977531251920553e+01
1.722173957402102928e+01
1.785940008002178914e+01
1.759638554612113026e+01
1.697195532943393914e+01
1.743596115391967061e+01
1.702840091130694233e+01
1.711905305792280529e+01
1.696842069764983307e+01
1.777108427794532375e+01
1.740954517070482055e+01
1.705982671403307904e+01
1.679495852559967517e+01
1.723147737636010035e+01
1.732234896512920841e+01
1.719420490935564416e+01
1.723526182409263896e+01
1.668553144868639038e+01
1.725415263815140676e+01
1.773219938340994162e+01
1.696960415396344501e+01
1.753522552840666648e+01
1.744485035108299087e+01
1.770184034731424916e+01
1.703300682435475366e+01
1.770947750783950880e+01
1.707525873174586906e+01
1.681485690715284065e+01
1.705799016508629151e+01
1.781660820752160035e+01
1.746197347409790623e+01
1.772671506700217492e+01
1.760213822980168885e+01
1.738395353143116751e+01
1.685887561951123814e+01
1.717443808613641920e+01
1.727710323191913844e+01
1.715962663049069192e+01
1.752923115756658490e+01
1.675567338325661737e+01
1.759217525343134625e+01
1.708118955488313162e+01
1.809770059845554968e+01
1.693998562077614878e+01
1.701473775677162337e+01
1.724026287797276780e+01
1.709624210955623269e+01
1.746225578606370732e+01
1.762771616973788724e+01
1.733068386656787396e+01
1.722645544087130531e+01
1.706361385888295956e+01
1.727569494630812130e+01
1.671328907725932211e+01
1.659995655033518958e+01
1.724525894020972316e+01
1.728533663885935212e+01
1.690107376800551009e+01
1.706765258478797165e+01
1.721297367466311456e+01
1.695874106101111423e+01
1.765244398883169907e+01
1.737910478532275249e+01
1.727525971304208596e+01
1.718937448065097939e+01
1.696771107242916088e+01
1.724413888978963882e+01
1.718127933460840140e+01
1.743638883870537981e+01
1.676042047227145559e+01
1.729818610301517978e+01
1.708442610680256024e+01
1.699002618918315477e+01
1.726763771317811091e+01
1.743839796181306312e+01
1.733161843345580522e+01
1.779527314139335914e+01
1.715892220391219780e+01
1.691474499848984792e+01
1.693238226595175178e+01
