1.673262787954647735e+01
1.683371920943570643e+01
1.702781114807654816e+01
1.653365076796805511e+01
1.681234297953285406e+01
1.749252199399022345e+01
1.690183225768463160e+01
1.707561133302844425e+01
1.701978353897627017e+01
1.685314306475788371e+01
1.672585638708732958e+01
1.715040690251631972e+01
1.699009652041162255e+01
1.692681245044238381e+01
1.704030419650756656e+01
1.709016520588821564e+01
1.713728614392594096e+01
1.699845127091100849e+01
1.683533698300600179e+01
1.718009282775918223e+01
1.689204595035146994e+01
1.711135015612645915e+01
1.705919104367760397e+01
1.681620008565372970e+01
1.666734702356646736e+01
1.693717049627004911e+01
1.694086710520217665e+01
1.703553669823508798e+01
1.696609364858363733e+01
1.721156896189232555e+01
1.707990122312464720e+01
1.707299574667735342e+01
1.712030031730202850e+01
1.700757254469907664e+01
1.731101137583061700e+01
1.738581581345061622e+01
1.669046045649251653e+01
1.763951484008305215e+01
1.726024250083779421e+01
1.700913502719182802e+01
1.713463140609543345e+01
1.705057212820461388e+01
1.643565209386091297e+01
1.698878599633777498e+01
1.698241671061625269e+01
1.698897190588417772e+01
1.741507458283394527e+01
1.707687608564438619e+01
1.716663041392922651e+01
1.696311292843660468e+01
1.681441719250005207e+01
1.732242879875398600e+01
1.715974608341791452e+01
1.672573031511968722e+01
1.683069562217784565e+01
1.679973327581104670e+01
1.695493705333614542e+01
1.724557114219941667e+01
1.644971625725768050e+01
1.723125575890655270e+01
1.701058283114810266e+01
1.678644493628041090e+01
1.751223497950854835e+01
1.712704280550190106e+01
1.711949367722170479e+01
1.757578716736818691e+01
1.690485693961535318e+01
1.669397958885617683e+01
1.698976675621726429e+01
1.716825839249110430e+01
1.728925984602213717e+01
1.711308053143245900e+01
1.754192096745683571e+01
1.721903418860750890e+01
1.721719822100784469e+01
1.698685190278444779e+01
1.683516713316141278e+01
1.665873601833285633e+01
1.700681403212970366e+01
1.708684833796210967e+01
1.689074421628155420e+01
1.738393368264382488e+01
1.727102820661704285e+01
1.701517254724443973e+01
1.691982409661527598e+01
1.668979726021841614e+01
1.718277563024054899e+01
1.673842697426957216e+01
1.708488671807539916e+01
1.670818692762435376e+01
1.715148154278245940e+01
1.662257724634887879e+01
1.703395791134025927e+01
1.713188626055102759e+01
1.729544810359968210e+01
1.718321478301811212e+01
1.704312365994841016e+01
1.634680472003148921e+01
1.702625179837556857e+01
1.706732317565564472e+01
