1.758293799027381965e+01
1.747674359196805227e+01
1.763694661175973977e+01
1.727056931053431299e+01
1.710264802992224276e+01
1.742135453834358572e+01
1.719406826886249462e+01
1.748309997739440647e+01
1.725629391552726943e+01
1.721613014394308649e+01
1.743183724415959901e+01
1.750330397040085018e+01
1.720914846388845376e+01
1.721595954775636628e+01
1.745077526670183587e+01
1.753844935819093820e+01
1.788500604484072909e+01
1.744356838799830101e+01
1.768771130221611543e+01
1.765233347258121910e+01
1.740689211779529799e+01
1.742283844193920572e+01
1.686360058042196641e+01
1.712621217997669376e+01
1.773399591254411334e+01
1.730518670131137426e+01
1.786041274258115052e+01
1.713233762462506959e+01
1.712393404788837259e+01
1.717683692581825738e+01
1.737718621401628738e+01
1.773902146388382306e+01
1.768006907597560229e+01
1.753657642044324305e+01
1.686158609408516540e+01
1.731466564067769554e+01
1.794885467541208612e+01
1.766592834339623153e+01
1.779591740784859155e+01
1.695963614773029349e+01
1.769844032150036739e+01
1.682608185100012932e+01
1.751966480425357275e+01
1.758278463051167506e+01
1.766174450426026254e+01
1.790427791531057267e+01
1.692878447238317108e+01
1.727217266627485159e+01
1.723052670229212069e+01
1.737730200707727590e+01
1.734003450766545029e+01
1.685092425226117285e+01
1.749009560931868990e+01
1.782436534328990874e+01
1.731649902247683670e+01
1.724698287063051438e+01
1.776480163817184987e+01
1.700177829256195849e+01
1.721203766849872352e+01
1.776108401009761550e+01
1.727424541876054320e+01
1.718381243762858546e+01
1.706716524068495033e+01
1.705513783780754977e+01
1.746727615198779660e+01
1.740844068889883189e+01
1.726363899865335583e+01
1.758409263769774711e+01
1.767250812237791990e+01
1.740071263362360909e+01
1.663421061920005073e+01
1.706900584191645720e+01
1.769935005718337351e+01
1.725663723780241554e+01
1.746468348219362454e+01
1.750819935827671969e+01
1.712660982345089167e+01
1.734715178630049692e+01
1.783218489009447794e+01
1.749624823110421445e+01
1.697864707691627117e+01
1.760090200398486360e+01
1.721864890940137016e+01
1.763450232866883738e+01
1.740832156889131355e+01
1.809150770367412875e+01
1.734915407309865998e+01
1.708773378711914148e+01
1.793869847306917720e+01
1.754737187838910017e+01
1.765630926304104875e+01
1.735049012462471296e+01
1.734630378034296783e+01
1.740657586741489382e+01
1.692532541126356804e+01
1.731669037594868144e+01
1.741098621235408928e+01
1.692625957971120343e+01
1.761270763639747727e+01
1.695504361889598854e+01
