1.754065314848790891e+01
1.845948317613407141e+01
1.818136957395923403e+01
1.801054500601639674e+01
1.785352846317658049e+01
1.769059280968230041e+01
1.788140840142654753e+01
1.789973572056453932e+01
1.760359893003081666e+01
1.754938712386146449e+01
1.737923926662379870e+01
1.775677571087416595e+01
1.747460550506004395e+01
1.768000852889425545e+01
1.780152562890602042e+01
1.750830894871477383e+01
1.796255032794420714e+01
1.764551476795912066e+01
1.810361575021753566e+01
1.835383511618694286e+01
1.779430803197384847e+01
1.769361493173544631e+01
1.758217219017750921e+01
1.782300980880385666e+01
1.817081724387267627e+01
1.733792746888710568e+01
1.786947093329987979e+01
1.753522371088958565e+01
1.778789595928849465e+01
1.834822880547592661e+01
1.791729817675302527e+01
1.819296398229558775e+01
1.753053211579817372e+01
1.803284405484817299e+01
1.771215108561934670e+01
1.752569177644228304e+01
1.699514692114479431e+01
1.793276729053675922e+01
1.790114181452179665e+01
1.757641285068004677e+01
1.769125930354607945e+01
1.799854882847301596e+01
1.822103089384735597e+01
1.824621068852676586e+01
1.725644158053225397e+01
1.791321715022581174e+01
1.801618828518883930e+01
1.749422520071740550e+01
1.824379553038372848e+01
1.778639697945775922e+01
1.774393439559270647e+01
1.782390645222228542e+01
1.785052566153452602e+01
1.798410648206629148e+01
1.798723780196974076e+01
1.797160127798741414e+01
1.761865791214720289e+01
1.794354186061148226e+01
1.771310888576265086e+01
1.740995318030926597e+01
1.757726086297110868e+01
1.752488970353481434e+01
1.802071013285911505e+01
1.804174612746254880e+01
1.761008295694594850e+01
1.799296045350583384e+01
1.774374753889072664e+01
1.705022051886906809e+01
1.808287100888118104e+01
1.805813632009892800e+01
1.749068536292932308e+01
1.871863959572511504e+01
1.797476228868600856e+01
1.752413785223834353e+01
1.806146568956469167e+01
1.741099713338364552e+01
1.736323065840433344e+01
1.767826186701222468e+01
1.751496350571312988e+01
1.790118285130174058e+01
1.784312829247361520e+01
1.833172088193944660e+01
1.775500797651004348e+01
1.841227269063105965e+01
1.774442712164961122e+01
1.781478622968957026e+01
1.764029520487750347e+01
1.790406694830391743e+01
1.764291478728746654e+01
1.780229644118367460e+01
1.778536001798703126e+01
1.764361345637815859e+01
1.764734347674920301e+01
1.760129663438827663e+01
1.706096448849326208e+01
1.755460224220403020e+01
1.805519925737927878e+01
1.744464210414061256e+01
1.827369125326054800e+01
1.723731348296134769e+01
