1.664018518666341251e+01
1.668533094288849838e+01
1.674858195690568863e+01
1.668860825916732793e+01
1.642677155358898133e+01
1.741141185378048206e+01
1.652323371822085107e+01
1.616003572513869102e+01
1.712514053675550585e+01
1.648010363006336476e+01
1.686762258888092703e+01
1.671493253776068144e+01
1.672377009391113134e+01
1.638469574365068127e+01
1.660597095483469943e+01
1.661427192747495241e+01
1.664655213232154551e+01
1.706873418883746041e+01
1.705154268650833771e+01
1.650650456523629828e+01
1.618351684051729222e+01
1.638000947283074282e+01
1.660079123425305880e+01
1.670664026727267171e+01
1.690355634657672113e+01
1.665779686340017562e+01
1.664625383413405402e+01
1.675149871580676120e+01
1.620990567493571888e+01
1.656421996522477258e+01
1.628434814806529474e+01
1.666528970191556525e+01
1.692373086825606165e+01
1.653220624324369581e+01
1.670700919174868559e+01
1.638368692081995803e+01
1.690807481087800568e+01
1.681479002265372458e+01
1.706123301429255434e+01
1.682221757409032747e+01
1.681315837289541903e+01
1.663831789700010688e+01
1.697495479255723083e+01
1.705380836161561930e+01
1.678411739913617851e+01
1.674404793698024463e+01
1.722453991305974697e+01
1.649917001066146582e+01
1.698667825476275794e+01
1.668118692860619134e+01
1.661939024022018074e+01
1.654779289968908529e+01
1.709872693776130248e+01
1.685223297473308435e+01
1.646078062123532604e+01
1.666686701908573198e+01
1.659784577644565218e+01
1.661115394455509531e+01
1.639168649800608435e+01
1.708473523663558780e+01
1.635896213341105110e+01
1.621261883470728904e+01
1.665142433842135361e+01
1.688326398483196300e+01
1.687821677672411980e+01
1.661450752201339398e+01
1.653765030115987855e+01
1.657470674551693079e+01
1.642234529756813899e+01
1.646964389789074446e+01
1.702807942813939945e+01
1.667606712066693930e+01
1.669042223745874054e+01
1.661219644293804620e+01
1.631098454330603786e+01
1.660309601130513002e+01
1.674623799563500626e+01
1.662502728078702674e+01
1.684432743220957107e+01
1.691674324570903210e+01
1.678064939606552386e+01
1.652995215835015230e+01
1.648038377747536387e+01
1.650711251101373378e+01
1.711291474137655300e+01
1.674692604044414779e+01
1.626477382424030083e+01
1.653261606123794181e+01
1.638565846772160839e+01
1.692785590309125965e+01
1.640872990258997888e+01
1.695416546757995135e+01
1.641637643833885107e+01
1.696326424682066403e+01
1.672536615602717447e+01
1.689523735015402295e+01
1.659632437555210061e+01
1.667621296819492827e+01
1.717635438805592685e+01
1.709024698706698686e+01
