1.663097937846017160e+01
1.598914615477620949e+01
1.656560556724361533e+01
1.670650588559837857e+01
1.651628786542110205e+01
1.560638175466243283e+01
1.630558349660124762e+01
1.649859261094598395e+01
1.637114053090762411e+01
1.657326668561308836e+01
1.632285250640152441e+01
1.619387358039850966e+01
1.650275153056927380e+01
1.627874402254638753e+01
1.579094943526012251e+01
1.618038029295816571e+01
1.652410784961319834e+01
1.627324080893955482e+01
1.621144159036910537e+01
1.640047262858980659e+01
1.644440821367830807e+01
1.637754605251083362e+01
1.626704848037805817e+01
1.641290527039655345e+01
1.655683277588116553e+01
1.605274344203479586e+01
1.699095517464410321e+01
1.622846803207940525e+01
1.641680459478071086e+01
1.615982879721025967e+01
1.605266770557801337e+01
1.654100081941329492e+01
1.627850442486645477e+01
1.615987264648800803e+01
1.641779708370233948e+01
1.633790417093365122e+01
1.629799816352325692e+01
1.628115275769438242e+01
1.611642001867250329e+01
1.620755503732892677e+01
1.625241947626040329e+01
1.640333986001018829e+01
1.604668364321813456e+01
1.647010600404548697e+01
1.649753815062872420e+01
1.626603156555830054e+01
1.642545623195535498e+01
1.613563715960385281e+01
1.605960577215842022e+01
1.592868549552835944e+01
1.656934077396142513e+01
1.628501484586491088e+01
1.646035180657457531e+01
1.671510726256789781e+01
1.664401859076979662e+01
1.595199570969956149e+01
1.605188093668635929e+01
1.626210557582824023e+01
1.663779058923942955e+01
1.645597323841073845e+01
1.628560960361238585e+01
1.627945778395837451e+01
1.646230504010516427e+01
1.607056612841575571e+01
1.659606185642445197e+01
1.607914054175316565e+01
1.663766960759495817e+01
1.655973211850418281e+01
1.631596494415963505e+01
1.646258486773779239e+01
1.615238559722351042e+01
1.628989231631349455e+01
1.597505222855699891e+01
1.636455129478056136e+01
1.623876131570644077e+01
1.626488927773527848e+01
1.640103841751874114e+01
1.678919449975782641e+01
1.638906646500014119e+01
1.649890656734224237e+01
1.586324694339467456e+01
1.634425550108239023e+01
1.578931308849370119e+01
1.666251755476428542e+01
1.639561901954806444e+01
1.684508525873954454e+01
1.621417235146627434e+01
1.652287302080911857e+01
1.647969903919999979e+01
1.626593314022187897e+01
1.629374680615545756e+01
1.617926707318883928e+01
1.628623725452277782e+01
1.646549699130211053e+01
1.702572481274993521e+01
1.642158824554357111e+01
1.640894727954385957e+01
1.636743246269350749e+01
1.654295025256139695e+01
1.621737189423451753e+01
