1.740198587279933662e+01
1.831711808328552848e+01
1.830452778645864598e+01
1.836983775208769387e+01
1.812702663326749786e+01
1.814300914590438651e+01
1.840062226780417021e+01
1.817919632719490863e+01
1.768997399187500008e+01
1.804972287569197320e+01
1.856431940536215208e+01
1.904815623889422938e+01
1.789906990735176961e+01
1.858230174456675599e+01
1.796278732547261114e+01
1.770293432056695337e+01
1.803566994380927824e+01
1.864419687162145678e+01
1.831922842781403560e+01
1.863375884969585172e+01
1.872823890310358053e+01
1.865049270959870142e+01
1.857395861002899196e+01
1.846683303183639069e+01
1.805604808672626405e+01
1.782064246183777456e+01
1.829568522182204049e+01
1.840089773393898653e+01
1.904067850806652018e+01
1.846825587888973530e+01
1.849386131589969651e+01
1.791695692787939720e+01
1.832772912857401693e+01
1.827773821101088458e+01
1.816616941248230432e+01
1.843327787538387597e+01
1.867703194648259313e+01
1.828189929682537240e+01
1.838331124586585830e+01
1.849821409415495665e+01
1.815691992320029158e+01
1.857818602921652840e+01
1.834866276053358547e+01
1.804059238444370905e+01
1.853433037846360776e+01
1.830911034833552975e+01
1.810178897725501912e+01
1.779997057788796866e+01
1.820021942455918307e+01
1.846157699332846391e+01
1.756315508629570488e+01
1.810533446617012032e+01
1.782974755587238747e+01
1.796069330885133297e+01
1.856024003273265777e+01
1.828744574188455729e+01
1.860080826545160448e+01
1.771570101206085823e+01
1.820277609327846946e+01
1.845773305819870203e+01
1.810993397477805544e+01
1.827077773969241647e+01
1.791824821940960177e+01
1.828450879839482823e+01
1.828195748574748336e+01
1.805971837869229901e+01
1.788145764396255544e+01
1.831120871584502297e+01
1.778522241804204640e+01
1.905078176833469072e+01
1.843902837005166617e+01
1.918894936983312860e+01
1.838509427030245647e+01
1.795769497050738295e+01
1.822219529265554883e+01
1.890355447625698204e+01
1.753933479572917520e+01
1.813452962005873559e+01
1.798246936540977003e+01
1.817969950178619598e+01
1.815658537234461889e+01
1.839764609213655078e+01
1.765939392809790220e+01
1.848160736589743891e+01
1.799870483354853690e+01
1.878613189943580153e+01
1.809920387287762722e+01
1.845759056101186957e+01
1.790002405998545498e+01
1.878036804015362904e+01
1.780047915282517934e+01
1.806656228649094231e+01
1.873440800867268763e+01
1.826002013467550000e+01
1.874048446870402174e+01
1.808154400734833089e+01
1.843396464497392984e+01
1.816923949785921977e+01
1.800299300756877940e+01
1.821653567355031100e+01
