1.960251539173922453e+01
2.042476451235239310e+01
1.937548160120345742e+01
1.941015628761311618e+01
2.008122848640077152e+01
1.969158115831216094e+01
1.956673730185404736e+01
1.958148186061459484e+01
1.891995096085264194e+01
1.998039563178307532e+01
2.040430938730819932e+01
2.049897251105322837e+01
1.944676774729430946e+01
1.976457244542037017e+01
1.997245972072823150e+01
2.051607051130500636e+01
2.055695835951538797e+01
1.951075230329992394e+01
1.978878006440849191e+01
1.907422018084121973e+01
1.951579770459226637e+01
1.976665315397310962e+01
1.981132752749791237e+01
2.035706261872602951e+01
1.986383813763682582e+01
1.960409581888593777e+01
2.045149709036467556e+01
2.022097509151027239e+01
1.984255267274816958e+01
2.001579000701666544e+01
2.000477511731633484e+01
1.956678762990279097e+01
2.008388194566200724e+01
1.956515287279350446e+01
1.971860137744062413e+01
1.967614874661087754e+01
1.930519807375747376e+01
2.023006639398798256e+01
1.949370005650103010e+01
1.954665182259258671e+01
2.014844094279006370e+01
2.008737028068443209e+01
2.056516412804301197e+01
2.050616162178929613e+01
2.016583705081353628e+01
2.009641366474352253e+01
2.036773935259594737e+01
2.058242397133956914e+01
1.955811516651822757e+01
1.955367087113889113e+01
1.984885913365519983e+01
1.957990598603441157e+01
1.949885561289547908e+01
1.982158677461983487e+01
2.055125201291488679e+01
2.015199902843249191e+01
1.946972633048615009e+01
1.998562227549513537e+01
1.994011764719218860e+01
1.981648099548861097e+01
1.973152715911400534e+01
1.961408589078821763e+01
1.996270369310190773e+01
2.050178796196518860e+01
2.019780916147685801e+01
1.995577594151907874e+01
1.993657792678765261e+01
2.024186851930529940e+01
2.000967816749154338e+01
1.963195195537251792e+01
2.027517040163613871e+01
1.974752717408600233e+01
2.035625648558825418e+01
2.006762019001763164e+01
2.013581462217951668e+01
1.946962790793909193e+01
2.018776165665203948e+01
1.921253402045177694e+01
1.918026943560417763e+01
1.993259710445728317e+01
1.968395620232985621e+01
2.040520257379920110e+01
1.980768183804249105e+01
2.013758971894441174e+01
1.982962654534624747e+01
1.969860455981162062e+01
1.936001488667756831e+01
1.966611802049941815e+01
2.008485872335380051e+01
2.069695651810918591e+01
1.964113222544396820e+01
1.940874470397767837e+01
1.991776852144297649e+01
1.907321659740675557e+01
1.966204691012063677e+01
1.970491933820701291e+01
2.066896714932741475e+01
1.984731846036043734e+01
2.071998272655078566e+01
2.021852383358689664e+01
