1.862847081071697986e+01
1.831477903428731580e+01
1.940838056619440977e+01
1.855251343810432374e+01
1.814753549848608216e+01
1.886709735293502987e+01
1.824555062991144538e+01
1.869204777977659049e+01
1.828460161764446212e+01
1.831916673654265537e+01
1.840248463642011600e+01
1.763221669774388900e+01
1.801530777530738447e+01
1.838541522335481559e+01
1.856680826416342711e+01
1.848528624635964945e+01
1.936009827994679711e+01
1.821497420850898763e+01
1.852577938905994515e+01
1.823756511398404356e+01
1.812320282029676122e+01
1.869677443625471724e+01
1.806302501350919698e+01
1.851245726303520911e+01
1.867552792072499201e+01
1.848414380831141202e+01
1.847810412250309398e+01
1.834928476660711283e+01
1.810380197401751801e+01
1.885760664723013846e+01
1.837400154835173538e+01
1.838285452312937807e+01
1.846947606997632008e+01
1.858909872953215370e+01
1.795998607099223321e+01
1.867561265250643032e+01
1.842241126648856664e+01
1.837015700205377300e+01
1.867050180900515599e+01
1.904734118222416939e+01
1.821359395192468611e+01
1.865472038044934067e+01
1.852647680952424025e+01
1.883081740471385856e+01
1.862998793771554062e+01
1.781207685627956749e+01
1.897841764957568245e+01
1.885569574369240442e+01
1.849964426310904742e+01
1.869684810647644113e+01
1.838695941103137699e+01
1.860956026747859937e+01
1.819091032880112380e+01
1.851563942184457545e+01
1.839241315012390388e+01
1.830181544312235786e+01
1.768664208434362095e+01
1.828026525638939859e+01
1.898842585522833204e+01
1.829552233931231697e+01
1.824684480003487508e+01
1.797855861889571827e+01
1.815551814841393607e+01
1.886623469635213723e+01
1.838766502086699717e+01
1.857066743318104329e+01
1.866997421631160492e+01
1.772588533578931447e+01
1.843596422244436184e+01
1.876325214296965171e+01
1.789380111191868039e+01
1.832127473823528518e+01
1.803895269902628939e+01
1.845390785001877276e+01
1.841132655255345085e+01
1.878776738065845464e+01
1.850955206462620595e+01
1.829327319906122540e+01
1.830855422262063215e+01
1.805977266999314779e+01
1.867473339138008015e+01
1.880068528315197796e+01
1.889660714332694624e+01
1.844213947718314728e+01
1.905206661888600550e+01
1.791383983827298820e+01
1.862006055162145302e+01
1.802260213614216156e+01
1.904469082275186764e+01
1.869984412631940884e+01
1.869849919125433502e+01
1.813838308638583996e+01
1.827682867189859195e+01
1.815946213433937118e+01
1.876280930812487924e+01
1.832715137059513921e+01
1.847312130480996117e+01
1.831955307703910307e+01
1.800736863159875512e+01
1.860578561566654798e+01
