1.942964676308462302e+01
1.982231145979402243e+01
1.978042048910295136e+01
1.941277749408431674e+01
1.875902856401055629e+01
1.982614710216387977e+01
1.968033226133057667e+01
1.970132897331626864e+01
1.914329478735111678e+01
2.014996794475682762e+01
1.896613052514651088e+01
2.012547708689337256e+01
1.972623660319090888e+01
2.028653858674784516e+01
1.992211822769700902e+01
1.906964052662657494e+01
1.979616218744700262e+01
1.939233361533967326e+01
1.898997162013542805e+01
1.936154035704793941e+01
1.966864041058410706e+01
1.909521022417664327e+01
1.949872830857507111e+01
1.922023033171628725e+01
1.964199023614069617e+01
1.937964827425087577e+01
1.949229518933699978e+01
1.962008062111245366e+01
1.939671715912180616e+01
2.014645334893612727e+01
1.938547251838589247e+01
1.985111417399082967e+01
1.978955171874170560e+01
1.972001241627125623e+01
1.994914290885954244e+01
1.910010324283456740e+01
1.929519455386440896e+01
1.926602125085334194e+01
1.965769954396643016e+01
2.048051132177694456e+01
1.954358152728860176e+01
1.976938136720605499e+01
2.020591912608785634e+01
1.966233319235988830e+01
1.935711324018367918e+01
1.998740823446686576e+01
1.995600440377652163e+01
1.991138933816702661e+01
1.869361695536560219e+01
2.010822771351755023e+01
1.997707182677507376e+01
1.993285548130046081e+01
2.065855840767925500e+01
1.952787627854468511e+01
2.036243276590668572e+01
2.006710372352604566e+01
1.969045698474644368e+01
1.954990126148711127e+01
1.949969006932014892e+01
1.976551461935556375e+01
1.949640024208283862e+01
1.961288472576435638e+01
1.963015213966556871e+01
1.880993441238248209e+01
2.013628769396419926e+01
1.951006415024491858e+01
1.967377711346884439e+01
2.010959886564024401e+01
1.969649024953967498e+01
1.969902982624715548e+01
1.951417452066621649e+01
1.937761896639147352e+01
2.036801768821339209e+01
1.944933142130616588e+01
1.925017882657700952e+01
2.049004526192099007e+01
1.978982438671534894e+01
1.937132285738064752e+01
1.991519877819222017e+01
1.944468178189157470e+01
1.964593440846691763e+01
1.996891560184001335e+01
1.978097916341300078e+01
2.014006818184559933e+01
2.103971123594453729e+01
1.975322608878659381e+01
1.901012292682316485e+01
1.961717792321942966e+01
1.977814153134847786e+01
1.899150646319435864e+01
1.974884276347681222e+01
2.010641692725821272e+01
1.957212627962426055e+01
2.014110742578892754e+01
1.996982618562086031e+01
1.986313081498115807e+01
1.925098904158848256e+01
1.973399784493426523e+01
1.934083875982314638e+01
2.027751494214123440e+01
