2.319643290409018022e+01
2.220976790279478763e+01
2.184945815216614662e+01
2.310767125822447099e+01
2.207560175361306065e+01
2.270651149039322547e+01
2.131047278160455605e+01
2.304426030809086967e+01
2.242966914634025244e+01
2.152445563259341554e+01
2.335569620960403725e+01
2.234233788405625987e+01
2.300644395111084606e+01
2.266314851531202734e+01
2.182294203500153174e+01
2.198925742028220043e+01
2.298285686256241434e+01
2.333859693097468835e+01
2.298511114971145020e+01
2.217298263994561580e+01
2.216197046773367774e+01
2.247082560046717958e+01
2.345904807499907108e+01
2.321683653181023743e+01
2.309373515496520568e+01
2.229931849500170671e+01
2.160122570878971615e+01
2.320877576106786933e+01
2.339150945257630809e+01
2.319055064034877489e+01
2.167720348604555980e+01
2.230560787935495526e+01
2.166734529534449294e+01
2.340091138182697250e+01
2.147044709352640979e+01
2.064504067858818104e+01
2.337150622478313977e+01
2.314943870263366676e+01
2.356652751620880792e+01
2.207775931019338955e+01
2.330507795438133556e+01
2.328801725776112264e+01
2.256368618014869654e+01
2.299382004527429402e+01
2.276690223063007679e+01
2.188433536641612775e+01
2.226711269243869751e+01
2.266279532166544897e+01
2.261519634254032241e+01
2.354456549943511234e+01
2.292106568057145211e+01
2.362883864191449490e+01
2.169443294270358535e+01
2.275152604253280586e+01
2.367188567008725997e+01
2.193073505192684181e+01
2.447423300388292233e+01
2.218618876420529418e+01
2.250856389013641135e+01
2.326887097954770312e+01
2.222813839122198232e+01
2.215901341166616589e+01
2.236079179634419134e+01
2.298755089470528645e+01
2.248177982928542562e+01
2.298502710524749304e+01
2.346817168787290697e+01
2.243377225280952914e+01
2.279618683098475884e+01
2.298259630327373770e+01
2.207098041457572535e+01
2.066717744803033341e+01
2.237007420077157249e+01
2.214629149567550570e+01
2.163335270577018221e+01
2.175281954861625167e+01
2.197500644377019441e+01
2.200667277474187244e+01
2.167556591408306943e+01
2.340140680386756245e+01
2.243811904645487232e+01
2.232664448605934737e+01
2.225908222438149409e+01
2.276658644783572072e+01
2.242426554745558676e+01
2.340513379114546666e+01
2.335208453542443152e+01
2.251829816864093559e+01
2.272605054511331701e+01
2.167344710570174371e+01
2.193015133502602154e+01
2.200103753956415886e+01
2.295876555126618612e+01
2.239423454540547809e+01
2.165043186611232429e+01
2.212360383316781665e+01
2.202371851207018238e+01
2.223877042866233467e+01
2.315646759396247134e+01
2.242935807770974321e+01
