2.164124580529992414e+01
2.152246620954108991e+01
2.219186589502195162e+01
2.149268724750519155e+01
2.226008301652284160e+01
2.124400253513113412e+01
2.222431299513403857e+01
2.198247641928747242e+01
2.167788284393979836e+01
2.175682671909651589e+01
2.279929865568556835e+01
2.179367985234974370e+01
2.196334547136548920e+01
2.131068657477852923e+01
2.208477067927682924e+01
2.222561520385526279e+01
2.261455617619803959e+01
2.198538106020174610e+01
2.305605208801901185e+01
2.265981741925287452e+01
2.155885283418207621e+01
2.147391628873257119e+01
2.177252296320532921e+01
2.163432001831113993e+01
2.217534076834596846e+01
2.260226632126387258e+01
2.150150416122429320e+01
2.203710385844076214e+01
2.221900921401653761e+01
2.183782160031859476e+01
2.098729107696864205e+01
2.150721590989827803e+01
2.248474123888113141e+01
2.166328510589354295e+01
2.248388351184457790e+01
2.146896105827424606e+01
2.146656099574463639e+01
2.185432076411826330e+01
2.230672835342512883e+01
2.114390781955498966e+01
2.243986711023345748e+01
2.213884649562361062e+01
2.179690527491314711e+01
2.086620027981378911e+01
2.191223820821250712e+01
2.337986130618837777e+01
2.167004462241451179e+01
2.140830552681228127e+01
2.214868045462310064e+01
2.167602224975570380e+01
2.234172745407478899e+01
2.212428242348473262e+01
2.130932579829064366e+01
2.233891521059807062e+01
2.263038620780171328e+01
2.141111621572914459e+01
2.154269705000706381e+01
2.210819604573067210e+01
2.213915977415359748e+01
2.273511797814271063e+01
2.157897534223950586e+01
2.252447661026768699e+01
2.188886473841783342e+01
2.160037859790644177e+01
2.260191724984108674e+01
2.210633556963371049e+01
2.141827423343919179e+01
2.120919579564974811e+01
2.211491901880278732e+01
2.120823739394228369e+01
2.144800699202524896e+01
2.200195421006295859e+01
2.208086590132659666e+01
2.231181847724193901e+01
2.278679149060727838e+01
2.214139526203904040e+01
2.160373072099566727e+01
2.171400979638739770e+01
2.190134614771858423e+01
2.183229496077285958e+01
2.261806804767969581e+01
2.146220071696627585e+01
2.176267658124413984e+01
2.168317435060756182e+01
2.212706806618373534e+01
2.077628770087292409e+01
2.280425952770605846e+01
2.154731303595814396e+01
2.218600530627703549e+01
2.058248856243217162e+01
2.164451434847425659e+01
2.176142939440570601e+01
2.161983828128475693e+01
2.125632702728816170e+01
2.153419663595306233e+01
2.316240536562802532e+01
2.224756097237559516e+01
2.143506455984483594e+01
2.200690554964242196e+01
2.152713013062538394e+01
