2.039503008891778890e+01
2.037062520123779308e+01
2.039381163504777561e+01
2.091767145980251996e+01
2.034415372289371504e+01
2.081368655535098355e+01
2.151152057964583264e+01
2.108350065443208621e+01
2.150497728047324486e+01
2.105737004439460947e+01
2.195512571707331517e+01
2.140072683041495338e+01
1.999761860496871435e+01
2.081268144834569611e+01
2.092563282912445644e+01
2.169205679043352575e+01
2.092982823569879614e+01
2.112982107690721634e+01
2.123611934166736148e+01
2.124996731453350307e+01
2.121489257555196417e+01
2.095227853497100767e+01
2.169672494540089858e+01
2.068851763713350422e+01
2.063209321142838348e+01
2.114353020951957873e+01
2.171037628845245493e+01
2.059521817356469242e+01
2.084598308676975620e+01
2.098117332184347461e+01
2.125514414540014485e+01
2.085177356389803549e+01
2.159214979514772281e+01
2.026154303277082747e+01
2.062537344613445711e+01
2.065229263654468639e+01
2.103281020715760974e+01
2.049916043574557278e+01
2.129560935963800716e+01
2.092935271879657932e+01
2.102762157943441679e+01
1.958978805582059834e+01
2.019101182535401051e+01
2.109764129198395466e+01
2.071661198071370080e+01
2.119485773803874906e+01
2.080964258361044017e+01
2.085153498711779463e+01
2.042676813997668006e+01
2.032453678922083284e+01
2.103131425047026681e+01
2.092470437255061810e+01
1.983272564420968820e+01
2.051324193894396331e+01
2.049209023810701424e+01
2.133084482850957286e+01
2.040459830857330914e+01
2.062848958327590410e+01
2.069027618879849939e+01
2.127130390789146830e+01
2.025315551170129780e+01
2.088358500918172211e+01
2.061897243800739332e+01
2.013831810206439243e+01
1.981713281422900153e+01
2.073546000546138046e+01
2.028216998018961803e+01
2.076723124903568163e+01
2.076002298741862617e+01
2.151011365050416302e+01
2.009175159020349355e+01
2.098647507660773570e+01
2.028782935280322874e+01
2.093792666085104770e+01
2.163040679450411474e+01
2.061776513805988031e+01
2.061805307636648621e+01
2.053029805941130448e+01
2.105586570198254037e+01
2.062912451609962972e+01
2.079451988665325146e+01
2.031220382051407114e+01
2.071875225250663988e+01
2.156944115361935133e+01
2.103434195355208303e+01
2.122786684397296497e+01
2.051911040593487101e+01
2.070284828976918234e+01
2.006461371735440835e+01
2.154160164095986829e+01
2.069788811196937672e+01
1.990998378358236209e+01
2.075401046025894303e+01
2.086102945582940293e+01
1.996422547370391598e+01
2.131088387281416630e+01
2.102056880442703601e+01
2.161688176240744497e+01
2.108745437513841736e+01
2.059102425077051279e+01
