2.097086379735121398e+01
2.127522776754610234e+01
2.067902213319047888e+01
2.137649963137690534e+01
2.087521185598058793e+01
2.228431175831959266e+01
2.118737789135043670e+01
2.157069575640849024e+01
2.104334433572000762e+01
2.095899750598407252e+01
2.098517775651459161e+01
2.086723297558100398e+01
2.210473779207502432e+01
2.181145001678505579e+01
2.178859308040266640e+01
2.011600466371707796e+01
2.085294590489056787e+01
2.207461185265522730e+01
2.168094485727269571e+01
2.129135685862206628e+01
2.178945954966540910e+01
2.122018874340358607e+01
2.100255358836954755e+01
2.180565488000760510e+01
2.156908065150099674e+01
2.128113059162994247e+01
2.110817346535726102e+01
2.119659940697743394e+01
2.184520694976630750e+01
2.012946665819672631e+01
2.266076912445667801e+01
2.198064662056897589e+01
2.202413824050573865e+01
2.211214675475128288e+01
2.245496246775865146e+01
2.191554498240019555e+01
2.100810450891622949e+01
2.185302182148717876e+01
2.184648473545868441e+01
2.125916802435108011e+01
2.111492347059941466e+01
2.158651117683172416e+01
2.087227615835136163e+01
2.213569415320278466e+01
2.164297292373848336e+01
2.069464334020522145e+01
2.091259553542202099e+01
2.223115161829867148e+01
2.137812042361273868e+01
2.184738609712037061e+01
2.155005378037468233e+01
2.157522516372515753e+01
2.130323016354767773e+01
2.047766021345168852e+01
2.060712379560362351e+01
2.160844396409373047e+01
2.137542492231538205e+01
2.137486482598402304e+01
2.095563032826356675e+01
2.088939050974327216e+01
2.159686634416032192e+01
2.113845537928451179e+01
2.066227684245970408e+01
2.088039664331802214e+01
2.061246497311568859e+01
2.228062742637088789e+01
2.169810204262129361e+01
2.153272253256118418e+01
2.099947142840033720e+01
2.248251717131233463e+01
2.170469393562268579e+01
2.099577511356205051e+01
2.165779732972342231e+01
2.215562444465459535e+01
2.112591709544310703e+01
2.124254437435115150e+01
2.132561167325654239e+01
2.185450570280779559e+01
2.147987647584407256e+01
2.094126386443756616e+01
2.050045694513380212e+01
2.140032506485454178e+01
2.095807562957266157e+01
2.081696083118603369e+01
2.060545394095183980e+01
2.246212279745848051e+01
2.113138318792890047e+01
1.977651821617053685e+01
2.188602370249986251e+01
2.288720459765694670e+01
2.170633813536417023e+01
2.227996921420982090e+01
2.123296885851799587e+01
2.218374826629428753e+01
2.135655103212902617e+01
2.112223847801711329e+01
2.127304808048119256e+01
2.155294854580106545e+01
2.158317177189842440e+01
2.112448398922866843e+01
