2.126596185375240466e+01
2.085843077520588196e+01
2.225270322901651099e+01
2.261124447055399500e+01
2.160557640223307985e+01
2.131484852363301385e+01
2.220315930502960811e+01
2.139015306303282671e+01
2.176597841906949071e+01
2.179134305498888935e+01
2.239987890400651338e+01
2.208508444268991155e+01
2.197709721887346035e+01
2.199161703725745198e+01
2.143614276488454351e+01
2.152009430838011284e+01
2.134230712808417252e+01
2.304293798797423420e+01
2.133806026123401978e+01
2.189131503449729976e+01
2.217243298149119113e+01
2.223687944685241646e+01
2.092268211551454371e+01
2.162860453047523634e+01
2.147184905015253520e+01
2.171847243672421612e+01
2.342107125719309835e+01
2.270643646748093403e+01
2.261855193719257429e+01
2.213942032194018239e+01
2.150758966866471766e+01
2.083146570641634909e+01
2.096856927075847565e+01
2.064379608738220639e+01
2.168463027858537728e+01
2.226100583124525301e+01
2.121611450245078956e+01
2.121361025297325043e+01
2.263116268808556342e+01
2.157949396694398558e+01
2.132587960740620403e+01
2.217202840711895107e+01
2.018011561056609082e+01
2.136919657787230165e+01
2.156225561872628305e+01
2.152254720257257148e+01
2.161394141756153786e+01
2.268849219002528628e+01
2.172074901053448670e+01
2.164514163829196036e+01
2.186949460206329476e+01
2.254899943791824768e+01
2.133796742105432642e+01
2.180683543702231475e+01
2.106226149745752352e+01
2.178418930277114640e+01
2.135893081500410418e+01
2.127274185455354782e+01
2.240347452897437108e+01
2.209377454893616033e+01
2.212042679084505536e+01
2.069045689777071573e+01
2.165671576169469148e+01
2.252082104343455526e+01
2.179968201773699121e+01
2.086260883714390602e+01
2.125806159708143284e+01
2.204427373356428888e+01
2.109397255734804943e+01
2.187666279667119440e+01
2.185288898815439751e+01
2.075917531182605558e+01
2.155649917533337501e+01
2.121203382969672191e+01
2.126768119965846182e+01
2.214132233352231793e+01
2.170171384900798728e+01
2.197620257091913132e+01
2.190790696765557755e+01
2.162482607736691520e+01
2.122410531603125250e+01
2.105324879988076603e+01
2.199004478431968934e+01
2.236832728325103403e+01
2.227808997522043910e+01
2.227391715653074300e+01
2.237375166265642790e+01
2.144735023911732341e+01
2.188601504609012594e+01
2.147566042074802795e+01
2.142379408854017697e+01
2.124307931549726192e+01
2.264536372735211955e+01
2.232696677959854270e+01
2.255966089869548696e+01
2.078209681402067588e+01
2.153431103696654247e+01
2.121257459252992561e+01
2.095865103110788041e+01
2.175215353661602080e+01
