2.616130403191073839e+01
2.499523483720725636e+01
2.607429510277457396e+01
2.589644249150877542e+01
2.599766463332190014e+01
2.746874246061905112e+01
2.546610710151684387e+01
2.571545729426645721e+01
2.538945766238722612e+01
2.563651522596440913e+01
2.689457520563111004e+01
2.526953120904046202e+01
2.524323101563372163e+01
2.537239160903764557e+01
2.545580240719319676e+01
2.562372547674307199e+01
2.585874777793769042e+01
2.559255694154665051e+01
2.530002959174503019e+01
2.677648218161606763e+01
2.591701707270468091e+01
2.568217046456409491e+01
2.343972338413289336e+01
2.526377876032665881e+01
2.664836928545113537e+01
2.505680918825133929e+01
2.424432107543806580e+01
2.471127773383144088e+01
2.513880940139834763e+01
2.434957322778328859e+01
2.591093035325225813e+01
2.712667521299924900e+01
2.577106993560394343e+01
2.509942393194744170e+01
2.534845560624453853e+01
2.404988299241760785e+01
2.538975411682157457e+01
2.520843038971916883e+01
2.524243792068551429e+01
2.389244311994883674e+01
2.458828729730283058e+01
2.382792923223248494e+01
2.589187087243258034e+01
2.484976694523064822e+01
2.459858164304494821e+01
2.555114271296700323e+01
2.718018974778144781e+01
2.492444067264981200e+01
2.690711927489373778e+01
2.446885069402828350e+01
2.475873325783875600e+01
2.670211945410006749e+01
2.629499615115211597e+01
2.607972865205823609e+01
2.376944499601222205e+01
2.457551944851755366e+01
2.555848879483112057e+01
2.574342300160515151e+01
2.427184351393445283e+01
2.490232771731320582e+01
2.363145700245847536e+01
2.546368986286761071e+01
2.558989813332458851e+01
2.554213379993434074e+01
2.472433542255427952e+01
2.443188345179443033e+01
2.745070786073040736e+01
2.505270112194327226e+01
2.487742769794490272e+01
2.533829832844116936e+01
2.751615793039823998e+01
2.509488813704064825e+01
2.461587788195713244e+01
2.700462039761514887e+01
2.568298170378686152e+01
2.356567076094583157e+01
2.750538316542213124e+01
2.449202189572781307e+01
2.528558543733086950e+01
2.516180493516842276e+01
2.446683233943940650e+01
2.629223400789151555e+01
2.539036039248299303e+01
2.671998484368024407e+01
2.527311468685597973e+01
2.559830292201347390e+01
2.531084155561312699e+01
2.456071609860837412e+01
2.678890039949678226e+01
2.506639009527926376e+01
2.661144162958802895e+01
2.459718866100096335e+01
2.494607390955032145e+01
2.467197628758188799e+01
2.430595687761084989e+01
2.469322187828792536e+01
2.555985799165275196e+01
2.535539613509795487e+01
2.655579763047071040e+01
2.702612949628024808e+01
