2.516849647093651754e+01
2.636703186922242992e+01
2.527318062973476742e+01
2.580206407355190379e+01
2.568450440774438803e+01
2.618304483440108754e+01
2.452398983671871591e+01
2.406728403862936005e+01
2.592751802060280752e+01
2.502995674501727308e+01
2.477151381943723152e+01
2.309044552133201123e+01
2.512430751618698110e+01
2.631241870946631067e+01
2.336029772363997026e+01
2.451663735864312699e+01
2.433055052995377565e+01
2.553935966341038721e+01
2.479283399446048364e+01
2.378046116361109696e+01
2.501813638638868653e+01
2.445596224284763309e+01
2.412910389965325919e+01
2.532966131671942023e+01
2.691679719212007882e+01
2.586407528300952308e+01
2.454662419091127035e+01
2.625047462331396630e+01
2.606716066438783486e+01
2.646082439118304919e+01
2.485640970415303386e+01
2.355632753670787594e+01
2.468627938438089231e+01
2.444903059431024772e+01
2.454978424559156025e+01
2.551581250176962712e+01
2.431637661952592921e+01
2.505100753017261539e+01
2.562436494776081375e+01
2.384702853198026773e+01
2.357397746693610685e+01
2.480480052235082411e+01
2.371612703060620575e+01
2.630011454787972269e+01
2.402246543810225887e+01
2.567504887430125393e+01
2.577587528700734865e+01
2.497097408336156121e+01
2.380410461288805024e+01
2.544375040538894694e+01
2.514276265095482898e+01
2.594181284419917688e+01
2.625460015934430658e+01
2.437386226049749283e+01
2.533437778728790235e+01
2.445957827758937597e+01
2.426126542780286144e+01
2.512293486769501882e+01
2.595219663682326683e+01
2.417902618734001408e+01
2.417756852037483384e+01
2.441624214662141412e+01
2.367892750534820223e+01
2.574701198121884715e+01
2.409258986257713886e+01
2.381165485398831194e+01
2.540092058143886788e+01
2.364403317670996429e+01
2.609337494003517222e+01
2.330359714437560825e+01
2.443227656160296846e+01
2.449890549241845505e+01
2.593878968416241904e+01
2.458273028317125508e+01
2.582890240823360628e+01
2.412123301045726365e+01
2.441498628837238982e+01
2.385260204296614006e+01
2.447852978705203597e+01
2.460782840152778661e+01
2.550600422264457734e+01
2.438166243162330460e+01
2.397192121214829541e+01
2.451125436264688062e+01
2.462389293757168929e+01
2.592974431873761176e+01
2.447998417332259535e+01
2.385397831411438219e+01
2.430927631532178523e+01
2.454632441387692054e+01
2.349726106708773443e+01
2.581039220905933718e+01
2.500989916093730869e+01
2.472593116542470781e+01
2.537611080053124013e+01
2.428883665631457944e+01
2.476530439098456782e+01
2.384457078620890158e+01
2.422519898778218561e+01
2.396544930461300993e+01
