2.499163139120766175e+01
2.655715565180129545e+01
2.583735550562786187e+01
2.619914551876636821e+01
2.530961592508850799e+01
2.558870170622340368e+01
2.577970199317221400e+01
2.564602424784142798e+01
2.585402528779384923e+01
2.598153938649092254e+01
2.431162697254099569e+01
2.488175557115608072e+01
2.597745953179867584e+01
2.639382515484129499e+01
2.753714191429491720e+01
2.654506279638972543e+01
2.537699376899942294e+01
2.636266531716510642e+01
2.658469890715174699e+01
2.608101618694929158e+01
2.604967397902699133e+01
2.548327542196281925e+01
2.576404099023484306e+01
2.757984554931908505e+01
2.616405823442871181e+01
2.567462118974307828e+01
2.499302477333227301e+01
2.627802746654133159e+01
2.678660449755223993e+01
2.609493339766283171e+01
2.831939237247050656e+01
2.478278655889569748e+01
2.721302523810347651e+01
2.607086801158738965e+01
2.518365255872240027e+01
2.528280587734598228e+01
2.534026325680358482e+01
2.651329017533829813e+01
2.559042125100818410e+01
2.505784041278623420e+01
2.691875520736889271e+01
2.518401773356858442e+01
2.548675242957003917e+01
2.695871678426762230e+01
2.597829025691631699e+01
2.506164323391706006e+01
2.441012719990675350e+01
2.562237604907142696e+01
2.590964647145178290e+01
2.527247987173921118e+01
2.495449697634806441e+01
2.662603669001483198e+01
2.573400819389392069e+01
2.573051088853014434e+01
2.585402736687191805e+01
2.792655376860288285e+01
2.590460249703478368e+01
2.554405829178790199e+01
2.634635309879448073e+01
2.590358507647749420e+01
2.544569437510038767e+01
2.550409161021954318e+01
2.501491973413387981e+01
2.652841020764967439e+01
2.598135847325633208e+01
2.665749796408469052e+01
2.458155310296497831e+01
2.480794379604598632e+01
2.757620703508078819e+01
2.477061168064642160e+01
2.648535619680333397e+01
2.839720473605382978e+01
2.703200499480497498e+01
2.657593115093247960e+01
2.547786894990597517e+01
2.455495741988372060e+01
2.579123568479857909e+01
2.592711375942766239e+01
2.555687656856403578e+01
2.600732270880768837e+01
2.539168236334308659e+01
2.743780819016702566e+01
2.356294468782376583e+01
2.676673745968287932e+01
2.595891898388039465e+01
2.417146046547879479e+01
2.377483415830853275e+01
2.570984329794967849e+01
2.626949351807146371e+01
2.486075282773003181e+01
2.647307480693824644e+01
2.488737503216457370e+01
2.628091828470795122e+01
2.608969104076764012e+01
2.345516528141562418e+01
2.599384872601182650e+01
2.509220771071979428e+01
2.571892842365269516e+01
2.705340020992257877e+01
2.691215227164801505e+01
