2.480416541708947875e+01
2.338004561207688070e+01
2.403347823475834488e+01
2.353816647681238550e+01
2.492501382082970451e+01
2.518920408135761235e+01
2.373957950677875317e+01
2.462911738007190010e+01
2.404943041743199572e+01
2.310716051353833578e+01
2.386327382467544211e+01
2.313715333966548826e+01
2.547384656251674429e+01
2.385258912339946846e+01
2.473620333675625815e+01
2.363515130430187483e+01
2.494445100230758072e+01
2.457824136116368763e+01
2.487330489492991958e+01
2.449950434341959493e+01
2.312993457210440340e+01
2.482709693833624343e+01
2.470259545996165684e+01
2.435767935338131807e+01
2.363756831909517686e+01
2.531761303862855073e+01
2.471282549468046241e+01
2.441423111527617706e+01
2.345764673492820407e+01
2.394604838222837273e+01
2.410547239365727989e+01
2.377116002854219445e+01
2.279831123731365139e+01
2.562435687413528029e+01
2.383177331419475209e+01
2.417768715811551772e+01
2.426317573861551935e+01
2.361432795308630617e+01
2.316184144883958496e+01
2.370786232018563311e+01
2.399282966023892882e+01
2.361349858465117890e+01
2.409461296459940982e+01
2.327791190349558903e+01
2.388893039911045335e+01
2.531766533284068288e+01
2.367999943962798781e+01
2.352995775223487129e+01
2.286047505904585364e+01
2.409258465297667584e+01
2.396473161813837294e+01
2.288044667237687690e+01
2.290853310417280397e+01
2.325498847294480598e+01
2.451281016511667588e+01
2.336180931794588389e+01
2.440958553658913033e+01
2.395406215205440859e+01
2.527582608579582057e+01
2.295122151523417031e+01
2.579416662608053201e+01
2.363566681053073637e+01
2.267723877819271294e+01
2.443317200048815963e+01
2.416268793054352670e+01
2.553028363545275070e+01
2.492276636941549128e+01
2.512770897201109932e+01
2.315818762131676323e+01
2.253288638939562816e+01
2.408946777713606124e+01
2.472976627494883672e+01
2.485909299877371836e+01
2.376867005141118838e+01
2.353477994300549625e+01
2.444896797132796706e+01
2.366190722288224180e+01
2.499168533791143076e+01
2.384412984268526614e+01
2.422213628274147013e+01
2.308344496357082321e+01
2.361530654005440866e+01
2.426057008336086440e+01
2.398913444146026563e+01
2.405730876143293884e+01
2.310883134199869815e+01
2.380354237472743506e+01
2.345625487119168895e+01
2.348165941670281143e+01
2.378993848204653361e+01
2.488631091969474340e+01
2.288017276625830831e+01
2.535648034970222398e+01
2.464921572650307979e+01
2.451206010536820301e+01
2.424150171158890643e+01
2.437764949079254251e+01
2.341317438680904317e+01
2.415979466211375026e+01
2.365365427900305662e+01
