2.933982526861937146e+01
2.870941759742292376e+01
3.023507836707919338e+01
2.840879837882121706e+01
2.985756642633564439e+01
2.847872631493823192e+01
2.875190163150697842e+01
2.800291131015852741e+01
3.004768197216217018e+01
2.744352991993797275e+01
2.861515293445146568e+01
2.890931526129155671e+01
2.947025031684728802e+01
2.875288861386772510e+01
2.800690743818159589e+01
2.753014288659838371e+01
2.968521242965794471e+01
2.684770757569662436e+01
2.767286153821684991e+01
2.859841266393102188e+01
2.814454649356069993e+01
2.947776402579343369e+01
3.096909096568784392e+01
2.750613095645946871e+01
2.741968445198564197e+01
2.945412554146903261e+01
2.699062666481668415e+01
2.705087772506319865e+01
2.863024447404264095e+01
2.903765937246104656e+01
2.860836641396523561e+01
2.860195777343555079e+01
2.858401198917910691e+01
2.965055717673740077e+01
3.109728875531205361e+01
2.760157486253904580e+01
2.856716422135210820e+01
2.986201965502845823e+01
2.882095776261651920e+01
2.941694557237770269e+01
2.825943326760118168e+01
2.843873019250840173e+01
2.773591755215987575e+01
2.964873883977088198e+01
2.889456702069239924e+01
2.846855090172501335e+01
2.998182337015384036e+01
2.657282601711672143e+01
2.813950822416213526e+01
2.996652193820055388e+01
2.871463684484938028e+01
2.783703096617031392e+01
2.809949457175267185e+01
2.913471456817254435e+01
2.758179256828959680e+01
2.831720791413038185e+01
3.033274392159191990e+01
3.112482970435547713e+01
2.884774600400076849e+01
2.939069063304244267e+01
2.814102347367997226e+01
2.915776884580506945e+01
3.036813812914128619e+01
2.914449872849786871e+01
2.691413598591640266e+01
2.830451108775098845e+01
2.678779247919440820e+01
2.798346318563331181e+01
2.893844018860874101e+01
3.008027051745101943e+01
3.002790336373262292e+01
2.813241747585007957e+01
2.902551593827498166e+01
2.897485250514480626e+01
2.821464331745859155e+01
2.892654193704101928e+01
2.719848875026599089e+01
2.860617786937336859e+01
2.950892416822101438e+01
2.801166137243890475e+01
2.850013587625499412e+01
3.022791924461692403e+01
3.013338837397856196e+01
2.860003805811364685e+01
3.024865333327213435e+01
2.650473995904837921e+01
2.990247585706811506e+01
2.807713822605014187e+01
2.928075497429033902e+01
2.927209425228489792e+01
2.842879527736156575e+01
2.946179331074563734e+01
2.715818477666055131e+01
2.881728182554713413e+01
2.844011244799545679e+01
2.949147638428579299e+01
2.935661245665128405e+01
2.768597427132770150e+01
2.870012234983754951e+01
2.609184208340554889e+01
