2.877566269965084800e+01
2.745836243742325067e+01
2.979288765118308291e+01
3.065804238619127986e+01
2.880255879113134654e+01
2.844473261964103727e+01
2.954250645804678044e+01
2.830925554395200194e+01
2.815514889431864276e+01
2.814092209845640369e+01
2.992333395406860319e+01
2.873789014050182189e+01
2.907639537581251687e+01
2.873238017622061236e+01
2.864554959827535185e+01
2.986711238333613494e+01
2.902545968625868866e+01
2.754808233320193267e+01
2.792705013869113273e+01
2.915973292047583598e+01
2.900500578979573518e+01
3.033296018364941204e+01
3.063765595306105283e+01
2.885863177071030350e+01
3.046715694635060956e+01
2.867703980864056135e+01
3.032109520412220149e+01
2.857591221696105066e+01
2.752913815277176823e+01
2.892140878762348777e+01
2.996297369603503924e+01
2.872746946707425053e+01
2.866964614970046199e+01
3.054073009207993650e+01
2.804084346989511545e+01
2.953936884897678894e+01
2.953646242051070203e+01
3.172814332048191233e+01
2.973011716885910261e+01
3.060315648879114292e+01
3.057592531405109071e+01
2.889597574940864533e+01
2.842239310716136913e+01
2.728936106641033277e+01
2.971640609156946766e+01
2.809614364490260385e+01
2.795812420171350254e+01
2.789259545193747414e+01
3.018600472977810512e+01
2.826674699869584728e+01
2.994835148179318196e+01
3.145305200291246095e+01
2.914549390877650481e+01
2.888464907877908772e+01
3.070903711742080588e+01
2.939082322021567961e+01
2.791892305853097156e+01
2.814574802148765542e+01
2.788298534969868925e+01
3.024872217699545018e+01
2.862389405027440148e+01
2.743260388357897384e+01
2.953073895577994890e+01
2.929459177067032272e+01
2.821742245191513732e+01
2.962295047143344462e+01
3.029839734416144736e+01
2.937650983320329345e+01
3.185024580410052408e+01
2.877105150062983796e+01
2.794587653246670556e+01
3.057594733086779470e+01
2.792990743326222614e+01
2.829192817642439195e+01
2.891408233391632265e+01
3.131585398021344702e+01
3.012513370521023859e+01
2.993249511382265737e+01
2.842339676243884838e+01
2.909001392187237300e+01
3.121413652220141799e+01
2.859481480774303819e+01
2.865766131311978526e+01
2.894075139149293463e+01
2.964917174075650763e+01
3.064516798781988172e+01
3.032820853286896678e+01
2.925329038065432030e+01
2.953498639849550500e+01
2.888281257921747169e+01
2.920005064507065384e+01
2.836160841198364224e+01
2.904689779706707498e+01
2.886803286284139602e+01
3.016552267702211054e+01
2.962209713303530378e+01
2.790179940488967958e+01
2.884905797606131728e+01
2.804251983351151267e+01
3.082021133966445348e+01
