2.854764018603978926e+01
2.727570815863057518e+01
2.974620955611841211e+01
2.771820305303344512e+01
2.771740056431260868e+01
2.605421106801851749e+01
2.853528572411378761e+01
2.790290752678022201e+01
2.933394624251945970e+01
2.746697567113113436e+01
2.677900062391100278e+01
2.797334080809849866e+01
2.641530166335651941e+01
2.797848232765871046e+01
2.680604097101288730e+01
2.805500422122080906e+01
2.608895899473476732e+01
2.787157847325211790e+01
2.792327001555196020e+01
2.913695231106267158e+01
2.759241134842953969e+01
2.901206005317958159e+01
2.850973410085706661e+01
2.691602206832309463e+01
2.766886722039589941e+01
2.649989033818386019e+01
2.887491840149668931e+01
3.095207332672123002e+01
2.747538081040258007e+01
2.718007920235896790e+01
2.835815593115834687e+01
2.755916446141657161e+01
2.902293473835078430e+01
2.763538803592605220e+01
2.861938313921795896e+01
2.992918851868231300e+01
2.634457253893419448e+01
2.665514786277637782e+01
2.925583540370768887e+01
2.687838393519010083e+01
2.836616539397100212e+01
2.540822405919861282e+01
2.892618671537804786e+01
2.879726151689882130e+01
2.831164638718206561e+01
2.908105968516667872e+01
2.853011835562509901e+01
2.784887993847316423e+01
2.624309885714102464e+01
2.779215040688328386e+01
2.907780111609603679e+01
2.807563150350822312e+01
2.853310789128415692e+01
2.649361671694973097e+01
2.812809454713421076e+01
2.835019660841628308e+01
2.783983643710269007e+01
2.788785226550241347e+01
2.678395356563506979e+01
2.905831265191702073e+01
2.808084145969404233e+01
2.784810606779934972e+01
2.609807135180682280e+01
2.899172305178706210e+01
2.813491570087380111e+01
2.889256505485007054e+01
2.726054220619363377e+01
2.745180912219367286e+01
2.716374049871608065e+01
2.742980711573020258e+01
2.724588204803092495e+01
2.640584799219918111e+01
2.766512570106966606e+01
2.810487748648783679e+01
2.762489136405038792e+01
2.756551967280720916e+01
2.622187128831735237e+01
2.848277515319740871e+01
2.700866022888940421e+01
2.669153863050689779e+01
2.753733992016044851e+01
2.870951471972684033e+01
2.648589477362894229e+01
2.859567159523408719e+01
2.802513636639916683e+01
2.729789319458148711e+01
2.837827054969910634e+01
2.948242294430324861e+01
2.717957469180233332e+01
2.776924319273798858e+01
2.761585790357947445e+01
2.718385716825236287e+01
2.599836306749248394e+01
2.920397550191905367e+01
2.619781879992674334e+01
2.775778092835713906e+01
2.634488124548793309e+01
2.731072569848746312e+01
2.987598442940144849e+01
2.683812803230751598e+01
