3.027314416104824346e+01
3.158689469060251653e+01
3.082027542763260897e+01
3.091047986097761324e+01
2.943938847427426708e+01
3.096466746503824652e+01
3.196237262982146277e+01
2.950720643899263251e+01
2.972597598736794211e+01
3.180033080396264822e+01
3.117102187466841201e+01
3.021374250484984003e+01
3.117393751157562676e+01
3.396944507203005514e+01
2.939563416190023304e+01
2.838383289147040855e+01
2.894237304367236518e+01
3.060356261756803775e+01
3.098735758955107755e+01
3.082225074976042833e+01
3.045123063600657076e+01
3.108357370768606387e+01
2.988620194529012863e+01
3.045829965875514844e+01
3.147374833164981922e+01
2.863130426475488122e+01
2.894796760807411573e+01
3.152404495550095831e+01
3.133666686065748053e+01
3.206661086354731083e+01
3.242657650300069605e+01
3.021029121252312777e+01
2.962592282690841472e+01
3.019856298430829611e+01
3.009554700625129087e+01
3.062996949957680570e+01
3.035570341331625244e+01
3.137835116653386081e+01
3.043685120910311070e+01
3.151224272690041772e+01
3.234334880072087515e+01
3.124044796131245860e+01
3.171477488855407145e+01
2.931643516275332928e+01
2.976967049021750711e+01
2.917178596211386576e+01
2.973755755530633138e+01
3.009017917579857482e+01
2.870617710752016549e+01
2.898716633297582845e+01
3.044226000331686066e+01
3.395846483847986264e+01
3.160267862676228035e+01
3.248686250747209669e+01
3.077108441268229200e+01
3.225098010751982258e+01
3.054176840361878931e+01
3.194463167835574779e+01
3.083377846182399296e+01
3.051016459443081885e+01
3.142521381563807381e+01
2.674979647391693760e+01
3.095583582396605138e+01
3.155213215042168073e+01
2.941871206153043872e+01
2.990578515442983232e+01
3.075996985026171870e+01
3.038563072090880723e+01
3.094879917612041353e+01
2.898895468555172883e+01
2.942098723679941585e+01
3.284338038265256188e+01
3.148177402268088443e+01
3.167289330465746744e+01
2.836733531794547858e+01
3.051339077833190316e+01
2.827539007381732716e+01
3.099332196432590791e+01
2.859479099652973488e+01
3.125298049345839857e+01
3.228113337374350778e+01
2.963375422122898684e+01
2.895034635994367989e+01
3.035161855040281154e+01
2.815275624318194403e+01
3.168598043598821334e+01
3.018680185726959309e+01
3.072817618347059465e+01
3.260312322573309274e+01
3.317719841470663056e+01
2.923644180275060123e+01
2.886777169281139166e+01
2.834029698841261080e+01
3.244909574502803906e+01
3.333726133200293162e+01
3.016715178149290466e+01
2.857075369162187428e+01
3.117964386575296487e+01
3.111508461281298210e+01
3.106075926638564155e+01
