2.854593513569152563e+01
2.933971808975745788e+01
2.953277846646223281e+01
3.035112737583582287e+01
2.811629834526725702e+01
2.940254371979435533e+01
2.694789347405818347e+01
2.898249403458926565e+01
2.916041748058549388e+01
2.772214375411407872e+01
2.963263520805805484e+01
2.861110798637209029e+01
2.743182263728823855e+01
2.700138003876537240e+01
2.865053526502986969e+01
2.712769213330423312e+01
2.852718578762143409e+01
2.700397627905880071e+01
2.677966519627549502e+01
2.918992724327361543e+01
2.646286884051869848e+01
2.940131565060448082e+01
2.789531508964814321e+01
2.793054191030165967e+01
2.668077708463490083e+01
2.836215101569930397e+01
2.686660832484564665e+01
2.900535226077350970e+01
2.616009720266475114e+01
2.849008056198195860e+01
3.058310176607806596e+01
2.881351767722771839e+01
2.923086498017810797e+01
2.725021361704566658e+01
2.730831385786480681e+01
2.757930356110017200e+01
2.889557579229431639e+01
2.936324643999507344e+01
2.682757008541299371e+01
2.756742356504265956e+01
2.896742676774261582e+01
2.783529234025861143e+01
2.749438703456042177e+01
2.949232321009785096e+01
2.746903204278169142e+01
2.851065827997648583e+01
2.739266289723589765e+01
2.922418780419873485e+01
2.906423899594442872e+01
2.930736186108376629e+01
2.902375458415274778e+01
2.823285934890165194e+01
2.767234134879422314e+01
2.923559365690202583e+01
2.908715510448289265e+01
2.703797396935058117e+01
2.666498252129466806e+01
2.827031694752935209e+01
2.881053399617470490e+01
2.914963661065593215e+01
2.891510296881678599e+01
2.640757530306436962e+01
2.755903095644156053e+01
2.939195153849818709e+01
2.824545127944324818e+01
2.748608044185627719e+01
2.999941466456074579e+01
3.009847189852891347e+01
2.746820158759778963e+01
2.860053945251354079e+01
2.777323663120235508e+01
2.822773076192388686e+01
2.627617662590013126e+01
2.777801233047390639e+01
2.980275887200595264e+01
2.700409424828154314e+01
3.153306681275839551e+01
2.851227316639310416e+01
3.034239205663136119e+01
2.934477029580241236e+01
2.783745099694221281e+01
2.701931127147631173e+01
2.626710101374501960e+01
2.828997025032149182e+01
2.869191733304361591e+01
2.811184018128753337e+01
2.922165608137483872e+01
2.786494927686393197e+01
2.706127111303603883e+01
2.949756905188576894e+01
2.922691664584230509e+01
2.702606041533508119e+01
2.997556976392061401e+01
2.700336341230491755e+01
2.855027626067214186e+01
2.922439036654850852e+01
2.699785268137594585e+01
2.494500746350217568e+01
2.910630421814892443e+01
2.879793656863194684e+01
