3.616211146339401949e+01
3.528081974369947460e+01
3.662036181587080819e+01
3.492689662010324980e+01
3.526091959024608968e+01
3.343657999084273058e+01
3.546375957475829210e+01
3.476113791269816033e+01
3.609461373724903410e+01
3.465825516899383985e+01
3.338412965978388769e+01
3.292964709874883056e+01
3.504100768397097454e+01
3.365876851478016363e+01
3.935910542443190963e+01
3.333177704289724375e+01
3.450761637977929297e+01
3.546732725324658730e+01
3.832965829918040868e+01
3.517011814080883170e+01
3.695173689096482406e+01
3.439488941655434928e+01
3.599359511296258063e+01
3.725531447723362533e+01
3.564263542753208469e+01
3.379534880097740057e+01
3.348388876441701711e+01
3.545274289472943252e+01
3.468767009022658243e+01
3.515270606002059850e+01
3.607429988626158490e+01
3.848615960664414359e+01
3.554528169331529597e+01
3.626866139126419597e+01
3.749262140094966611e+01
3.599035301065366355e+01
3.767050544048568383e+01
3.472708506909011561e+01
3.466048765610734961e+01
3.481882614133153453e+01
3.307417458470095539e+01
3.904899579093130768e+01
3.636310603400804098e+01
3.894348230136038325e+01
3.524416573804188602e+01
3.512468724728562819e+01
3.757059859499693033e+01
3.488337830287298402e+01
3.621705409510231277e+01
3.434351299736179186e+01
3.753302029585613298e+01
3.310909163012296119e+01
3.587611731512673430e+01
3.633394949514283212e+01
3.523533504918183468e+01
3.514456734455326625e+01
3.327861745451662756e+01
3.636210636941309815e+01
3.215572570453170442e+01
3.669987010295310625e+01
3.414129528207129027e+01
3.618522725362644366e+01
3.417022200376577956e+01
3.444095470884224852e+01
3.269459303558186747e+01
3.634327132194204069e+01
3.905672463234441238e+01
3.730692505801729908e+01
3.483921168615710684e+01
3.610302956981405487e+01
3.893017665237516667e+01
3.392830636758168339e+01
3.403325283747332719e+01
3.524078553772439903e+01
3.849376896752603017e+01
3.449412887941041816e+01
3.662532896590721521e+01
3.509134320056877243e+01
3.214646118177128642e+01
3.678642945543055731e+01
3.628098317696765207e+01
3.650781878291119398e+01
3.390508041076946455e+01
3.627163383541916630e+01
3.524577996506936017e+01
3.737663102618390099e+01
3.720919682368971593e+01
3.623259136109141565e+01
3.888960484891716618e+01
3.213040615586044879e+01
3.556821886621219875e+01
3.553477543722348031e+01
3.464387646759709583e+01
3.519588301425483934e+01
3.737613988791928676e+01
3.605458679895041740e+01
3.438704563701269024e+01
3.441504672369204343e+01
3.461066656788711526e+01
3.439125851065487893e+01
