3.668310626012254971e+01
3.780626123305075481e+01
3.527949148170794302e+01
3.448765535709551244e+01
3.423295882940900725e+01
3.578373540601679537e+01
3.521742890588028985e+01
3.703183998703421764e+01
3.569658793022488652e+01
3.658767566840588614e+01
3.013166492896515436e+01
3.658985033754863281e+01
3.742900056330714165e+01
3.658989301710899156e+01
3.793904083930668492e+01
3.794841591355005050e+01
3.795976066962228401e+01
3.463384404515641535e+01
3.512247099587497701e+01
3.517573716599223843e+01
3.641080984468712245e+01
3.612824052903739869e+01
3.448434213497625223e+01
3.521514687102600760e+01
3.984457658766740451e+01
3.369244481493064569e+01
3.634973706050792686e+01
3.483154349493553781e+01
3.748698528844036559e+01
3.550321142276858666e+01
3.966212203976129302e+01
3.640689937670676812e+01
3.836058479819821798e+01
3.498657787922437734e+01
3.909329440570905945e+01
3.527956197423770135e+01
3.306067308913295477e+01
3.530051308748484473e+01
3.872190449714390326e+01
3.875210440089785635e+01
3.743813598684586452e+01
3.650548108233705591e+01
3.656735106724413953e+01
3.714765797480877296e+01
3.671767848564228132e+01
3.563260749501331759e+01
3.401345775387044768e+01
3.293419699242895149e+01
3.534555080532200577e+01
3.538113327373010719e+01
3.337881019351665657e+01
3.354429109631376349e+01
3.823512185129312257e+01
3.797480105519549909e+01
3.755702839010643146e+01
3.696253013655187658e+01
3.771279056229305837e+01
3.780986950813750269e+01
3.596416099413557532e+01
3.537271169486032107e+01
3.827089891434548008e+01
3.506088195992965240e+01
3.670237877381622127e+01
3.559333764714079251e+01
3.572322731592133493e+01
3.245988261504552241e+01
3.670578393569893194e+01
3.733723040175978980e+01
3.487238022830699435e+01
3.618045910723815695e+01
3.761156071852482086e+01
3.782033974336654580e+01
3.368912431860385936e+01
4.000938332546140686e+01
3.911797264581477407e+01
3.560343111583500786e+01
3.533646719377851042e+01
3.645406918076953673e+01
3.718366528458238207e+01
3.842982365510937370e+01
3.779899026029195852e+01
3.736079008822454028e+01
3.751297790704268920e+01
3.615790578663302313e+01
3.650318968614903525e+01
3.633909582107518332e+01
3.333773470842293563e+01
3.542856514630351228e+01
3.459288507214751007e+01
3.769983584296196710e+01
4.002775172199361720e+01
4.011034502306318217e+01
3.653349121977036162e+01
3.766765578002996762e+01
3.375227590728921712e+01
3.858152336874785249e+01
3.668520371357163157e+01
3.317773026384298873e+01
3.907868858517915811e+01
3.604609959683887155e+01
