1.549003505701564798e+01
1.560840482065611390e+01
1.561832072799595394e+01
1.521434966289947255e+01
1.549328322336224950e+01
1.550589980439158388e+01
1.561154183562968178e+01
1.564222347073259911e+01
1.528355385855976678e+01
1.549844388000501283e+01
1.587531714740775612e+01
1.527944490914085840e+01
1.560714829809639070e+01
1.562598995104626809e+01
1.571709164397064740e+01
1.540869554743640357e+01
1.525272764385034563e+01
1.595221697709528641e+01
1.587448351828316362e+01
1.557045362633779817e+01
1.526983589665224628e+01
1.543342976477656059e+01
1.584401581138599369e+01
1.556603787749939016e+01
1.563618334955221201e+01
1.539371412993014587e+01
1.564757937564391455e+01
1.566729472610366614e+01
1.557126421112087122e+01
1.580703795284481039e+01
1.533262680559938751e+01
1.526010617766061017e+01
1.536826810024938261e+01
1.545344871236179429e+01
1.538153020062708265e+01
1.555834658916099400e+01
1.522511850691849844e+01
1.544655515719617789e+01
1.602938436800327082e+01
1.535640457630785427e+01
1.568925071459792875e+01
1.550467666762843422e+01
1.571512577035385227e+01
1.563667985936504223e+01
1.547629566966297610e+01
1.539836422775702651e+01
1.548696036325030612e+01
1.594218992698279358e+01
1.597198133078003934e+01
1.554036864557899555e+01
1.546318318728030050e+01
1.526188527427728303e+01
1.559469838498886851e+01
1.538819249287569413e+01
1.550798489025340388e+01
1.596702303859994743e+01
1.630452673962680166e+01
1.531116043316366238e+01
1.544949807330202773e+01
1.532601266967838072e+01
1.505115633905578498e+01
1.572386639689758603e+01
1.547959080994221281e+01
1.544714807628564479e+01
1.567731642426604033e+01
1.538384430392302704e+01
1.522319540587956510e+01
1.551393734803406410e+01
1.563894989792447099e+01
1.552833025435859504e+01
1.551584942026414815e+01
1.575716662259299206e+01
1.532321131440953721e+01
1.506392848171135235e+01
1.556496544824407913e+01
1.539447194802404617e+01
1.541364143392614139e+01
1.555085413498286329e+01
1.549390397437385403e+01
1.561865135169727203e+01
1.532824190713765411e+01
1.532839535542254517e+01
1.590962095578502300e+01
1.530479961601018424e+01
1.531505239731428603e+01
1.547516580285464549e+01
1.549045813555096984e+01
1.582887280486351145e+01
1.556054283975857366e+01
1.581935243993047457e+01
1.550108349773530847e+01
1.555194814979873996e+01
1.595005194656139480e+01
1.517529025196823333e+01
1.547018906634800040e+01
1.583532488647846392e+01
1.532358593541295733e+01
1.549313231741017027e+01
1.547044487797481871e+01
1.564833401826646231e+01
