4.142958606935069099e+01
1.435161534125359672e+01
2.964947322633817706e+01
3.537145405291018108e+01
4.037836587081552864e+01
2.593450244060815280e+01
3.650540540679454438e+01
4.248095177076803708e+01
4.406074159875299756e+01
4.298564539298789100e+01
4.084065724593845914e+01
3.990812086128798342e+01
3.993940809854150586e+01
3.324958812352389970e+01
4.080614860643072461e+01
2.774092498563122433e+01
2.957023181534080791e+01
3.877597375602154983e+01
4.266280390526029009e+01
3.675536263620009692e+01
3.840627132035564273e+01
3.870884161526449674e+01
4.102601149102851252e+01
4.149330542985806858e+01
3.770732769985463051e+01
3.984838299101917158e+01
4.489402843426952927e+01
4.338570185712425342e+01
4.355472339705423224e+01
4.016665419095048151e+01
4.001699393875141908e+01
3.984836732463516284e+01
4.156599493743465246e+01
4.001308470803260775e+01
2.562934291274708798e+01
4.111101889307442292e+01
4.014022678884506234e+01
3.982760142638299072e+01
4.147504515569229966e+01
4.225565632052359888e+01
4.000284777955886284e+01
4.231469189847562262e+01
3.878893635276666174e+01
3.955983264596736149e+01
4.149722287827152201e+01
4.500526154952291336e+01
4.303720764570331170e+01
4.333043674140471069e+01
4.175799752107491969e+01
3.772343820568802641e+01
4.403498041956643050e+01
4.065381448880753368e+01
4.088428828217875122e+01
4.181515109828730914e+01
4.217573288913964547e+01
4.117219195040048163e+01
4.140828050968454477e+01
1.362968058997152809e+01
3.297431969033052468e+01
1.845301791758738119e+01
4.126753141946213077e+01
4.384252891222834592e+01
4.131841282940803239e+01
4.028279216978411625e+01
4.036523316925755722e+01
4.146857030865395899e+01
4.179189411031273238e+01
1.155177608377223919e+01
4.432538556078456082e+01
4.000306674805528218e+01
4.094858128808625963e+01
3.916230990311328242e+01
4.443643894583885867e+01
4.092591951906748449e+01
4.075073666213880585e+01
4.034280223604765325e+01
3.749029316312150684e+01
4.080022850876672180e+01
4.053849134646483066e+01
4.151364096673815851e+01
4.242243786610910661e+01
4.056617324315992335e+01
4.068558918591469364e+01
1.995905308040078552e+01
4.012718243065389601e+01
4.519566120557593081e+01
1.200091377352712030e+01
4.528687696019793663e+01
4.060408705854687383e+01
2.725739000987577398e+01
4.007799042894783526e+01
3.997911678054946094e+01
4.235486038756064175e+01
4.178288926555867988e+01
3.271004072930725215e+01
4.235602683663586987e+01
4.067810290855756250e+01
3.968616721859487484e+01
4.177442008033789733e+01
3.671575292470001983e+01
