3.235258798811226200e+01
4.010421785136566086e+01
4.200588750570964436e+01
4.340167659058853644e+01
3.985552761418701095e+01
3.949450403754128303e+01
3.803463096190281334e+01
3.867636233418736680e+01
4.408750360584129879e+01
3.856749944137678199e+01
4.340310701724371967e+01
4.196929051613206951e+01
4.013433308169277325e+01
4.015017089530324768e+01
4.059742854560633418e+01
2.980271958242621011e+01
3.862504950519242897e+01
4.443879535296657224e+01
4.166922387663895222e+01
3.815088472636389838e+01
4.004397465971689485e+01
4.075918416695262891e+01
4.097645600968311186e+01
3.976780927023924761e+01
2.825881976532105000e+01
3.886347076698995551e+01
4.100944975459781006e+01
3.162104540800709529e+01
3.763932540435941831e+01
4.058460452000011287e+01
4.072645817947589819e+01
3.958514983373505913e+01
4.079239442227816426e+01
3.981941895417776323e+01
4.061890572254298348e+01
4.330285254816103446e+01
3.872778314444482817e+01
4.018739482982184086e+01
4.263802244907572714e+01
4.016301051797879751e+01
3.835713002060505517e+01
2.647127835159130171e+01
4.180812590147924368e+01
3.882349859978852180e+01
1.834030412265827437e+01
4.241131447009431099e+01
1.709372994288851544e+01
4.082972959705141847e+01
4.038460476482490691e+01
4.104667230470624162e+01
4.215004322763400069e+01
3.579874645101089214e+01
4.339695006080795991e+01
3.611836064984326100e+01
3.954564855226809073e+01
3.994788000727476884e+01
3.997648422396565593e+01
3.834800551831406779e+01
3.985179896327239391e+01
3.668230063763733284e+01
4.068961643754857960e+01
3.055735848628282980e+01
3.951986935083091623e+01
4.065493049080183141e+01
2.000863035139514423e+01
4.125876554298567100e+01
3.994901075187552664e+01
1.460522376884715356e+01
2.869069519062620799e+01
3.860581150453219834e+01
3.683800624820327840e+01
1.934445992749522958e+01
4.065417978358002671e+01
3.748427318766466954e+01
3.722499340232725729e+01
3.869004674557965728e+01
4.040644764661508503e+01
3.961781187698930040e+01
4.139576779827913100e+01
1.200304831110750392e+01
3.848641515164818827e+01
3.917520835083194441e+01
3.050180162491392366e+01
3.619562588993257890e+01
3.667567058456948104e+01
4.158147131604313529e+01
4.173066203282898101e+01
3.757500714490224425e+01
4.358255167584510303e+01
2.217901600436787035e+01
3.736357547219708408e+01
4.059287087743114597e+01
4.300980821320514735e+01
3.773485133413060311e+01
4.199847412051759932e+01
3.738799814558507961e+01
4.242300396259449968e+01
4.284199561400182432e+01
3.794176442464617338e+01
3.969238948982768278e+01
