4.031151368803415380e+01
4.172963792303100661e+01
3.641014854799362155e+01
4.119643922995603447e+01
3.897924409098989429e+01
3.804500347856762232e+01
4.017719640696189032e+01
3.751148674882335854e+01
4.002400904395640424e+01
4.203903414129172234e+01
3.928397633186141036e+01
4.126965310684968813e+01
4.117747544558177708e+01
4.080771284074295835e+01
4.066398272062328090e+01
3.748383864666990206e+01
4.065219244946666777e+01
4.156891670316457521e+01
3.565568610121344761e+01
3.819678618693328076e+01
3.774192942395075789e+01
3.287415758652314679e+01
4.049971661178749827e+01
2.847999875391290203e+01
3.911590605377554652e+01
3.913255265818561668e+01
3.972072917925249413e+01
4.051342523638000159e+01
4.128899145019994421e+01
3.867424555404250697e+01
4.188591058414346691e+01
4.353639967630240903e+01
3.707038228793803114e+01
4.130558708098052279e+01
3.835060735825089751e+01
4.176956210689763083e+01
3.729370560560214898e+01
4.191299601928970731e+01
3.525891066271847762e+01
3.744969265102527345e+01
4.103984840816350044e+01
4.157605603726153021e+01
2.441100840172905606e+01
3.863140438638697560e+01
3.757571806926227254e+01
1.126147302971440922e+01
3.840517852855251846e+01
3.963510900638367218e+01
3.967700843357043539e+01
3.825069813873739122e+01
3.776257897527722918e+01
3.902059550662834653e+01
3.863695498822984575e+01
4.145147950972508966e+01
4.132854177764432535e+01
3.911169715484107456e+01
3.873757149848465531e+01
3.989732950515458754e+01
2.191096398526793720e+01
3.952311047232342389e+01
3.947824225442435875e+01
3.305842514089570017e+01
3.826105652767223120e+01
3.858832062100248095e+01
2.917027538182067303e+01
3.820649746817211678e+01
4.101817208723780794e+01
4.014434184470101741e+01
4.045911205980186764e+01
3.946193590969630094e+01
3.913897468945071978e+01
3.844415059442837190e+01
4.080020692489551237e+01
3.807585680718047172e+01
4.045006219448029583e+01
4.126217454866800693e+01
3.891191564733612296e+01
3.952927401826055132e+01
4.075328850922510782e+01
2.975839765941773862e+01
3.925626348359977413e+01
3.989526408028522297e+01
3.949544752117569146e+01
2.548257592655905412e+01
3.970391417756293606e+01
4.113043842655138604e+01
4.106345528320118632e+01
4.112806182533365273e+01
4.084909623571953574e+01
3.734770208759487531e+01
4.089601916988825536e+01
3.907441992948508158e+01
4.172974312752297976e+01
3.501939140017406515e+01
3.779476992453279394e+01
4.225916211655209054e+01
3.992575134754009269e+01
3.925837596340254976e+01
3.876721758491444803e+01
3.651621637175671964e+01
