3.710157154058165929e+01
3.609689715020993361e+01
3.739076232080532236e+01
3.936015292663450538e+01
3.829241875798530970e+01
3.564410491278879078e+01
3.909894456064735380e+01
3.950669727626480920e+01
3.997724789097398457e+01
3.889747654550439648e+01
3.942346850980280948e+01
3.987000969777775339e+01
4.074350098181217561e+01
3.830354699476345104e+01
4.270263333483104873e+01
3.531235113788437019e+01
3.922931895062955476e+01
3.605765828247593419e+01
3.761933361299924883e+01
3.677382020392874296e+01
3.714609810148056113e+01
3.632516006598289948e+01
3.944976118372645857e+01
3.890915980418570541e+01
4.131614041339242505e+01
3.775174568254108465e+01
3.558195149046075301e+01
3.846577519404004875e+01
3.681038141327001512e+01
3.680926257893550968e+01
3.927573653184278157e+01
3.699479060920194939e+01
3.811173426005196063e+01
3.755379310163077378e+01
3.935501869736952330e+01
3.834171849744124216e+01
3.494883375531451009e+01
3.825343144057329425e+01
3.669161889880746941e+01
4.182240238922807407e+01
3.730923358424544745e+01
3.380519388778610335e+01
4.077109132581927042e+01
4.149181431803433640e+01
3.781822186414403575e+01
3.611144446443067579e+01
4.279587006717484599e+01
4.177058333792565037e+01
3.962986425416976033e+01
4.017177577209336903e+01
3.654227628249107340e+01
3.867738135504277608e+01
4.170529964320098060e+01
3.775848741773424422e+01
4.156622797464540753e+01
4.015790494592054927e+01
3.671073436540483215e+01
4.106762639203502374e+01
3.969571319708995816e+01
3.479427680367997056e+01
4.048877758682834838e+01
3.990097257397556518e+01
3.991954719076780833e+01
3.845083839611673682e+01
3.911640435221502088e+01
3.458886027910982364e+01
4.065700884692477501e+01
3.634983921530991324e+01
3.564780174716912597e+01
3.699201175835825950e+01
3.520663372152520765e+01
3.867226866116965311e+01
3.553646634868938037e+01
3.658503110435508887e+01
3.717577438042423665e+01
3.791060427601753702e+01
3.855079877284271106e+01
3.801298119935955100e+01
3.709498361736130079e+01
3.621707963542306175e+01
3.457815690143176113e+01
3.803367016116673938e+01
3.727983774977274578e+01
3.927144424542396450e+01
3.933023962102269167e+01
3.845999489452991327e+01
4.016690580286788759e+01
3.696391195573955457e+01
3.725708191972294969e+01
3.533078294386496054e+01
3.608305431594526880e+01
3.870985539948609500e+01
3.840451615676496289e+01
3.899601157885331304e+01
4.089055567950862269e+01
3.813923541874761014e+01
3.543237553422140707e+01
3.954720719650867267e+01
4.048835546416258069e+01
3.646864011805344319e+01
