3.675851478553293106e+01
3.666416246547902347e+01
3.642687170600846258e+01
3.348737905851130137e+01
3.483086180191786951e+01
3.732052597217430190e+01
3.819368197017188749e+01
3.624171496649185542e+01
3.598323688343203486e+01
3.587966809573889293e+01
3.539694902135656207e+01
3.604923161275915788e+01
3.651151171494844760e+01
3.625589585503200851e+01
3.880551930010990702e+01
4.044486667367095123e+01
3.337774872722093988e+01
3.756545247379766295e+01
3.432146014907419129e+01
3.790060581799057360e+01
3.912127865625680556e+01
3.894721557458304773e+01
3.567591731905212526e+01
3.633620206715230694e+01
3.356481237735340528e+01
3.743334046140758886e+01
3.623997171993072897e+01
3.751340012229249510e+01
3.807834928196022162e+01
3.501539696712596594e+01
3.676239462771764721e+01
3.638485954166608849e+01
3.670234323302721435e+01
3.423936802479536112e+01
3.883188387226893923e+01
3.502505594967531266e+01
3.556995484207277514e+01
3.805540758393812695e+01
3.810087930139523849e+01
3.561111498582313573e+01
3.464515700857457148e+01
4.004266309494751397e+01
3.756425468269735291e+01
3.843504019955530993e+01
3.603810774799018901e+01
3.935296532472032283e+01
3.516930555635153155e+01
2.878110019778395667e+01
3.648723190910062186e+01
3.558833852664467656e+01
3.515690638308526417e+01
3.810146542998641195e+01
3.759839529514212586e+01
3.670889272480948051e+01
3.776758407128756545e+01
3.786074232814158336e+01
3.417783840828418107e+01
3.567882953296376769e+01
3.478576823337733259e+01
3.927127148921902489e+01
3.717708021696140008e+01
3.478665946940282083e+01
3.821162215417414387e+01
4.021485741621177823e+01
3.477510004852884862e+01
3.309957004024018090e+01
3.506470259409177004e+01
3.548119794241380731e+01
3.471689687918163969e+01
3.993978781575385995e+01
3.528702489518420293e+01
3.903672209062343512e+01
3.827905317943989161e+01
3.513768923348696660e+01
3.768033914104166371e+01
3.634576844568104548e+01
3.726917911809582762e+01
3.980371041577792113e+01
3.929530891327701880e+01
3.681220030811939381e+01
3.729961691947176661e+01
3.798641205396275922e+01
3.630006589603165423e+01
3.604255257488075870e+01
3.581261822607172007e+01
3.727099549410296220e+01
3.818105406426614223e+01
3.220822676186234901e+01
3.755328785064014596e+01
3.642337063623217830e+01
3.837361640096589355e+01
3.640682036922370202e+01
4.116445180589993669e+01
3.699465427435169573e+01
3.689024186304256148e+01
2.979919351890299239e+01
3.656751962568274195e+01
3.778243008137907566e+01
3.891206487014503068e+01
3.599804861985762017e+01
