1.888532287093886097e+01
3.583807372248362810e+01
1.653404501021562467e+01
7.488405940291857910e+00
6.562754880355115894e+00
2.957497806871236179e+01
4.075050416100940254e+01
1.333691720717649964e+01
1.079942101322839498e+01
1.848453674226142951e+01
1.100348445774943684e+01
4.161714148264082525e+01
4.309298199158524056e+01
4.482543922696548577e+01
4.213962549958718995e+01
2.906878995280106182e+01
1.737633021275451028e+01
7.313933123107408285e+00
4.216782259063606375e+01
4.279139294596065923e+01
3.573651006995192603e+01
1.276073746506908080e+01
4.205402556090706412e+01
2.148968967588278289e+01
2.885748143331263194e+01
4.323436817836085311e+01
2.803416847846208526e+01
7.127472409358930783e+00
4.175646271967679724e+01
3.954306835046852342e+01
4.330917214678338922e+01
2.591866972534225866e+01
2.576233913446014867e+01
1.662579117227414116e+01
3.674299631766263019e+01
4.149342000468231362e+01
4.450392935328009258e+01
3.841603903088643079e+01
4.297024369121041332e+01
3.024033856489642957e+01
4.308061869096457031e+01
7.551892115756054125e+00
3.797895554332927048e+01
2.148614359017946995e+01
4.365956264831119427e+01
4.477848002324721932e+01
1.866406980548498495e+01
1.348054362872715117e+01
1.354792234434514775e+01
4.256042052910301265e+01
7.807550270515075219e+00
1.859738583115866106e+01
2.338612561735866890e+01
1.232300976078582266e+01
1.328256692583917520e+01
2.023398853969369426e+01
4.285120190332605006e+01
1.219138060979991423e+01
1.229734058336919489e+01
6.178931721485138695e+00
3.907568039782669445e+01
3.845919245718189217e+01
4.045761979836346711e+01
2.147732140677420887e+01
1.860225661463861613e+01
4.531376730284189591e+01
1.466960730384231937e+01
2.784088936012962634e+01
2.423156656347121896e+01
4.177591010098979041e+01
1.828206152763844017e+01
1.190991087025883566e+01
3.451392338597052856e+01
3.039658709881883425e+01
1.799275417964068069e+01
2.330751578700110471e+01
4.613728897686925734e+01
4.202630991819668793e+01
3.842394767097660946e+01
2.718223793398282240e+01
1.379067516532652427e+01
1.911227622223135825e+01
3.298090027550453129e+01
4.334466517950541942e+01
1.371373432212570975e+01
3.920027583542993455e+01
1.755815690033984922e+01
3.937012044837401703e+01
2.171852285337216060e+01
4.203389949148696303e+01
4.251709551937838683e+01
4.040536747946504903e+01
2.116122413026611326e+01
4.107499399332348844e+01
4.266322456599921509e+01
2.765376039960293397e+01
2.211117138045112185e+01
1.277018313802025951e+01
2.234275013048638314e+01
4.166954013891270847e+01
