2.642678782295577733e+01
1.179444474342499127e+01
8.110024905695517816e+00
2.291949411216168997e+01
3.454549485436283618e+01
4.169337361922719509e+01
4.241106922216771835e+01
1.212451368701807475e+01
9.636431087187776967e+00
3.348823573683755228e+01
2.974555595778554817e+01
1.634819379621421831e+01
1.083881145625032971e+01
9.146468215750775954e+00
2.533915252179093969e+01
4.438506353156446238e+01
2.645720012479743488e+01
3.507626402549698952e+01
1.851400515858350104e+01
4.318639632735731482e+01
4.328880249562187288e+01
7.516221554124689064e+00
1.379301379961115082e+01
7.618835708056642453e+00
1.865768583230697431e+01
4.125209871140974371e+01
4.355697085070904251e+01
1.638113749571338218e+01
3.691600079503184872e+01
4.382107630286493105e+01
4.204656137529073590e+01
1.695775683637430831e+01
2.096460098769451719e+01
2.894906714592530506e+01
2.461827763759458065e+01
1.088459681946535618e+01
1.427609116809298939e+01
3.029789976959003894e+01
4.071006888962640602e+01
1.300926768808569989e+01
3.287869143054977883e+01
9.543514964993400795e+00
1.707387292100164800e+01
2.403262112441242593e+01
3.817661238890986652e+01
4.079456923035868243e+01
1.705551283187854850e+01
2.965429130121324164e+01
4.066950821457309928e+01
8.869231400102757235e+00
1.007795777339478072e+01
3.920370647373862738e+01
4.234115570501861470e+01
4.046720407952408749e+01
6.400626709542592607e+00
4.062112029127609247e+01
4.252879504368397789e+01
2.578080767774822846e+01
1.577392110579054396e+01
3.770587266996107445e+01
1.614129551575290478e+01
1.155565901549468322e+01
3.669600332623048189e+01
1.255797815565454201e+01
3.865462081362344549e+01
1.588601519436590870e+01
1.747015405059500992e+01
2.045526057814572596e+01
2.720970466438270918e+01
2.345835353002286539e+01
4.374118464193551148e+01
1.747665662003229770e+01
2.637660935748198909e+01
1.146361195278998402e+01
4.018744336191281263e+01
1.719415280856128803e+01
1.225810832205093881e+01
4.071097298239240558e+01
8.640349636751814444e+00
1.468916071747536911e+01
2.647777651137799992e+01
4.362883462514241728e+01
3.274023314991078593e+01
4.256987097631175487e+01
3.551896884544509447e+01
2.424287992736010366e+01
4.075307507062588996e+01
2.062467692181117584e+01
2.256740310777576752e+01
1.043521630134042333e+01
3.036260526989708808e+01
3.972559782802026973e+01
1.187427860422938686e+01
4.388841410267232845e+01
1.824582690898327897e+01
3.079242822423002224e+01
4.509986639761658012e+01
3.984101236917226885e+01
9.293459969461947523e+00
4.020884016223460833e+01
