1.075598160906334577e+01
3.912598448242765414e+01
6.404354643070478303e+00
2.008129797894357527e+00
4.721179027866446276e+00
1.387178590594093031e+01
1.201530497295209798e+01
3.836554331288512287e+01
5.560119274202819817e+00
2.505126743841727688e+01
4.472597416019340955e+01
9.207803081019784841e+00
1.523197048696669320e+01
8.602728826475924961e+00
5.010143388646156382e+00
1.326829497846385841e+01
9.671873920553039738e+00
1.521462348510512186e+01
5.820416559534342227e+00
2.582525706946724853e+01
1.030002629611699483e+01
3.534018620368337338e+01
1.368721647663786278e+01
5.071916367730237241e+00
2.355012113088471537e+01
7.096548856666337279e+00
1.550905944646163981e+01
1.009067878614825631e+01
9.281817976024701267e+00
1.648582377712840596e+01
4.518391031274203939e+00
1.123252306467114892e+01
9.159635551644177198e+00
1.196873477159626553e+01
1.891132341104742309e+01
7.328763898142510946e+00
3.073572015257833190e+00
1.148025208428844302e+01
5.698809968118595748e+00
7.525698872522947447e+00
3.972244972605367686e+00
2.316496147759465529e+01
1.102595350952760356e+01
8.684753242470696577e+00
7.383591107616568117e+00
8.971582485749603819e+00
9.720138581021489088e+00
1.157097332861298966e+01
6.045520864647781600e+00
1.199370505289944333e+01
1.155942359162775013e+01
9.656087313005752293e+00
7.370357525093451656e+00
4.535836266495817171e+01
3.323355728121978103e+01
9.549747869384763277e+00
1.336868631336217206e+01
1.179363898237270369e+01
1.355886410557562094e+01
1.304223842947336287e+01
1.120958859089762605e+01
1.429413787340793540e+01
2.249967093948056629e+01
8.550478529084029944e+00
1.489773674580271212e+01
4.553442355987374235e+00
1.168323721325988096e+01
2.895792261633294018e+01
6.857664831460100530e+00
3.368499037317595679e+01
6.646256960951557602e+00
1.314543430875917984e+01
1.066517489155216403e+01
2.407932449559526233e+00
8.537216050707426618e+00
2.531177912632283977e+00
3.857639910458326682e+01
8.485132387031383061e+00
1.209183435312142052e+01
1.465987766439402229e+01
1.210904597937074811e+01
1.828114425481710370e+01
9.454336738178346522e+00
1.536593175086838237e+00
2.203798113321910890e+00
1.331697674409616816e+01
5.700399998071472574e+00
1.059092046874752313e+01
1.055002695111427258e+01
1.278606212544253751e+01
6.819476979271232864e+00
1.307701558554397181e+01
1.453597908065163047e+01
1.692670222077483899e+01
1.462641746137770937e+01
2.213371200192825228e+01
8.004209874917071588e+00
5.237662869601263260e+00
1.635606271133955758e+01
1.778260879783813975e+00
