2.019867791326434769e+01
1.477431700748058674e+01
1.201008371018178877e+01
6.903399126072078396e+00
1.022274652086037072e+01
3.013935611198042874e+00
3.112891071995422365e+00
7.748661105660182180e+00
1.611254292469977045e+01
6.437704789512959991e+00
2.088449970212408147e+01
2.397811261551937179e+01
1.357893006546522408e+01
1.144449582802064391e+01
1.342157291555201581e+01
7.748996080217667171e+00
7.038422166331346652e+00
1.079403295168206434e+01
1.072069755753357079e+01
4.205027051302058005e+00
8.906432949093419538e+00
1.344995318146646568e+01
1.978976766547406640e+01
3.090463557815441575e+00
7.945397492068490664e+00
1.257649673372482724e+01
3.702539579341096232e+00
5.148255434100118322e+00
1.221093613957327229e+01
1.228086963300130563e+01
4.920153185191512790e+00
4.110572206267546491e+00
1.097527304224856337e+01
6.547418996096159738e+00
2.465331455441748254e+00
2.294093823126165166e+00
8.363152216144321471e+00
6.780466351700102479e+00
4.902420329367501495e+00
1.588459900817528059e+01
7.645064964017541875e+00
6.785268088629536010e+00
3.809550835484689202e+00
8.155599098187153118e+00
2.287571425682366044e+00
9.522596913553673659e+00
2.480897375841664498e+01
1.628231709586057718e+01
5.387782982780588981e+00
5.750838191844271918e+00
1.128167642931414427e+01
2.171438998523128561e+01
6.879647641332629071e+00
1.469741000504841999e+01
6.158647898243902574e+00
9.943718387531346181e+00
7.476386012876489850e+00
2.806921990402214462e+00
8.609889938360614892e+00
8.997841758216010177e+00
1.126895621995331531e+01
8.849003154344478261e+00
2.815077806109105296e+00
7.058574874215838513e+00
6.848996358047915400e+00
1.119518353418875023e+01
1.013505424959272183e+01
1.034457337189098780e+01
1.709264685003975259e+01
9.370430800024205809e+00
8.397909654621388498e+00
2.428748856418586843e+00
7.782696087692619002e+00
1.408457459578956517e+01
4.997638607768367436e+00
1.298063056214083311e+01
7.630310466986026441e+00
1.416503803622989821e+01
4.961349792107768941e+00
1.861606152798169234e+01
1.103045982839323180e+01
1.316824917138588269e+01
1.000641743731872424e+01
1.308134690437634973e+01
3.188456706058331314e+00
3.898373029047843996e+00
1.373003940810068713e+01
9.944449677760141881e+00
1.427268986993028399e+01
1.245966505900069343e+01
7.497726955058813481e+00
6.035343552918854826e+00
7.755041622273062707e+00
9.302333504228894157e+00
4.365032457084932815e+00
1.678358209304013471e+01
1.055185226071160542e+01
7.093811125598053380e+00
1.791498182037228659e+01
5.686407390641389448e+00
