1.267512372382586250e+01
3.021607526235097652e+00
2.029913356592705753e+01
1.069571733950293613e+01
1.275702538966116606e+01
2.026070646630415339e+01
1.855457479323375480e+01
2.504675523218940114e+01
7.591527068998525252e+00
1.383114993400436887e+01
1.066195665490755218e+01
1.650811968575868960e+01
1.107888205619321731e+01
1.307529887767852372e+01
4.147960390764382765e+01
1.238217003929919890e+01
4.480558966420281841e+00
1.574100280000138774e+01
7.999535743639928143e+00
2.566540523817205255e+01
8.678976637465941835e+00
7.916534426073577713e+00
1.007316352625537625e+01
7.517716996758322168e+00
1.166714141659764614e+01
1.932587598345300606e+01
5.332120071330202826e+00
9.240310662810141906e+00
6.948225463150884629e+00
3.463717073254827028e+01
8.072591707877775136e+00
7.761623574092997302e+00
1.220731457199444492e+01
2.007478707052837308e+01
7.691645401343209620e+00
8.603379087901180000e+00
1.303467177499998186e+01
1.056937688328244640e+01
9.850010643848683856e+00
1.759522191683747039e+01
3.677546544698294007e+00
1.410810606203044415e+01
1.000796866202815139e+01
9.946123803886505854e+00
5.209024266907744227e+00
5.429039666303839162e+00
9.506629043034697801e+00
4.405714092534175563e+01
1.177665370425164681e+01
3.319038609172594789e+01
1.693249620695441493e+01
3.896890257253799916e+01
1.614312427934880034e+01
6.400831450834587599e+00
1.927665324428250315e+01
1.070569531038811206e+01
1.310426764175532099e+01
1.152947917257613319e+01
3.384177403352229163e+01
6.195568799988545372e+00
5.113785199917709079e+00
5.364195733584313786e+00
2.968051873638915694e+01
2.266779393686238109e+01
2.512204193959711063e+01
1.064075662978671843e+01
1.572571069232005136e+01
1.271702083851296194e+01
9.039957380131047771e+00
7.678375217528318863e+00
4.583642478293471711e+00
3.036031036925707483e+01
6.186849003062765640e+00
1.311712411856585625e+01
4.292145245855169122e+01
1.273117095750570371e+01
1.902394648827798207e+01
4.173668901523216590e+01
6.835018043025057999e+00
3.574504279643103644e+01
6.584484504972199836e+00
4.433618710304691035e+01
7.275384101585565588e+00
6.983184409109207458e+00
6.749756370589270027e+00
9.735537447086066720e+00
2.015269029884712992e+01
4.561588278793968243e+01
8.628960473586470670e+00
8.268680642726611296e+00
3.554844005385737660e+01
1.164687260488750198e+01
5.509448692049120133e+00
1.303899244079238073e+01
1.669181385337458678e+01
2.416507691211185715e+01
5.872559674529960638e+00
1.443414018636933349e+01
7.890041248811520802e+00
5.771242683973043519e+00
