1.045525338776274182e+01
2.969828646689214580e+01
7.698429428501269101e+00
1.386709516200788883e+01
9.783242580960505919e+00
4.394864741858373947e+00
4.806838483557013930e+00
6.526182123348243103e+00
2.969641568899354489e+00
4.433380917808927180e+00
8.649959839339592449e+00
5.965657432777854652e+00
7.930521210145735189e+00
7.084101329463517338e+00
8.082613648207003010e+00
1.474471167432485785e+01
5.636307211475647172e+00
1.069825117663614478e+01
8.989977992764444537e+00
7.262958193015586872e+00
6.822183442195955294e+00
2.011257261185884104e+01
8.007540842874691478e+00
2.347984253458040627e+00
1.789061559140800384e+01
1.365395530678883240e+01
8.800889704397906854e+00
3.483860950902263109e+00
5.414081642055325716e+00
1.347329181845086232e+01
1.602958555447515110e+01
1.195728990486852616e+01
6.631160688165183004e+00
6.340959445207861478e+00
6.142893842061379672e+00
1.274962858210194305e+01
1.096653440786481681e+01
1.377017998414957489e+01
1.358182593937742055e+01
1.212484489910150565e+01
1.587034418967667371e+01
9.923787984009614149e+00
5.823142098735380578e+00
8.716464333800477249e+00
1.129217423219872352e+01
6.217032513704495500e+00
7.529912070385932132e+00
6.574923336723053957e+00
8.044893683576489707e+00
1.494635512598967431e+01
1.777228090236953761e+01
1.379802209964406501e+01
1.873601051546061669e+01
1.581422124954979935e+01
2.585526730279148477e+00
1.560143219765232558e+01
4.746280982735513021e+00
2.640408039266022300e+00
5.907623078461753607e+00
7.432239104269244834e+00
2.902181801164063213e+00
7.688165574872322772e+00
9.139654339282341056e+00
3.619046245306519971e+00
5.017953796644178510e+00
1.225418703878389026e+00
9.637336513345077904e+00
6.205591676694877101e+00
3.106767561215354245e+00
9.292683260846267501e+00
9.446295829536582644e+00
4.534715052754798137e+00
4.794805921054023479e+00
9.184629094453269360e+00
2.809379911505920902e+01
1.521646987931356954e+01
5.998980916289295529e+00
3.234413283980695830e+00
6.062450010440052495e+00
1.377676220204985036e+01
1.084584771274252368e+01
6.088779608209964778e+00
2.226376499217175464e+01
1.891096024623280769e+01
1.013241317921186457e+01
9.343189633029409080e+00
4.582438944209765275e+00
1.900463210338782405e+00
8.894305409896933412e+00
1.154779704823154063e+01
1.822664255261175592e+00
1.091360705933207953e+01
1.387939932149410716e+01
1.113417162848855035e+01
1.269158350676794456e+01
8.129281613997616063e+00
5.923680545357481897e+00
7.147624241357460662e+00
4.971925270859101964e+00
2.170589678627813512e+01
