2.487983450439596123e+00
3.261891941450193144e+01
9.515960522308180458e+00
1.526834869227853808e+01
6.190353737245157362e+00
7.418778995424467837e+00
7.129164205595436066e+00
5.865996341722811813e+00
8.340455534059252329e+00
1.055997926123505515e+01
4.520308367751643353e+00
5.827159928364207708e+00
1.630364767448864072e+01
8.922608404188146380e+00
6.564265475156196850e+00
5.042208562025661145e+00
1.901624352207506874e+01
9.226064478594551588e+00
6.730862253627059033e+00
6.999046403202236810e+00
6.841852268421552807e+00
7.742991188582192486e+00
2.043894376026060300e+01
1.519134535720636592e+01
7.654583195117162120e+00
3.348791584690535217e+01
1.276534250887266353e+01
1.801209424904825696e+01
1.803028033624347160e+01
1.414243315119281874e+01
7.786934184881742382e+00
8.798248272065858799e+00
1.295813578546565736e+01
1.361587727838745110e+01
8.144936001938049230e+00
1.650629158893037385e+01
1.709591384861507990e+01
1.968027757822009960e+01
7.389186907993765985e+00
1.547342418298999078e+01
8.568959508285161064e+00
9.116374898508013302e+00
1.040117905322267333e+01
9.546559878723508419e+00
8.190559592971613512e+00
5.010657280100137889e+00
1.202980715557276525e+01
6.891192076324081484e+00
5.936335126128004624e+00
5.364168877671109392e+00
5.657512889346386409e+00
3.119644494342263386e+01
9.654050964793512435e+00
6.235524211895536517e+00
9.127732345454662166e+00
1.019491363962482033e+01
3.706932226270139186e+00
1.219757218536891941e+01
1.190911727700108180e+01
1.801129739980111832e+00
4.168005622525467579e+00
4.621356366283254857e+00
6.602080802281047767e+00
8.011289221536648242e+00
3.403524359648854691e+00
4.523068342225871952e+00
8.032318079070316585e+00
3.870882873688873183e+00
1.106576975981322875e+01
1.061660248910361659e+01
1.603659469101428670e+01
4.649647735127752313e+00
4.347888215780708165e+00
1.452974950152520783e+01
5.998497816574458241e+00
2.122481015671750271e+01
2.895343268431267436e+00
4.909016379256470053e+00
1.051576294672286060e+01
2.005440579085373987e+00
8.759134984154151482e+00
1.296898527883587882e+01
6.399483171363653078e+00
1.005648452258000525e+01
6.098651803887489287e+00
1.215616365269127996e+01
9.200751900692981877e+00
5.808557089531413808e+00
3.453495886358645794e+00
1.319078416208962601e+01
1.786655846439906625e+01
1.244835749498195199e+01
5.883093237243003593e+00
1.422214706727267952e+01
5.764709347012592744e+00
9.259569630112144623e+00
1.750072116874425987e+01
4.194767892438933998e+00
1.307864482710630938e+01
1.314609503333506701e+01
