7.564590759382523899e+00
2.443551662330275320e+00
4.939946356911114833e+00
2.643730751121247557e+00
1.473629749541448497e+01
3.034737294168819943e+01
7.425047517313603684e+00
2.109454988465066805e+01
1.833612590463075875e+01
6.342974605915500774e+00
8.269970306366774437e+00
3.389159113863749351e+00
2.102607543173241833e+00
1.237484294576953836e+01
1.550134980326789247e+01
6.454453028139841564e+00
1.396958951632968926e+01
5.328202283895653757e+00
3.993023952176218305e+00
3.992886896231396587e+00
2.133790360202420544e+01
6.664921272333777402e+00
2.606086205326844318e+00
9.132165803274171267e+00
1.407644145272128178e+01
7.854844361288763288e+00
2.819340014412432538e+00
7.837366152204642944e+00
3.670199438060948616e+00
4.698411551378097961e+00
7.848837757390822567e+00
2.689231747706180453e+00
9.735151782554853028e+00
5.083390853378420893e+00
3.720520528540673943e+00
6.882988706054323558e+00
1.390210627445846470e+01
7.680257897159708413e+00
3.021256370045174222e+00
4.765283818251440984e+00
1.070778694295091782e+01
6.840376834082420032e+00
1.110561619297866365e+01
2.471442613300949720e+00
3.622395655090336675e+00
7.703864167213853698e+00
7.006765145105807058e+00
2.447311601579140738e+00
2.650078237990678875e+00
1.700674748167987804e+00
5.317967306471929945e+00
1.398905286976724405e+01
1.306555140870762344e+01
6.085225759466712958e+00
1.833551298773143401e+01
8.697042239526052043e+00
7.848370305015937021e+00
9.087029022237436138e+00
2.861104566123996218e+00
4.204627464751509613e+00
1.616002524215334191e+01
1.276114472242788089e+01
1.131313606553803552e+01
6.297776658784044024e+00
7.173335492944712399e+00
2.289732956845235279e+01
1.360975958688161391e+01
1.109693967614946608e+01
5.606627274849167897e+00
1.965896841226292224e+01
3.773836693156151778e+00
4.492258647081619927e+00
1.662404704085432527e+01
1.136564128949050101e+01
3.826195072269314323e+00
6.071068364382841587e+00
1.086594900830398203e+01
9.634614403556451379e+00
8.416618774195638863e+00
8.579974054743466638e+00
8.426192257773498895e+00
1.135628055413801007e+01
5.330732892827774627e+00
1.147078757950846750e+01
3.438879546383745822e+00
5.680658818173005997e+00
9.597283233862492935e+00
1.142240278896324490e+01
4.329603007477889953e+00
5.447732464994924584e+00
3.535077914504494156e+00
2.077767337577208551e+00
7.911672475792584924e-01
1.761104230802752113e+01
1.260005587057004384e+01
6.248394269350342478e-01
3.607812236012291063e+00
4.442040094589447818e+00
1.328655558323554864e+01
1.580042006314453573e+00
