8.200058217454259335e+00
5.978461261018301443e+00
2.206960314903831488e+01
2.111939375426553056e+01
3.075656268765604828e+00
5.450017966298012162e+00
7.042230562972262575e+00
3.164412808284048584e+00
8.911456189640739822e+00
7.586029561607234406e+00
1.052573731255784040e+01
7.250754091407039859e+00
7.384955667955654057e+00
1.185633016291457409e+01
8.588323793792104865e+00
7.942388724069845196e+00
8.440423357625196132e+00
1.594011777646039185e+01
1.988856633884079184e+00
8.475222177179325911e+00
2.229670585260581106e+01
1.298065975937992533e+01
4.644878526460853863e+00
1.171933812661360363e+01
1.179122874982974167e+01
7.803734880044709499e+00
4.933039729370374715e+00
9.525660670044773681e+00
7.378057480776567090e+00
3.791224764406847303e+00
3.811235338122719085e+00
2.485056272664160737e+00
4.575508302378363368e+00
9.630192733209351985e+00
4.044747669638248944e+00
1.534741365707043315e+01
1.201764554773147076e+01
4.861997087492009761e+00
2.550007057210659678e+00
9.636902943833172586e+00
8.770089603199565431e+00
3.270752250947867701e+00
2.397937060268914511e+00
2.413374641440161561e+00
7.740232940882824764e+00
8.459851874254816551e+00
4.353346940036170842e+00
9.349390692399000002e+00
1.158066794430976820e+01
5.658236935427683356e+00
5.561206940085415162e+00
2.667788142583145561e+00
1.810917169945429706e+01
3.416859830315474689e+00
1.864668089971100073e+01
1.054557035086661188e+01
4.205780933784960318e+00
4.491478633073203497e+00
2.165852256721540137e+00
1.021235876092142369e+01
2.620713183918834677e+00
1.265578154012321654e+01
1.031291675138200326e+01
8.332499226881004972e+00
8.728564967890180881e+00
1.062547813601807967e+01
6.627178737628360849e+00
5.683944825501120235e+00
8.034240214732699670e+00
6.147216317246400941e+00
7.426447013059010338e+00
2.949166549817031857e+00
5.988361968315482287e+00
1.338482282488578612e+01
5.881251256053131371e+00
9.294259515030528718e+00
5.984571279470230820e+00
9.496397807902088317e+00
3.288528250539829667e+00
3.845266808160521244e+00
9.478822927521353137e+00
1.140385525512917475e+01
6.216975200511087429e+00
1.554011418167939418e+01
1.927389202940411383e+00
1.765474883371527248e+00
3.814283217574988782e+00
6.572184712031447162e+00
1.264150033650068217e+01
7.959347835743072253e+00
9.551735638179238208e+00
7.156724442989673918e+00
6.174789989091412856e+00
3.613359186788393629e+00
6.777615204118680126e+00
7.352337061925156014e+00
5.964548899719600783e+00
3.935066367737114490e+00
8.706742999894601098e+00
2.863675712109909899e+00
