1.138720394575932815e+01
4.614640263164003997e+00
2.256232987026623960e+01
4.572279781370427898e+00
1.722462977583594324e+01
5.697653596103704920e+00
7.768847083414655685e+00
1.708871881315359786e+01
1.487709311525766154e+01
9.345514175182010774e+00
1.066460701675968714e+01
1.450302011815719361e+01
1.095021701281936899e+01
2.852565948514705596e+01
3.499426670040297438e+01
1.636383333237619198e+01
1.101475313044970505e+01
1.178279277433018990e+01
6.390036698096186463e+00
4.921679525804533384e+00
7.884833023560269716e+00
7.229812219999280032e+00
9.737021245523969526e+00
6.144414077139529695e+00
1.025496308926428313e+01
1.235235914524129974e+01
3.628816998482742662e+01
3.105904517320879688e+00
1.113494000836075060e+01
3.161078997946365376e+00
4.927597678657736679e+00
4.905785442568483923e+00
1.254919351577211373e+01
6.666612942633975969e+00
8.465470623507107106e+00
6.204130722470336146e+00
2.733348942114772129e+01
1.292308991666419082e+01
1.630573557940074991e+01
1.950175758381369917e+01
7.560355174664714184e+00
9.524252890338305022e+00
4.478974426844739121e+00
1.398052078430492351e+01
8.066056634023549776e+00
7.200723844960760900e+00
7.664692438860359225e+00
5.884059636724188636e+00
1.977826317852174753e+01
1.594553045724241969e+01
1.795478643534424101e+00
1.073438286522711849e+01
4.443693633551054845e+00
9.716680396630390959e+00
4.427734119567147353e+00
3.048767468908661016e+01
9.767678091855435341e+00
1.423515386423683715e+01
1.425489948264742779e+01
7.080507313138584280e+00
1.938665421110413689e+01
7.986182928583457574e+00
8.747304845067750634e+00
8.148410458292032033e+00
1.167701533659695912e+01
1.627968885682981082e+01
1.589843158742161755e+01
1.067050209514804138e+01
2.472707029767945652e+00
1.544300125893844111e+01
7.040660832079785436e+00
9.432196982314064115e+00
3.587685182321228439e+01
5.335047361457126769e+00
6.546824439903973669e+00
1.277020412578375463e+01
1.314161880150518691e+01
1.659496348847465441e+01
3.020461002003666628e+00
2.934981614101141290e+01
4.939878194239324394e+00
4.316043730171988813e+01
8.488220399459907028e+00
1.127681852511028993e+01
9.032201298932015732e+00
1.218291500785270820e+01
7.946697474354035506e+00
4.773126398801943004e+00
1.023149894397581150e+01
1.328900413990022678e+00
1.733202557538035293e+01
2.947206450235428932e+00
1.075941029742456045e+01
1.351231786766881626e+01
9.004363131383383845e+00
9.095106981750641140e+00
2.638479358054752311e+01
2.047820500955796774e+01
2.791243131638711716e+01
1.047195904087809737e+01
