7.500000000000000000e-01
7.684210526315790046e-01
7.868421052631578982e-01
8.052631578947369029e-01
8.236842105263157965e-01
8.421052631578948011e-01
8.605263157894736947e-01
8.789473684210526994e-01
8.973684210526315930e-01
9.157894736842105976e-01
9.342105263157894912e-01
9.499999999999999556e-01
9.526315789473684958e-01
9.566666666666666652e-01
9.633333333333332638e-01
9.699999999999999734e-01
9.710526315789473895e-01
9.766666666666666829e-01
9.833333333333332815e-01
9.894736842105263941e-01
9.899999999999999911e-01
9.966666666666667007e-01
1.003333333333333410e+00
1.007894736842105399e+00
1.010000000000000009e+00
1.026315789473684292e+00
1.044736842105263186e+00
1.063157894736842302e+00
1.081578947368421195e+00
1.100000000000000089e+00
