2.562639915421989656e+01
2.656511869118801883e+01
2.698520601438636746e+01
2.775048623542369697e+01
2.790321977919862917e+01
2.889930304777216818e+01
2.938023144175258849e+01
2.980736033929490958e+01
3.019291915245921132e+01
3.096870389352781316e+01
3.136231123154344758e+01
3.124436380125214185e+01
3.190333131042848080e+01
3.148294413413055892e+01
3.155955688579339480e+01
3.096455150865039840e+01
3.129980566723549273e+01
3.167584459998587931e+01
3.119263062683296539e+01
3.058182053203817219e+01
3.040923836545705328e+01
3.019637962840627665e+01
2.549809909448458711e+01
2.343040209319027767e+01
2.215410877138289081e+01
1.522882299174361975e+01
9.794943598343973434e+00
8.224309715662108999e+00
6.366108465479467959e+00
5.354947391033019422e+00
