2.854149040480334065e+01
2.917199133997573313e+01
3.000966421483977342e+01
3.040469765988491346e+01
3.149338123991414307e+01
3.189798683720769645e+01
3.297975012038793352e+01
3.332998204058149128e+01
3.469162807845776086e+01
3.527463528823033556e+01
3.580218951214014567e+01
3.604232930603821217e+01
3.631967022888382957e+01
3.654246547769078290e+01
3.624916885783516562e+01
3.652503858746707266e+01
3.640595658830384451e+01
3.616774447976575857e+01
3.607744156720725925e+01
3.564661868837804803e+01
3.574639523339531877e+01
3.500977125099514353e+01
3.098407115005367984e+01
2.697737025681880851e+01
2.613690115250086876e+01
1.656840897486013731e+01
1.230108752829253937e+01
9.818102365914676000e+00
8.209646096196607346e+00
8.829704433358489979e+00
