1.454417157559990592e+01
1.445196165126198906e+01
1.453538755389639370e+01
1.453141713713011285e+01
1.453796977974951155e+01
1.455119903267696380e+01
1.448568387467446428e+01
1.431962000266760882e+01
1.431574296831823112e+01
1.416576174061683524e+01
1.401574557851376035e+01
1.384278207857819076e+01
1.377494139177898269e+01
1.369960628650280832e+01
1.359951568133697997e+01
1.339573300259984734e+01
1.342491457313200343e+01
1.321324683109491538e+01
1.319516376479184672e+01
1.295670691112691131e+01
1.299301282777395983e+01
1.253534470562192560e+01
1.158172994380195142e+01
1.055073823656129939e+01
9.792400200287911360e+00
7.307153134637019321e+00
5.461614991136308106e+00
4.616548850752177913e+00
3.682310097794300408e+00
2.893243060979253656e+00
