5.997635515129136063e-01
5.750663143523744303e-01
6.081005427686286824e-01
5.315921266228080810e-01
5.660004929832352927e-01
5.179772387055605609e-01
4.914501708895426813e-01
5.259826390533773877e-01
5.218279764421908107e-01
4.732975979961375756e-01
5.430612732844409818e-01
6.344963470843552056e-01
6.106836150277250574e-01
7.105793796487112068e-01
7.045684384922439314e-01
8.419750733008932730e-01
7.420601921861480488e-01
8.394975400706705670e-01
9.277610197260555136e-01
9.222122791846851797e-01
9.619842082167291419e-01
1.205748412357664945e+00
1.221000303165814538e+00
1.117007827506589113e+00
1.156470117405553832e+00
1.470049690954724708e+00
1.479089650582077198e+00
1.648561525913970760e+00
1.671910659028154500e+00
1.361214718236668730e+00
