1.346198738109608550e+00
1.350733660373119704e+00
1.680152278202573290e+00
1.611925286909393185e+00
1.825265450257840705e+00
2.408586750493840523e+00
2.780669637197993982e+00
2.674355978125735778e+00
3.026664696254687037e+00
3.560613565485654330e+00
3.205974235127045713e+00
3.672476888301490217e+00
3.872577409975167306e+00
4.223538079198116080e+00
4.055905116280963618e+00
3.968933927513675908e+00
3.784596364961354098e+00
3.763945880798680310e+00
4.289269676225240246e+00
3.729443449549779022e+00
3.968400857693707096e+00
3.754998129645556570e+00
4.123652418310844503e+00
4.689285580109562979e+00
5.988074679575185577e+00
7.579447141535615273e+00
1.183627168038836608e+01
1.036833145124620259e+01
1.204371029222605749e+01
1.437288675511664948e+01
