1.448261430507694625e+00
1.593824503125675029e+00
1.389934737732564818e+00
1.991278482549095452e+00
1.829780540526918964e+00
1.824976686749351540e+00
1.904041950040927356e+00
1.989745999292526824e+00
1.933878820478848848e+00
1.918726937797419874e+00
2.240450610778160545e+00
2.169635268632996716e+00
2.221477231128227370e+00
2.325320690463926088e+00
2.386472275441817281e+00
2.242459817769682395e+00
2.314373859293931357e+00
2.404269016065005538e+00
2.523440489811897169e+00
2.311803664801582503e+00
2.478884853844882663e+00
2.717331144627559869e+00
2.406204388233024183e+00
2.954087102178926116e+00
3.129155566266448307e+00
3.566317855784502111e+00
2.910142901582567720e+00
3.743259722978276915e+00
4.579266778879221178e+00
4.621657658124301626e+00
