[  9.99848182e-01   9.99496853e-01   9.98902596e-01   9.97965316e-01
   9.96603461e-01   9.94517279e-01   9.91851987e-01   9.88206407e-01
   9.82955578e-01   9.75974248e-01   9.67232197e-01   9.55545433e-01
   9.41129897e-01   9.24294812e-01   9.02290193e-01   8.78302581e-01
   8.49684990e-01   8.17339575e-01   7.83186821e-01   7.43643145e-01
   7.00507391e-01   6.53804270e-01   6.12000719e-01   5.62382050e-01
   5.16111014e-01   4.67974388e-01   4.19644695e-01   3.72464887e-01
   3.31056235e-01   2.93025738e-01   2.57601478e-01   2.25244638e-01
   1.95698410e-01   1.70947851e-01   1.47734580e-01   1.28234408e-01
   1.10065453e-01   9.47644473e-02   8.11815261e-02   6.97281921e-02
   5.96719171e-02   5.04553928e-02   4.34395793e-02   3.82198204e-02
   3.45605931e-02   2.97532452e-02   2.62171724e-02   2.42670832e-02
   2.10715259e-02   1.83720856e-02   1.55040402e-02   1.51016334e-02
   1.36126801e-02   1.18409698e-02   1.07627363e-02   1.03413284e-02
   9.00828383e-03   8.22408813e-03   7.13989953e-03   6.93977290e-03
   6.59409013e-03   5.71309654e-03   5.41949302e-03   4.78277046e-03
   4.38213373e-03   3.81282401e-03   3.87998832e-03   3.78591027e-03
   3.40866255e-03   3.36324367e-03   3.14903153e-03   2.78922126e-03
   3.08314134e-03   2.91194719e-03   2.65411620e-03   2.99944553e-03
   2.66294039e-03   2.49924789e-03   2.45655494e-03   2.16908254e-03
   2.40891827e-03   1.99411127e-03   2.11655668e-03   2.16271734e-03
   2.26217201e-03   2.07023875e-03   1.66013997e-03   1.82193298e-03
   2.01429567e-03   1.92301214e-03   1.75553930e-03   1.54710726e-03
   1.48081184e-03   1.56987447e-03   1.51663016e-03   1.52575869e-03
   1.70624736e-03   1.52297367e-03   1.77682962e-03   1.53097923e-03
   1.60626080e-03   1.62059555e-03   1.68175166e-03   1.33657445e-03
   1.23441498e-03   1.30378338e-03   1.43345205e-03   1.57395535e-03
   1.63240180e-03   1.41653313e-03   1.15467353e-03   1.22057326e-03
   1.16878146e-03   1.28600674e-03   9.95759124e-04   1.21827850e-03
   1.28833934e-03   1.25953846e-03   1.10586381e-03   9.77256164e-04
   1.02849596e-03   1.22527555e-03   1.26415067e-03   1.28082042e-03
   1.07563974e-03   1.09821202e-03   1.11038656e-03   1.31805839e-03
   1.20952440e-03   1.08237941e-03   1.07338655e-03   9.47672531e-04
   1.03787971e-03   1.19187894e-03   1.20885473e-03   1.09711885e-03
   1.18923035e-03   9.71979619e-04   9.74440131e-04   9.91346054e-04
   1.10620561e-03   1.20847734e-03   9.92562029e-04   9.09252500e-04
   9.04029184e-04   1.07959476e-03   9.06061043e-04   1.10336552e-03
   1.03600264e-03   1.03359487e-03   1.17541324e-03   1.14526363e-03
   1.12912620e-03   1.12213203e-03   1.09852354e-03   1.17743804e-03
   1.14404065e-03   1.04218613e-03   1.04705084e-03   1.06957429e-03
   9.51021823e-04   8.22298731e-04   9.98924739e-04   1.16697455e-03
   1.10008746e-03   1.08714983e-03   1.08345581e-03   1.17443600e-03
   1.05839287e-03   1.32819386e-03   9.37166846e-04   1.30402835e-03
   1.04213527e-03   1.06306993e-03   9.65414067e-04   9.12868752e-04
   9.83211130e-04   9.15883849e-04   9.40873118e-04   1.10761354e-03
   1.14710943e-03   1.23252135e-03   1.17793521e-03   1.03218522e-03
   9.03552100e-04   9.38929129e-04   1.14999923e-03   1.13746961e-03
   1.25337873e-03   9.47381032e-04   9.98002608e-04   9.61359854e-04
   1.02321817e-03   1.00015558e-03   1.08318280e-03   9.13916031e-04
   1.05777700e-03   1.03003988e-03   1.11093797e-03   1.00949009e-03]
