[ -3.51328971e-04  -5.94256840e-04  -9.37279698e-04  -1.36185530e-03
  -2.08618270e-03  -2.66529153e-03  -3.64557958e-03  -5.25082895e-03
  -6.98133022e-03  -8.74205116e-03  -1.16867644e-02  -1.44155355e-02
  -1.68350849e-02  -2.20046194e-02  -2.39876118e-02  -2.86175908e-02
  -3.23454152e-02  -3.41527540e-02  -3.95436757e-02  -4.31357538e-02
  -4.67031212e-02  -4.18035515e-02  -4.96186687e-02  -4.62710361e-02
  -4.81366264e-02  -4.83296925e-02  -4.71798077e-02  -4.14086526e-02
  -3.80304963e-02  -3.54242602e-02  -3.23568398e-02  -2.95462283e-02
  -2.47505590e-02  -2.32132715e-02  -1.95001720e-02  -1.81689546e-02
  -1.53010057e-02  -1.35829212e-02  -1.14533339e-02  -1.00562751e-02
  -9.21652423e-03  -7.01581352e-03  -5.21975886e-03  -3.65922733e-03
  -4.80734789e-03  -3.53607286e-03  -1.95008919e-03  -3.19555723e-03
  -2.69944032e-03  -2.86804539e-03  -4.02406791e-04  -1.48895336e-03
  -1.77171025e-03  -1.07823355e-03  -4.21407923e-04  -1.33304453e-03
  -7.84195696e-04  -1.08418860e-03  -2.00126628e-04  -3.45682764e-04
  -8.80993595e-04  -2.93603515e-04  -6.36722566e-04  -4.00636731e-04
  -5.69309722e-04   6.71643177e-05  -9.40780510e-05  -3.77247725e-04
  -4.54188807e-05  -2.14212134e-04  -3.59810270e-04   2.93920075e-04
  -1.71194152e-04  -2.57830990e-04   3.45329328e-04  -3.36505136e-04
  -1.63692504e-04  -4.26929484e-05  -2.87472396e-04   2.39835723e-04
  -4.14806997e-04   1.22445409e-04   4.61606592e-05   9.94546765e-05
  -1.91933263e-04  -4.10098775e-04   1.61793009e-04   1.92362683e-04
  -9.12835236e-05  -1.67472844e-04  -2.08432042e-04  -6.62954200e-05
   8.90626335e-05  -5.32443128e-05   9.12853215e-06   1.80488672e-04
  -1.83273692e-04   2.53855951e-04  -2.45850394e-04   7.52815695e-05
   1.43347553e-05   6.11561065e-05  -3.45177210e-04  -1.02159468e-04
   6.93683999e-05   1.29668668e-04   1.40503303e-04   5.84464499e-05
  -2.15868671e-04  -2.61859597e-04   6.58997216e-05  -5.17917991e-05
   1.17225282e-04  -2.90247615e-04   2.22519377e-04   7.00608367e-05
  -2.88008782e-05  -1.53674647e-04  -1.28607648e-04   5.12397996e-05
   1.96779582e-04   3.88751196e-05   1.66697595e-05  -2.05180689e-04
   2.25722874e-05   1.21745401e-05   2.07671825e-04  -1.08533991e-04
  -1.27144986e-04  -8.99286309e-06  -1.25714017e-04   9.02071792e-05
   1.53999230e-04   1.69757943e-05  -1.11735882e-04   9.21114974e-05
  -2.17250730e-04   2.46051231e-06   1.69059226e-05   1.14859561e-04
   1.02271726e-04  -2.15915312e-04  -8.33095293e-05  -5.22331546e-06
   1.75565571e-04  -1.73533713e-04   1.97304481e-04  -6.73628798e-05
  -2.40777349e-06   1.41818366e-04  -3.01496089e-05  -1.61374278e-05
  -6.99417415e-06  -2.36084855e-05   7.89145049e-05  -3.33973988e-05
  -1.01854518e-04   4.86471382e-06   2.25234467e-05  -1.18552465e-04
  -1.28723093e-04   1.76626009e-04   1.68049812e-04  -6.68870888e-05
  -1.29376342e-05  -3.69402211e-06   9.09801970e-05  -1.16043135e-04
   2.69800995e-04  -3.91027018e-04   3.66861507e-04  -2.61893082e-04
   2.09346611e-05  -9.76558651e-05  -5.25453157e-05   7.03423784e-05
  -6.73272811e-05   2.49892687e-05   1.66740422e-04   3.94958895e-05
   8.54119162e-05  -5.45861380e-05  -1.45749988e-04  -1.28633120e-04
   3.53770287e-05   2.11070104e-04  -1.25296250e-05   1.15909120e-04
  -3.05997696e-04   5.06215762e-05  -3.66427539e-05   6.18583144e-05
  -2.30625894e-05   8.30272194e-05  -1.69266768e-04   1.43860967e-04
  -2.77371130e-05   8.08980845e-05  -1.01447883e-04]
