7.152377230625334903e+01
7.216276606529712012e+01
7.284724916821222962e+01
7.375923424836442166e+01
7.455483871190290301e+01
7.496771998900514689e+01
7.589999963785419368e+01
7.591939872673940215e+01
7.620205904525137441e+01
7.670981723359967930e+01
7.714786342248027040e+01
7.628057958886162737e+01
7.585425816066285165e+01
7.592077296384996998e+01
7.312489891614652038e+01
7.036862227231772238e+01
6.643078517217119838e+01
6.160985324195483059e+01
5.477262038085331142e+01
4.938629461629492567e+01
