1.001124062897667200e+00
9.609046424774170259e-01
1.000104780907092872e+00
9.718178258072422970e-01
3.466523109487118504e+00
4.679810182737716318e+00
4.524122298094692241e+00
6.921590129663628410e+00
8.158225761975762325e+00
1.088169465557747806e+01
1.419413877112278932e+01
1.471496712508612781e+01
1.815993517657633305e+01
1.929161152258265943e+01
2.458908088869487685e+01
2.641633629478525691e+01
3.182935935558047191e+01
3.449431077128782874e+01
3.797083307255838491e+01
3.979161904360184110e+01
