3.997427926120749930e+01
4.157551369549187825e+01
4.309572155622767298e+01
4.528448063748830776e+01
4.666079394005804915e+01
4.917044367369980051e+01
5.102781635273617411e+01
5.338168070048165958e+01
5.586707281667391101e+01
5.863784397106329038e+01
6.170755249924660291e+01
6.386587760046396056e+01
6.368204260425361696e+01
6.457059000656767012e+01
6.544724726091942557e+01
6.639855486180503874e+01
6.588769828450600130e+01
6.700991158352917410e+01
6.630156213947938681e+01
6.718604912141704233e+01
6.687807932579201520e+01
6.689871968553710246e+01
6.071247107149410738e+01
5.433934157515260210e+01
5.347813508531953630e+01
4.228811411149720811e+01
3.839830902587347339e+01
3.628860926892730987e+01
3.225003375323332477e+01
3.071665041432025589e+01
