3.253528125246519664e+01
3.345802940329893005e+01
3.459436436811755300e+01
3.566711925290017859e+01
3.697041810439390730e+01
3.734778144282469725e+01
3.934498639582017177e+01
4.042262993858108189e+01
4.188326306562423440e+01
4.281928898521481841e+01
4.371589168758111299e+01
4.515519557475681722e+01
4.499976760582696755e+01
4.531681293868027183e+01
4.534841549350951340e+01
4.589756601258044810e+01
4.552500811191195851e+01
4.576587238267683233e+01
4.625967733322714537e+01
4.568040527138471418e+01
4.504383873825915430e+01
4.475136739119894003e+01
4.045703333224429343e+01
3.528240673776726766e+01
3.376183918672712281e+01
2.204664873842673245e+01
1.600093753219223558e+01
1.622461820189935722e+01
1.717999182402791902e+01
1.588624076066614244e+01
