1.454227759498456729e+00
1.582137789008335238e+00
2.084286434979894853e+00
1.991329600108358910e+00
2.163935688870995744e+00
2.055269033385046740e+00
2.213605601011316093e+00
2.556675418866698468e+00
2.699361222862900700e+00
2.790753167335821239e+00
2.463867839626361800e+00
2.599951774606588106e+00
3.345662411241373313e+00
2.800786952595664125e+00
2.828701153616416608e+00
2.337333567903329801e+00
2.762535268377734443e+00
2.768294974031077604e+00
2.886738280395985345e+00
3.201622802075065000e+00
3.010724934723746138e+00
3.114151135780728108e+00
3.128582320963838814e+00
2.926889820021454369e+00
3.639900788162093281e+00
4.703278998104804209e+00
6.102879157965196200e+00
7.547379248276085306e+00
8.872000192641898764e+00
9.001566629269380115e+00
