1.312722417147915932e+00
1.260749475401821806e+00
1.417792411816097831e+00
1.355637389893881384e+00
1.364306628342754291e+00
1.421280619855869620e+00
1.345758556217995450e+00
1.594086846814315450e+00
1.386301814876938376e+00
1.531168664176135508e+00
1.511805642581893538e+00
1.513769713690706675e+00
1.541888286381740913e+00
1.646210967377318646e+00
1.505749521346388287e+00
1.423329199136062595e+00
1.532771959197569700e+00
1.425112626050124787e+00
1.749563447253508208e+00
1.548767992362986679e+00
1.448980632470942220e+00
1.726711678607663503e+00
1.979376072056907576e+00
2.000743621668084060e+00
2.187357138358134279e+00
2.026499710787754704e+00
2.359457553320311707e+00
2.368732061905090891e+00
2.356391644499797877e+00
2.230959889160426535e+00
