1.566377249742734401e+00
1.432025436265253804e+00
1.672952214611418187e+00
1.663147389416615773e+00
1.624974231341784092e+00
1.483379894531316134e+00
1.782613458299361353e+00
2.098813729331352906e+00
1.820799197018452942e+00
1.817570250185272629e+00
1.937191731651638271e+00
2.074633585051996576e+00
2.162229055103008779e+00
1.764533327680395836e+00
2.032099544376336997e+00
2.020068923164675123e+00
1.948788476520943780e+00
1.828170898415919732e+00
1.779653086662514649e+00
1.988847513288833468e+00
2.043868730099782205e+00
2.307482915850517902e+00
2.190471200906594085e+00
2.136969488585479304e+00
2.184471022088395831e+00
2.858179600581669977e+00
2.937911250300640820e+00
3.082788718679680517e+00
2.741542982055253042e+00
3.224514385227597035e+00
