1.806330082372014445e+01
1.874473941597322124e+01
1.906446580088447007e+01
1.983093948229284109e+01
2.032016853952682922e+01
2.083427160172665182e+01
2.140405627909008501e+01
2.222555834474283287e+01
2.301573315591393154e+01
2.363775562525358964e+01
2.433611525897797279e+01
2.493560948939570920e+01
2.565890815996603180e+01
2.679482516635539469e+01
2.748286457318779696e+01
2.866096281768241028e+01
2.897848951112548832e+01
3.031732076298033007e+01
3.112738814949151234e+01
3.240596872171661857e+01
3.404931171201609175e+01
2.688175630848157383e+01
1.372384282934430999e+01
1.169287428549877284e+01
8.761016620946444178e+00
8.093384289055485681e+00
4.277002197899062885e+00
4.055165958864929365e+00
3.241964405476962074e+00
2.115437539430862657e+00
1.788246561286144898e+00
9.976821758086453773e-01
1.298388584821126512e+00
8.972006629472019101e-01
1.932093366274106438e+00
1.322068772659042990e+00
1.099632455977526124e+00
6.667911480155902515e-01
7.228645520746416198e-01
1.693843306895818968e+00
