2.291301624202349885e+01
2.405899690328036300e+01
2.479769913942970661e+01
2.595620688945226817e+01
2.686202716800600854e+01
2.805104442578452861e+01
2.938030779017258709e+01
3.051296259504909258e+01
3.223075639016471428e+01
3.371379955291982355e+01
3.548181033897799352e+01
3.696695474131823289e+01
3.887421121169850124e+01
4.056625242336709647e+01
4.281618349220570252e+01
4.405346950578912413e+01
4.244650056767123658e+01
3.731016392401485149e+01
3.120265015788449858e+01
2.651379049493441897e+01
1.690049959243323840e+01
9.993664214199670326e+00
7.366804294671316811e+00
6.743585137614674707e+00
3.225661210874017470e+00
2.706057920838417896e+00
2.825910550786674413e+00
1.593806731858690151e+00
1.183057202767493932e+00
1.585966727237889229e+00
1.044702972674567354e+00
1.466974690068094000e+00
1.005847330612724244e+00
1.811930101621133771e+00
1.057678221109893180e+00
1.400538907454548232e+00
1.037734509158934504e+00
1.032672073621973663e+00
1.012289267313389418e+00
1.055961326490441055e+00
