3.228185107323178760e-01
5.089600716001793090e-01
5.397426505223300586e-01
5.851701095778455430e-01
5.979895240597166151e-01
6.676120131951347458e-01
7.694459670178297461e-01
8.758404079378393492e-01
8.153720505940992291e-01
9.337257085641056387e-01
8.261244515470762551e-01
9.504163408001777835e-01
1.082428386904751960e+00
1.399531246540544283e+00
1.253496105249627401e+00
2.281744221307206111e+00
9.485187522502082302e+00
1.148777859377445765e+01
1.302287704156713843e+01
1.061844178635023184e+01
8.297485083802905947e+00
8.842335298448906755e+00
7.122772952110334010e+00
8.542519393962555441e+00
4.807638549232066794e+00
5.368610399866465599e+00
6.173632944546434409e+00
1.991672008886249845e+00
9.471198494021705327e-01
2.747938723480232159e+00
2.249719891043747977e-01
2.455190257956387345e+00
1.946141495142151012e-01
4.159378947835115525e+00
2.094774014100837523e-01
2.287541314408457538e+00
2.009098903837126526e-01
2.257775918788426095e-01
1.484034474774076906e-01
1.940685499542787462e-01
