3.665756311473978291e-01
5.108268156389387249e-01
3.455729126410687635e-01
3.685980193606377964e-01
3.475384736608910230e-01
4.257291186436437669e-01
4.645838061024803456e-01
4.852412318313072959e-01
5.264721995332090065e-01
5.114013321953400082e-01
5.423284013646191282e-01
5.795159265086972100e-01
5.867638280702581755e-01
6.066202635942889998e-01
4.350799032309475289e-01
7.967719345851915769e-01
6.408319045599920605e-01
7.411219717411658969e-01
9.291069932065463277e-01
7.714610852385119788e-01
8.768767753490196437e-01
1.888297419912448039e+00
4.232097254570597933e+00
1.013875671447692106e+01
1.030537050130222987e+01
7.609690182458417773e+00
4.509493448879446476e+00
5.620281810491482233e+00
5.526988457819641098e+00
4.380768097036129127e+00
3.360422887499065592e+00
1.699482317403532061e+00
5.245243759922579407e+00
4.334533941828675019e+00
4.202777156696193117e+00
1.715652186353440189e+00
1.254589624498346101e+00
3.407074480085221513e+00
1.967648972377886496e+00
3.015466163254671095e+00
