3.523947640450837415e-01
3.802770872440258132e-01
3.225370558956748290e-01
3.957507650256781306e-01
4.049110109747716124e-01
4.072131335093394644e-01
4.803129264250862174e-01
3.893983567941175505e-01
3.594358084533298969e-01
4.824893693587531951e-01
5.437066248507017585e-01
5.154876021646401796e-01
4.811782709543298009e-01
4.883812367621107597e-01
5.747376699999745542e-01
6.079768905694782344e-01
5.174283892606472701e-01
6.773332016666011590e-01
4.525058046429997760e-01
6.238977618476753140e-01
7.229934952562871997e-01
7.357931633927540238e-01
1.027372666759404751e+00
8.361006281185457967e-01
3.535094640051941628e+00
5.702849045626278368e+00
8.548201910255928127e+00
9.253807905403222733e+00
8.940377175080715944e+00
3.728766350640175364e+00
3.159055479865017446e+00
2.986358030296595079e+00
3.331009320430241782e+00
3.624468699174797415e+00
4.852033834031685977e+00
3.732732842882127144e+00
3.795774052749218530e+00
2.916049561200684259e+00
2.859730039600074658e+00
3.031116943745764569e+00
