1.629577052565491968e+01
1.574241913965533257e+01
1.570803007622894043e+01
1.620927279302035728e+01
1.611911139132296711e+01
1.628411778627410911e+01
1.639708507781038449e+01
1.646430782099868040e+01
1.577166237082998634e+01
1.629447271896027516e+01
1.637589007985371481e+01
1.683309719184133613e+01
1.624328547268959255e+01
1.641995262901738073e+01
1.646238211389564654e+01
1.702376772692114670e+01
1.746312084992809588e+01
1.755051777440721850e+01
1.719427362106727131e+01
1.664133951364333086e+01
1.804424622628085473e+01
1.689517619957485195e+01
1.712364665776530970e+01
1.726279178662524316e+01
1.761383968165422687e+01
1.830893142011934316e+01
1.764866072062422120e+01
1.795675937744172046e+01
1.775853268762035952e+01
1.760291510573103579e+01
1.830077090311502275e+01
1.892395417608179997e+01
1.885181441759604226e+01
1.850286529377400413e+01
1.839789911527651256e+01
1.885811232164100559e+01
1.850376644825165329e+01
1.791372724439643349e+01
1.946192035984890722e+01
1.834666200871938457e+01
1.820330636791036483e+01
1.860480122394580604e+01
1.918562007194531205e+01
1.920188910640353441e+01
1.968951877337802614e+01
2.006279721765101343e+01
1.952143562916329245e+01
1.963343628985402489e+01
1.915087680460974440e+01
2.072233232567947780e+01
2.142318646880427835e+01
2.103411284065636977e+01
2.052955538627400855e+01
1.975733948768605686e+01
1.964403980349347734e+01
2.038906792750108110e+01
2.177164301212404851e+01
2.166696465146758044e+01
1.981151195903927587e+01
2.120574152365330534e+01
2.146919576141570829e+01
2.135284653575527258e+01
2.024863129175423992e+01
2.031586843436395995e+01
2.041362336861752169e+01
2.298658974276771971e+01
2.244882147256858573e+01
2.281595555344156878e+01
2.195398664154008372e+01
2.305003466373371168e+01
2.294727916506927201e+01
2.314304247669702264e+01
2.142900826881177068e+01
2.248464844013722441e+01
2.156505822696198749e+01
2.293193804492491594e+01
2.408099145635025806e+01
2.252760619226429739e+01
2.187027719970488349e+01
2.318650569717954113e+01
2.317376963527211231e+01
2.404451235101915429e+01
2.240856002909123390e+01
2.261195981693561663e+01
2.528657377512002569e+01
2.454370502481231497e+01
2.432515038189118073e+01
2.379846587248722045e+01
2.496296811159073670e+01
2.600176611081211675e+01
2.372238052427018928e+01
2.475825063228926126e+01
2.387350894622606035e+01
2.479379727423301816e+01
2.498065129598215606e+01
2.528807224874676507e+01
2.592912429913312877e+01
2.458932659204388571e+01
2.569274492451246061e+01
2.377987976176778062e+01
2.649826832694645162e+01
2.874440726640985133e+01
2.686518478275257493e+01
2.696615149781699472e+01
2.792540683190096473e+01
2.936301249708998995e+01
2.844441222210260278e+01
2.794117805512678387e+01
3.120044563322071340e+01
2.954055406739111689e+01
3.048194520076518543e+01
2.563809289428313676e+01
3.317671921051218220e+01
3.228691313836952759e+01
3.044740312206130994e+01
1.395708552338184028e+01
3.337627569999931154e+01
3.292457908866449401e+01
2.577847082219925667e+01
3.049060090576192650e+01
3.193234779209345930e+01
1.353486558639789550e+01
3.132433245884383055e+01
6.287539491634138500e+00
1.744630799757930362e+01
1.567093922035063702e+00
1.136312558022624053e+01
1.639884920915123345e+01
2.065424689781747869e+00
1.628640950936744858e+01
4.016072011018585464e+00
5.536304506405381964e+00
1.074574811639451788e+01
8.271357713811514856e+00
2.094026634350126059e+01
3.201767976116086878e+00
1.631885908413013908e+01
1.340085983583507723e+00
9.533456991026859839e+00
2.211655799059739191e+00
4.398255003161625432e+00
1.333378990110505979e+00
1.112416413503374635e+01
3.596940321440909583e-01
1.463285742454573857e+01
5.456146375779341362e+00
4.312582665817734195e+00
6.305182816360484388e+00
5.885530245273818961e-01
5.222377563345894647e-01
8.283073403346314922e-01
1.034051484596318238e+00
4.857169690228083092e-01
6.254832355451691583e-01
4.664262267766657311e-01
1.949238278192453322e+00
2.310297168939968948e+00
4.781768517397009810e-01
5.500765980393077514e-01
1.500693035366422734e+00
1.073358784736356153e+00
3.751845890038880138e-01
2.383431140372215540e-01
3.503459536207393366e-01
7.375042052243708790e-01
1.213343137731838217e+00
3.570955238720945335e-01
6.263645004583079379e-01
5.430669599583468621e-01
2.522024356374520604e+00
9.341846553494612682e-01
3.422520080660193531e-01
1.250632053146198297e+00
4.473096755682290371e-01
1.806745078407437033e+00
1.110114558917018490e+00
4.651710615561196471e-01
3.651839581813791091e-01
6.636605894609587386e-01
3.816166348573597489e-01
1.744472175061681085e+01
3.596877192709487803e-01
4.156038014163986882e-01
1.276394974992899112e+00
2.726923531575053961e-01
5.756324542494488661e-01
4.790151764648720722e-01
4.377949150770886755e-01
5.703851860724432621e-01
3.404601499087613337e-01
5.448998023011081271e-01
5.166981495727267060e+00
4.189579001633894073e-01
5.464307450734284810e-01
6.082650992199528650e-01
3.923063962166569718e-01
3.211379843894434094e-01
4.010267602656510944e-01
2.720829055608988689e-01
3.047251615600247154e-01
