1.334205251756740651e+01
1.385794031602689458e+01
1.360774701094174688e+01
1.317322161185414409e+01
1.399082822542148463e+01
1.438158001533330221e+01
1.347930172102141810e+01
1.435158014207897637e+01
1.403919386212083431e+01
1.452910320530273047e+01
1.393557872375983386e+01
1.442595533911345740e+01
1.447880722987496327e+01
1.424123652965273301e+01
1.438434929377442018e+01
1.415414445233067831e+01
1.464543512505883172e+01
1.410489028964689062e+01
1.443833695518414117e+01
1.423594443183712244e+01
1.575011079961011617e+01
1.463870176469313478e+01
1.510231138118616556e+01
1.507972277157399077e+01
1.473412857390187369e+01
1.531601395364213936e+01
1.488869750111213008e+01
1.564765677884737727e+01
1.469692440783320109e+01
1.509380793089407291e+01
1.549159364907663949e+01
1.541816368127117265e+01
1.676512284765697203e+01
1.450774469602554007e+01
1.550409444828273919e+01
1.564031632105260350e+01
1.638738304229550735e+01
1.627448560977713754e+01
1.529304642739733389e+01
1.590365350319872384e+01
1.654066908575179440e+01
1.687255703097718040e+01
1.617746455700561015e+01
1.613742818699644133e+01
1.650995340594682048e+01
1.649171054763504785e+01
1.623306517882806332e+01
1.666219197283902886e+01
1.598588818589583127e+01
1.587465986643123372e+01
1.687093099106654037e+01
1.751464962887992272e+01
1.615437170338544348e+01
1.698488755129793049e+01
1.655046462099987892e+01
1.765862218355936264e+01
1.636002062685154712e+01
1.673423350667042797e+01
1.631090267877601718e+01
1.755861619511731675e+01
1.723074194393745984e+01
1.688021235624082550e+01
1.667731763446001736e+01
1.683103919506253021e+01
1.766021600809365211e+01
1.790337614214255169e+01
1.817087633611001252e+01
1.775905902221094834e+01
1.896992398614685627e+01
1.722404674284052817e+01
1.768346219404180175e+01
1.799290386912293727e+01
1.832834291362969736e+01
2.019131405772089494e+01
1.727008479833331123e+01
1.713899564599983094e+01
1.938616385088903016e+01
1.851946392437758604e+01
1.867288226327063327e+01
1.864260510084555023e+01
1.866765580395907520e+01
1.877218494137185800e+01
1.889991165422633301e+01
1.893409600801438586e+01
1.851367330309533799e+01
1.873643924271493333e+01
1.981682860097393828e+01
1.900626650862042055e+01
1.850922175882641341e+01
1.932774501865030814e+01
1.837548360731519992e+01
2.071910212497997250e+01
2.052217424238348542e+01
2.120731473937521727e+01
1.975949747176713345e+01
2.101611195064622706e+01
2.016824352618430183e+01
2.042151492670302204e+01
1.988837424235620688e+01
1.958523083269403386e+01
2.259872310081129854e+01
2.089837337265055695e+01
2.231991678030904680e+01
2.143141544974971779e+01
2.248618769860812705e+01
2.269505613304946223e+01
2.299242079080873680e+01
2.219253113099382801e+01
2.423128356747104561e+01
2.381116784071427261e+01
2.351532653752927615e+01
2.689275065655666808e+01
2.284683368321451624e+01
2.331582431518844345e+01
2.453021470035269047e+01
2.420239243967282761e+01
9.333643086675559530e+00
2.388155832029609726e+01
2.498498465772068400e+01
2.461913611216579412e+01
2.606817220002938029e+01
2.525347839145610251e+01
2.642420683171280515e+01
2.549492995577548271e+01
1.117150097139248999e+01
8.063341016045063370e+00
2.342669105819766884e+01
2.548385815750032890e+01
2.644217364088139988e+01
2.715294804339597690e+01
2.189794657738973527e+01
6.707101161536522582e+00
2.681242639432824504e+01
8.428334048334356510e+00
2.636680301360878076e+01
2.521392043665134963e+01
2.585917967135780771e+01
6.888977943137970072e+00
4.998649770209107501e+00
8.260973938648037418e+00
9.016802738747385249e+00
7.920690732630167652e+00
2.959797154117569917e+01
7.252374296223876193e+00
7.855086968161039351e+00
4.685888396630708108e+00
1.640303571741711508e+01
1.082613880056344158e+01
4.767392296796473694e+00
1.140100768533998910e+01
3.091960825897893006e+00
7.529452979073734120e+00
4.017883180605070215e-01
4.368784331628771334e+00
7.388145087760605634e+00
4.968088956137418855e+00
9.769004202771332857e+00
4.153240749270617371e+00
9.550563102440097207e-01
7.395879551235955418e+00
1.267945829539348201e+00
2.933515657862222792e+00
5.334331426268908771e+00
2.657223829771982460e-01
1.246450009770342815e+00
8.168334240754441256e-01
1.256065950325846003e+01
1.651242415627800719e+00
4.144590828702273133e-01
6.642579734193892804e+00
1.137877968917051286e+00
7.943656528709979625e+00
5.753260080504115637e-01
6.267758813612745783e+00
3.624464010541542103e-01
1.944299478792794300e+00
4.030940559746650997e+00
3.140345898595811036e+00
6.658579831225971191e+00
6.812661554699793731e-01
3.251270108206167020e+00
4.357918879790558253e-01
1.654713994641656138e-01
4.593715232873293863e-01
5.965313403561095518e-01
2.481322199845651943e-01
3.913154102698666037e+00
3.594766374022307698e+00
8.194658906785504016e+00
5.135358858942419502e+00
5.881314412165790095e-01
5.625167699664331833e-01
4.270344351150966444e-01
2.697258536491710768e+00
1.286765407198745770e+00
2.635336032567872633e-01
3.761060685202149423e-01
6.550589275761931063e-01
7.009540512528169565e-01
4.293037232735121833e-01
