9.437604622861480053e+00
9.302283650701909323e+00
9.844154829785244587e+00
9.940947512424109789e+00
9.699409842876693943e+00
9.419594055985962555e+00
9.383887531717704178e+00
9.984016029347895227e+00
9.693401123513456952e+00
9.330427670555421216e+00
9.591355148210659820e+00
1.044485168207970283e+01
1.011096074115237364e+01
9.839194480057992465e+00
9.843994786882007020e+00
9.866669442894378861e+00
9.487523348546826440e+00
9.517643676515364248e+00
1.009752885293913138e+01
9.904606890807155395e+00
9.923287318805275703e+00
1.081097392188142514e+01
1.012744644613080247e+01
9.590888766557352341e+00
9.823357470770490707e+00
9.933804362311088099e+00
1.011318070581894979e+01
1.063976115841528625e+01
1.037674480311612868e+01
1.016284414028423022e+01
9.989797025195981561e+00
9.958831416170280448e+00
1.047204009457425578e+01
1.091842923279863697e+01
1.092991939889594200e+01
1.055108467050087029e+01
1.086257647843175533e+01
1.046626098453022280e+01
9.627831411424425667e+00
1.098752716647225469e+01
1.097818818740069169e+01
1.023536260210720883e+01
1.013361898469956301e+01
1.027817309292804993e+01
1.086641184120094827e+01
1.039145446553024676e+01
1.079049976886959428e+01
1.089684226075428697e+01
1.062282541755473098e+01
1.087385482270973469e+01
1.043330262390329821e+01
1.039062499880316537e+01
1.065758217577376676e+01
1.101521560988051540e+01
1.046941422692008139e+01
1.074192711127786204e+01
1.075245133887453797e+01
1.087173719960602192e+01
1.083508860972083276e+01
1.090887538974442350e+01
1.068709778642300456e+01
1.056793303560344555e+01
1.122846049164515136e+01
1.066861672917138826e+01
1.122742556267531988e+01
1.149233972620096011e+01
1.111900234984640079e+01
1.072397209205569268e+01
1.085305339946432035e+01
1.111605146182977144e+01
1.178155611748073461e+01
1.096572652143621340e+01
1.047445523756435293e+01
1.136749577541048062e+01
1.178564641747556863e+01
1.215813072076287327e+01
1.105190758628877035e+01
1.243754613806489573e+01
1.115687869326453807e+01
1.122303374973635570e+01
1.201749871283999660e+01
1.120362554338449002e+01
1.109903019101729882e+01
1.159274999129218209e+01
1.216497601324991251e+01
1.206480613942174607e+01
1.096961567547460703e+01
1.214294766567729944e+01
1.228500524327181154e+01
1.121674956737893503e+01
1.176434963251417720e+01
1.198109165922555697e+01
1.238401939193131263e+01
1.179634872894028241e+01
1.162780187345955341e+01
1.198809866101230703e+01
1.206600518909939979e+01
1.134562161505284550e+01
1.168518818332422171e+01
1.305226249893546964e+01
1.385439060922926835e+01
1.135541918143849571e+01
1.267189350426784067e+01
1.289927405089102663e+01
1.233591776747014457e+01
1.290915706595982115e+01
1.268356488922884218e+01
1.158042069591489920e+01
1.184179074975108215e+01
1.313354905055778943e+01
1.312048173876884327e+01
1.267891089868487953e+01
1.284190076909056089e+01
1.252767837194766365e+01
1.195347192288534366e+01
1.297288163071375067e+01
1.208692941397639053e+01
1.355816952180933832e+01
1.392852384859328474e+01
1.448694345599497524e+01
1.382166622007001244e+01
1.385540900979491319e+01
1.387056439152400955e+01
1.392136935366039552e+01
1.377911129967673887e+01
1.379214255316556148e+01
1.419215243468226895e+01
1.405313943763187901e+01
1.278494519043635691e+01
1.366978546512458159e+01
1.496450470145203759e+01
1.321440107723214474e+01
1.351099542697291334e+01
1.377108480331279772e+01
1.419811016802003500e+01
1.322550842439152596e+01
1.464273765078987388e+01
1.503875881963437244e+01
1.461467937193033606e+01
1.463807521860765881e+01
1.434067136885214921e+01
1.356767009032416205e+01
1.426947816583665229e+01
1.552983394823744057e+01
1.471031765565631488e+01
1.511567245910732815e+01
1.461230938530786538e+01
1.530939459986580786e+01
1.364022020225549170e+01
1.384620677699361657e+01
1.426122456398273108e+01
1.522713064767254743e+01
1.388188392041695884e+01
1.360029877304271118e+01
1.371267579128836545e+01
1.334386572575693997e+01
1.462090517743597928e+01
1.257595832568844685e+01
1.410396448532265268e+01
1.505242630747991761e+01
1.442338755060641020e+01
1.348465679923552507e+01
1.407030008253911468e+01
7.853705484340240517e+00
1.492586545090631311e+01
1.561912369313450988e+01
1.349563050792029095e+01
1.578276444178904114e+01
1.526940400072924930e+01
1.502923656427591403e+01
1.440849580975432787e+01
1.444154056952503851e+01
8.280720881187539462e+00
1.481400494751467356e+01
1.469727447920455710e+01
1.394528819509704753e+01
1.492676737175748336e+01
1.401772610740061076e+01
1.357811195153351136e+01
1.131924431201872849e+01
1.497784378813228834e+01
1.401786721847625294e+01
1.439393569964012798e+01
1.514279813231879146e+01
1.458329045286716763e+01
5.276229817352501295e-01
1.306642603139064640e+01
1.432874444776900624e+01
1.169913382921233769e+01
1.141829276381212033e+01
9.748344473230202922e+00
1.457120928149270256e+01
6.006570706396444415e+00
1.484657944986770239e+01
8.664999234663385508e+00
1.381528156062278789e+01
4.892077404657323214e+00
1.312299078912566763e+01
2.738382464207460121e+00
2.054163407698098798e+00
