7.645667018990115471e-01
8.038350023963785063e-01
7.794979516984491541e-01
7.637836244847009404e-01
7.859577547108618223e-01
8.275793667444776291e-01
8.423644308127378189e-01
8.319149804131241721e-01
8.200044152172737411e-01
7.949086853252091966e-01
8.630932812172394941e-01
8.506258387749817684e-01
8.764981408380944083e-01
8.555514012784307676e-01
8.669156704810980774e-01
9.152595230730214970e-01
8.768134046253148739e-01
8.705395392777557362e-01
9.143178524977910726e-01
8.631197486735117108e-01
9.426914945328497275e-01
9.440003833917164355e-01
9.253059599615530706e-01
9.233928495648832113e-01
9.328206490318774469e-01
9.983565707493481378e-01
9.384382732107332536e-01
9.893405456147321697e-01
9.585742185181603814e-01
1.000028481248344869e+00
1.036842552816924945e+00
9.822148706251624395e-01
1.037264157213554583e+00
1.041097095038232334e+00
1.030089776773084775e+00
1.120640635340234503e+00
1.106789467889122802e+00
1.059090346127773641e+00
1.047060552825294977e+00
1.093021577441462000e+00
1.095321064154523238e+00
1.091531148853265742e+00
1.077879190173577584e+00
1.098439019826074059e+00
1.164490998603355587e+00
1.125996003109616117e+00
1.172854112057981846e+00
1.148374696725785737e+00
1.143283877022678530e+00
1.126605334980854467e+00
1.195331389126177868e+00
1.170055627984989188e+00
1.188118368903484656e+00
1.139247528390657571e+00
1.230955876434879803e+00
1.184404674747971731e+00
1.210235982386428155e+00
1.196630129930078112e+00
1.271739981770477534e+00
1.188177221619542534e+00
1.279886153568729812e+00
1.275643657081462656e+00
1.263866652474486818e+00
1.296436808416748354e+00
1.226079548481269654e+00
1.321174670388211680e+00
1.356588184576938971e+00
1.299988633692660711e+00
1.306293323654227567e+00
1.285516603129921442e+00
1.386970131161373576e+00
1.395554104990204047e+00
1.407063976530135374e+00
1.339159207304029930e+00
1.291501036200242369e+00
1.402220972838213564e+00
1.379121255826685655e+00
1.375917717253987149e+00
1.421005639108390728e+00
1.327634447867700684e+00
1.410033978143227396e+00
1.408379430371636376e+00
1.395850995830816510e+00
1.415812957299662278e+00
1.382785304237076796e+00
1.529080453242677162e+00
1.432678365793691899e+00
1.406690822106084537e+00
1.409945171937112107e+00
1.421721098329655097e+00
1.500958053721670904e+00
1.513878801599579216e+00
1.494023008109490069e+00
1.593839268754372984e+00
1.504023244306218254e+00
1.528671940271873364e+00
1.554066382331941831e+00
1.597900102772730868e+00
1.486411653728112903e+00
1.657463777254117199e+00
1.712448292947801765e+00
1.625643317450223169e+00
1.723798565760841228e+00
1.737678196988471591e+00
1.688358419396250198e+00
1.774904109693645982e+00
1.840942929172149078e+00
1.791592398834700228e+00
1.895081048754596820e+00
1.774264473114352869e+00
1.976719143201532303e+00
1.955857086971068526e+00
1.914173333673209632e+00
1.991057330608489773e+00
1.942989499307362422e+00
2.084360152159329793e+00
2.023948842209075227e+00
1.992749771385609714e+00
2.043300392578031310e+00
2.048998938491448207e+00
2.149141725516654944e+00
2.137010894668361694e+00
2.178430216077695381e+00
2.179465068498259051e+00
2.178183227923594867e+00
2.195907832984114183e+00
2.162007887703734976e+00
2.332022629285906756e+00
2.307287239424846703e+00
2.194605972842769592e+00
2.426396230914570129e+00
2.452833595994710070e+00
2.339089443923896727e+00
2.383601070328020377e+00
2.407219248058126038e+00
2.510079100248011841e+00
2.591173405686818754e+00
2.470629970191418945e+00
2.538311125515686051e+00
2.476547259990559802e+00
2.562057667365354341e+00
2.653074674756549900e+00
2.655267020269473477e+00
2.608296836829730125e+00
2.620470882761867681e+00
2.773848321183750798e+00
2.774820269272627371e+00
2.802847958625787061e+00
2.692286067471189259e+00
2.805411195504859290e+00
2.702614463852461402e+00
2.760302617859031749e+00
2.744918219066811549e+00
2.836095191071252408e+00
3.008485017553552243e+00
2.983691898070386372e+00
3.109321788463641489e+00
2.968575880190550631e+00
2.964846033518945934e+00
2.932762274267277647e+00
3.136497218069926429e+00
3.081861698020852636e+00
3.031122234408303306e+00
3.007740419454690617e+00
3.111172109883829862e+00
3.172606051202701227e+00
3.190973176496365582e+00
3.176791896308956087e+00
3.194383716889285019e+00
3.193452424649786625e+00
3.261542784243165016e+00
3.237594952653191083e+00
3.382574037693376834e+00
3.357138055646220920e+00
3.454831782188921618e+00
3.357696329393315970e+00
3.284151510020095532e+00
3.360674234895130397e+00
3.435858610100366750e+00
3.371699176305926748e+00
3.509696914291701386e+00
3.712631138404934195e+00
3.691503633105771787e+00
3.694594329434107483e+00
3.474131878459435718e+00
3.618598527769592454e+00
3.719192774398868639e+00
3.771097050921753624e+00
3.825718596743769240e+00
3.484557663414443507e+00
3.839933825808166112e+00
3.801209138978280944e+00
3.935193323031876300e+00
3.764767497042036393e+00
3.831783469544433274e+00
3.989800155832904593e+00
3.808055553829181150e+00
3.729664684473755099e+00
3.908081661044976673e+00
3.772993442882845105e+00
