1.479969346431777133e+00
1.464273575648014303e+00
1.497145997837603160e+00
1.462199348407938526e+00
1.501936087768573458e+00
1.575825100476882179e+00
1.543749664687370515e+00
1.543546237877724714e+00
1.590670850539549042e+00
1.562698338696501432e+00
1.635848316816931103e+00
1.633363868187150514e+00
1.631192285003508990e+00
1.615306533717248083e+00
1.624709993800073526e+00
1.694104076093230216e+00
1.706295603946700989e+00
1.732407788823769001e+00
1.700377983162649320e+00
1.718786257538765794e+00
1.829130868094631657e+00
1.798655817240895294e+00
1.808636125891178503e+00
1.753166022207418795e+00
1.811753098812976193e+00
1.904609889844865123e+00
1.900515892356198666e+00
1.864144935147266313e+00
1.910276022011508257e+00
1.881301241420740622e+00
1.965625106815433787e+00
1.940036353344009701e+00
1.932782582348599343e+00
1.915973283887169476e+00
1.947452299581239332e+00
2.065576840428094307e+00
2.018224770889618824e+00
2.014047277997022434e+00
2.059751404054527502e+00
2.015420285928872790e+00
2.088715618206582914e+00
2.123121157541665749e+00
2.131355313038655996e+00
2.078517736606635413e+00
2.124166287464132719e+00
2.181851836794062471e+00
2.170423570266757807e+00
2.186950521605249609e+00
2.199704032446256452e+00
2.204704214668078865e+00
2.294809583289524113e+00
2.293194904472332762e+00
2.244741202371172140e+00
2.246937152733414766e+00
2.244728421763559467e+00
2.346414443242009540e+00
2.332584901835033531e+00
2.339118977512554487e+00
2.323016414569792243e+00
2.379895200236086694e+00
2.419425734558670715e+00
2.461331267382181665e+00
2.414747562959959737e+00
2.425787898598356307e+00
2.419104405633452526e+00
2.533524983819049226e+00
2.488084217322882985e+00
2.480155200795940651e+00
2.475662332775219188e+00
2.517954272458272857e+00
2.595936443720608278e+00
2.603866083544879029e+00
2.575378703182015006e+00
2.534164202835217150e+00
2.656894482780796984e+00
2.659497472099836557e+00
2.597479251820978163e+00
2.626544110920172592e+00
2.661092001249719452e+00
2.669724207706438257e+00
2.710883815442162614e+00
2.763667902402537901e+00
2.721931653182996236e+00
2.719179007102778378e+00
2.747726021066643209e+00
2.805932445027787381e+00
2.809788528711597788e+00
2.841144558509430151e+00
2.794128865067209588e+00
2.809205075209572300e+00
2.886045870958895865e+00
2.894250306468706402e+00
2.882274575703715591e+00
2.880753457280668783e+00
2.842510384383811317e+00
2.961665356737694932e+00
3.009784749191481978e+00
2.941266876138475705e+00
2.961039631024120933e+00
2.930169672555771765e+00
3.232804766120224382e+00
3.234754337875998864e+00
3.197264911883528793e+00
3.314640421856461128e+00
3.315383880388357962e+00
3.454723826968066902e+00
3.437388514306273013e+00
3.503095262307629909e+00
3.512517149119325222e+00
3.514795707280559345e+00
3.702486392259850323e+00
3.698232856603793639e+00
3.661887359602253866e+00
3.739097351408684489e+00
3.704282402748106051e+00
3.920142070348837215e+00
3.961754251519304937e+00
3.874202052135480745e+00
3.970010017409731695e+00
3.921566523506646362e+00
4.129256966587959710e+00
4.150500414189767895e+00
4.132963951746970288e+00
4.175367814187493032e+00
4.124132657215030306e+00
4.368786346641874374e+00
4.373064842532266461e+00
4.392654768854968417e+00
4.365144890014943435e+00
4.374695162285146210e+00
4.623806639751233405e+00
4.543916584446589191e+00
4.545764271854895178e+00
4.490919417599640973e+00
4.601114857670011382e+00
4.716530954257297736e+00
4.828558012161904500e+00
4.796391723533220741e+00
4.894718252128461344e+00
4.779626904899306084e+00
4.935011401831770783e+00
4.928484149415486293e+00
5.053113427116529444e+00
4.961960073693992612e+00
4.992617844766815693e+00
5.197988578695148298e+00
5.387157748457913620e+00
5.217075773579327169e+00
5.308957265387903135e+00
5.163915953133346726e+00
5.425112931448769160e+00
5.495387944598733476e+00
5.490738714103598817e+00
5.517836581126655204e+00
5.426940080341907446e+00
5.734226460727368746e+00
5.559523353619223229e+00
5.684045979558137951e+00
5.646853309301782531e+00
5.645917421941085479e+00
6.061496035422370809e+00
5.807300597227691874e+00
5.825183619780680999e+00
5.846952337803002386e+00
6.027297660164099291e+00
6.180768221694587616e+00
6.094645576591038783e+00
6.248637033051386958e+00
6.124823464142100882e+00
6.038818876974456629e+00
6.211386672814577459e+00
6.334839874672873350e+00
6.310008376372249650e+00
6.233295830521728753e+00
6.346054619606268155e+00
6.474360762344672615e+00
6.584552075587136954e+00
6.715059176596556156e+00
6.436371856837417305e+00
6.421008734359349823e+00
6.753388944642379599e+00
6.681402841932893466e+00
6.741664718454631000e+00
6.851392838034752408e+00
6.677696006501699699e+00
7.011885555811327109e+00
6.963903733709675414e+00
6.961461569623589085e+00
7.071499564025522488e+00
6.911250562675221865e+00
7.340576462930457957e+00
7.084424842937683486e+00
7.280873804984216768e+00
7.216792358172313016e+00
7.320222099431148877e+00
7.369453428490319702e+00
7.537694268401456732e+00
7.446621478911402470e+00
7.409725726922055777e+00
7.358737564375144480e+00
