7.152978043090286064e+01
7.237280527894445470e+01
7.316069021276081230e+01
7.395795427863795624e+01
7.459036044883177397e+01
7.522777093821100891e+01
7.595640017815620126e+01
7.638892708634189432e+01
7.692068893618750280e+01
7.682217685480199520e+01
7.634721926425498850e+01
7.685119972538477384e+01
7.602376376761905874e+01
7.585833772410065023e+01
7.299968457473519834e+01
7.204591818214385057e+01
6.659056635886602749e+01
6.309482574402648680e+01
5.646116203068900319e+01
5.076007786106965369e+01
