9.299274894954323578e-01
3.039313517003464860e+00
3.405451000082016400e+00
2.514812140093511506e+00
2.545976578180400018e+00
5.404896799794643769e+00
3.531631520385479117e+00
8.097071445209371277e+00
1.024147533395115417e+01
1.066211846115441730e+01
1.124603774488405961e+01
1.554482778512342911e+01
1.776514793432101058e+01
1.895187788844048526e+01
2.388958737494828810e+01
2.767384519073544524e+01
3.138176991669054061e+01
3.496604717804881801e+01
3.814094970741626867e+01
3.971373703229699714e+01
