3.551282946733405055e+01
3.719012018827184818e+01
3.886803814629114839e+01
4.097875549962211039e+01
4.270156569890107789e+01
4.315453162909852125e+01
3.985525895619466041e+01
3.404957522061092590e+01
2.840289600080328825e+01
2.443070938565340811e+01
1.927896399119997639e+01
1.691739235480592640e+01
1.435428367638612457e+01
1.303431040013774656e+01
1.315730355501155380e+01
1.147858167860686507e+01
1.038527855119957444e+01
8.267935004057154202e+00
7.708677771400894052e+00
6.451311857212090217e+00
