3.231709810086028867e+00
2.965717344391525678e+00
4.410375926825234494e+00
5.060882260086536633e+00
4.916691776290667448e+00
5.343431773794784512e+00
5.195597281900355746e+00
5.144850552636082597e+00
5.090069128116133435e+00
4.786373170908439612e+00
4.612692083085045525e+00
3.684062941171839078e+00
3.006797336651620967e+00
2.400719968225460299e+00
1.982317669329165977e+00
1.174245704648471778e+00
9.236206716841858233e-01
1.171099310221195955e+00
4.903167145721881726e-01
9.569231141164864507e-01
