1.317960649439979592e+00
1.352610776856856489e+00
1.399884605351604971e+00
1.874731897521036084e+00
1.630456890017025318e+00
5.029356037670724255e+00
1.091491791128431821e+01
1.279278498653529894e+01
1.244347394537536822e+01
1.125169165366042989e+01
9.306662002777466469e+00
8.187208667014873598e+00
9.256172249240952610e+00
8.162028388003012225e+00
9.526645305142872999e+00
8.770560109593892761e+00
8.763146712720127240e+00
7.745879365866469968e+00
8.550094094768882158e+00
6.374309778366402668e+00
