1.273073838897803345e+00
1.259901390220413919e+00
1.329272203448921053e+00
3.957829066537472240e+00
4.854173236030915994e+00
6.509912658262606122e+00
1.023600570471880999e+01
1.161812411385077226e+01
1.019190934745218691e+01
9.117885534557508720e+00
6.940279566908176712e+00
6.758281234211691135e+00
7.226237639562685722e+00
5.356710282353128072e+00
6.144744959433228182e+00
5.699814537040190032e+00
6.244255029737398210e+00
6.901389380106256688e+00
4.946895178595963394e+00
6.209982578532110331e+00
