9.390026775542734683e+00
9.514002826656632550e+00
9.677058483268210054e+00
9.810874044467142951e+00
9.973982919363805877e+00
1.005118547781237126e+01
1.021062405970426390e+01
1.039263143730113370e+01
1.050961263255744349e+01
1.059143569684078656e+01
1.071186927347123330e+01
1.085809686613678871e+01
1.107557629153631673e+01
1.120593040343699265e+01
1.125676349631647710e+01
1.145804448652151919e+01
1.151513257438314319e+01
1.160720867540708845e+01
1.188698522658934031e+01
1.186037984177766091e+01
1.232382627782741125e+01
1.286403215695953151e+01
1.305323056585021568e+01
1.339880986138064323e+01
1.360740809669816009e+01
1.377695424734765162e+01
1.415383392727430056e+01
1.436676526890679817e+01
1.423424939868122507e+01
1.438008749440525591e+01
1.431365682145789009e+01
1.411330558529764012e+01
1.418237726017038014e+01
1.359606143583264704e+01
1.273302709452436865e+01
1.249601879681000938e+01
1.135807286231762880e+01
9.090687212774541948e+00
8.024790672780955703e+00
7.772819077927195508e+00
