4.243561164769578653e+01
4.645649147705467641e+01
5.148276169304438810e+01
5.653746191571060820e+01
6.202868256769031063e+01
6.558009766766606674e+01
5.219763056843396498e+01
3.368790919414183804e+01
2.536517528759112849e+01
2.610557398936079565e+01
2.303328041647754887e+01
1.473184014482998805e+01
1.633472223821734204e+01
9.589597838879971192e+00
6.600665380539249227e+00
6.168130173257749149e+00
4.217502179916012395e+00
2.943281659744667600e+00
2.546981729325582755e+00
2.405179900348292765e+00
2.267280504841901134e+00
2.129164535835886163e+00
2.312286601789716567e+00
2.290840129930567848e+00
2.231589166054213536e+00
2.249738348700185853e+00
2.337720140527876911e+00
2.236068665770087893e+00
2.223416034655075091e+00
2.296310625149141416e+00
2.338865474374595799e+00
2.296022772087996877e+00
2.292717665830326101e+00
2.412956163274718513e+00
2.266228730463596186e+00
2.202620534014252840e+00
2.316377354099243391e+00
2.298328942970799815e+00
2.226969507603423271e+00
2.276867825418011915e+00
