1.365345154872136746e+01
1.404788991318383218e+01
1.431000787763555060e+01
1.465980682175854355e+01
1.477830383308839224e+01
1.507736538687084504e+01
1.561577896863125758e+01
1.594360107015295469e+01
1.609997124366087817e+01
1.652690576392496169e+01
1.663152713331218990e+01
1.715777797160994567e+01
1.743256931448905434e+01
1.774480109029316210e+01
1.820195002204472345e+01
1.849488188780834719e+01
1.890237871761634736e+01
1.933155354425742090e+01
1.984726283734385177e+01
2.003705872689685563e+01
2.170410322826129956e+01
2.258717822328713254e+01
2.381865911926637835e+01
2.468200890059082298e+01
2.471390338632837924e+01
2.467302960101430642e+01
2.111359625692123387e+01
1.613098767362433961e+01
1.140288821341349745e+01
5.501815860082313492e+00
4.345288806642036761e+00
3.886955793938531301e+00
3.579636654064730195e+00
3.922376012063063300e+00
3.727980389574040654e+00
2.967983311057776241e+00
2.421608005881481951e+00
1.691253284174189186e+00
1.810553597672320381e+00
1.673174645890470824e+00
