1.586190080329402186e+01
1.627205321272780836e+01
1.662161387173319937e+01
1.709948899334475314e+01
1.741766079892131813e+01
1.779440507491706569e+01
1.833567675326481705e+01
1.878543250570562506e+01
1.923685588464570273e+01
1.977000622945817909e+01
2.040219886120051029e+01
2.079024974704444517e+01
2.109239044139794217e+01
2.182081436119548457e+01
2.222040736178315612e+01
2.288342508278611120e+01
2.357982742980063762e+01
2.410846442472067608e+01
2.469999812641842851e+01
2.519467984403486938e+01
2.772687712365937429e+01
2.911549296938266806e+01
2.927324362168964100e+01
2.407623981961261350e+01
1.600275274879188458e+01
1.041884241633780306e+01
8.562424131709287067e+00
6.974213303592940782e+00
5.341497294742316271e+00
4.360657784375425727e+00
3.345472848100552898e+00
1.509835657231643147e+00
3.653248214205685240e+00
2.358879673084429918e+00
2.489250169475460073e+00
9.982549020017607022e-01
1.131715509242327666e+00
1.662978594739559002e+00
1.027573836099861859e+00
1.432253704060848065e+00
