3.764482176619130538e-01
4.816315996761891260e-01
3.805127634485083732e-01
4.219014982195656849e-01
5.054199300464629063e-01
5.584312993415684323e-01
4.011198911990828675e-01
4.573599620658870823e-01
5.879428956218740732e-01
6.309503941716974040e-01
6.296272159453006889e-01
5.208137606000082798e-01
6.662358967637727059e-01
7.063308260410002815e-01
8.725251366577294609e-01
9.199353777985255221e-01
6.671972790145441756e-01
1.065128244113312972e+00
1.102067323317642344e+00
8.531983211974857317e-01
5.617431886478839509e+00
1.202660088505619740e+01
7.370404574313213608e+00
6.695359685558954332e+00
6.325515460188042560e+00
7.367158062580720923e+00
4.607674712862326771e+00
5.042630892349716731e+00
4.425860018679977692e+00
3.268488347443851083e+00
3.093339352845684509e+00
1.250283329997111892e+00
1.729000360456727226e+00
7.248357547203090334e-01
3.705820520540803020e+00
3.225888107060014942e+00
1.931042533687324259e+00
1.775679565410447081e-01
4.212554393140292563e-01
3.657804147743498380e+00
