8.498856710983003770e-01
9.498490309986610258e-01
9.270981382780806301e-01
1.347652353134787706e+00
2.903690155529709660e+00
6.360251827223740051e+00
1.211611301783420735e+01
1.124231778733319587e+01
1.110193402498832782e+01
1.382287247828171672e+01
1.281531423533659009e+01
1.060882733013630919e+01
1.282909605471875025e+01
9.220133908659169819e+00
7.011094858864791668e+00
7.953525158309806109e+00
4.741260977952512334e+00
2.171077154767856232e+00
9.611433490384092559e-01
5.010522051068796445e-01
2.394010543129247992e-01
2.868151814473850481e-01
2.574803914355650036e-01
3.574745382124030479e-01
2.127859878999527610e-01
2.770750353548328548e-01
2.987682563065331420e-01
2.759840960522436659e-01
2.753259913885893750e-01
2.392635171406131966e-01
2.087447810813766458e-01
1.879185307058205967e-01
2.972881046517374393e-01
3.678721681743372662e-01
2.522431728298177855e-01
2.324176911823021552e-01
2.787845970359826286e-01
2.518047573834191755e-01
2.406297303240988450e-01
1.843374096911422066e-01
