5.465450574198099076e+01
5.537197552346061258e+01
5.606231087779663369e+01
5.663770082200873190e+01
5.728902600286776448e+01
5.800471288605928777e+01
5.855943404722578549e+01
5.917970103206818777e+01
5.983044178522209933e+01
6.005068726311856153e+01
6.058066410415366931e+01
6.101606509639236720e+01
6.069883585022517281e+01
6.000727358977478332e+01
5.995957242355004269e+01
5.983346166362596108e+01
5.885131652791954338e+01
5.778610870558893708e+01
5.280250510036608347e+01
5.066458812633798203e+01
