4.680448227320893295e+01
4.755890781215530438e+01
4.807762930394564904e+01
4.877391092357205338e+01
4.930491836280766904e+01
4.989938963510357439e+01
5.063313498749867847e+01
5.126218627537697614e+01
5.171935309775834355e+01
5.212668414193320388e+01
5.248252381424486401e+01
5.282186599009995120e+01
5.285624236366211193e+01
5.290577473406758457e+01
5.216672391674339337e+01
5.275003038847375336e+01
4.995902228578787430e+01
4.963154437117478324e+01
4.672264938770363329e+01
4.445978728458708673e+01
