8.000000000000000167e-02
8.078947368421052211e-02
8.157894736842105643e-02
8.236842105263157687e-02
8.315789473684211119e-02
8.394736842105263164e-02
8.473684210526316596e-02
8.552631578947368640e-02
8.631578947368420685e-02
8.710526315789474117e-02
8.789473684210526161e-02
8.868421052631579593e-02
8.947368421052631637e-02
9.026315789473685069e-02
9.105263157894737114e-02
9.184210526315789158e-02
9.263157894736842590e-02
9.342105263157894635e-02
9.421052631578948067e-02
9.500000000000000111e-02
