9.939728369816056563e-01
1.109018722208137131e+00
1.578498641012316961e+00
1.322732366051651010e+00
1.590551345039770359e+00
1.828201473580502778e+00
1.590413469058210350e+00
2.549937931581453654e+00
2.921888757570024975e+00
4.350749510507308848e+00
6.274047425695164826e+00
6.838713761187694473e+00
8.119702608925926768e+00
9.755934933643203522e+00
1.295847559943798721e+01
1.399447190833851629e+01
1.605789364476688874e+01
1.816924364926283886e+01
2.008928619548412442e+01
2.311518239056376700e+01
