1.091144958070733528e+00
1.091158604944716615e+00
1.103282242341998343e+00
2.043204154271529127e+00
1.910297843067910950e+00
1.369459504889224855e+00
2.398932847538508994e+00
2.049117408637910920e+00
2.555128613805341953e+00
4.507250237264102566e+00
4.239208190290028710e+00
5.085708720029439078e+00
7.895309281654423472e+00
1.027852038756355668e+01
1.049237589786840807e+01
1.178792001241327014e+01
1.373054475046291145e+01
1.568893147864673665e+01
1.907407005550236079e+01
2.064860549476241403e+01
