1.009576201300098175e+00
1.036397310846919106e+00
1.094395066434195707e+00
1.084375484182581229e+00
1.168627987621053244e+00
1.253985239878364633e+00
1.246581016177051859e+00
1.370431091601956863e+00
1.363467074683670344e+00
1.478804055848598642e+00
1.673695379872615296e+00
1.932618192278150904e+00
1.884961132783482984e+00
2.327145731271965889e+00
2.516285249182709904e+00
2.672463347987791948e+00
2.930904135878486194e+00
3.295585101353132540e+00
3.603733328481743659e+00
3.950886652750195349e+00
