1.072970069792399839e+00
1.132573727475225001e+00
1.153512057676391533e+00
1.165484228202192885e+00
1.412026250603815258e+00
2.459424798539942891e+00
1.503997482123093477e+00
1.336016671228718700e+00
2.284254690327184090e+00
2.958499852526652596e+00
3.820769675483888239e+00
5.149713878561724023e+00
7.130105473270305083e+00
7.623487909191520195e+00
9.991776741661754002e+00
9.583876649164201567e+00
1.367020855112595434e+01
1.411736600797299346e+01
1.661385820358961851e+01
1.795818922021365793e+01
